,SimNum,Iteration,Period,Fidelity,Agent,X,Y,XMax,YMax,VarMax,Var0,XCentroid,YCentroid,ProbExplore,Explore
0,0,0,0,M,0,0.7397948184903982,0.02122857396790423,1.0,0.02122857396790423,0.0463338658877701,0.08118295458386696,0.7940077193492953,0.20558454726945247,0.0,0.0
1,0,0,0,M,1,0.2480925748268793,0.6054124859719119,0.0,0.6054124859719119,0.04633386588777007,0.08118295458386696,0.26367619860384056,0.78071878801728,0.0,0.0
2,0,0,0,M,2,0.1297083261123343,0.02407896165029011,0.0,0.02407896165029011,0.046333865887770116,0.08118295458386696,0.22367830981761716,0.14224768790137185,0.0,0.0
3,0,0,0,M,3,0.34966981377307693,0.45653991982595543,1.0,0.45653991982595543,0.04633386588777013,0.08118295458386696,0.5532723406532433,0.4920598708521227,0.0,0.0
4,0,1,0,M,0,0.5,0.0,1.0,0.0,0.04600922759942433,0.08118295458386696,0.8345892050030227,0.23796561882298572,1.0,1.0
5,0,1,0,M,1,0.0,0.5,0.0,0.5,0.046009227599424316,0.08118295458386696,0.28988901975560794,0.8170301633536465,1.0,1.0
6,0,1,0,M,2,0.24,0.24,0.0,0.24,0.0424171708799812,0.08118295458386696,0.2367134678934173,0.22502789010145838,1.0,1.0
7,0,1,0,M,3,0.76,0.76,1.0,0.76,0.042413481483899694,0.08118295458386696,0.65187870278608,0.6050951883799467,1.0,1.0
8,0,2,0,M,0,0.76,0.24,1.0,0.24,0.04239389809738385,0.08118295458386696,0.8939962737417534,0.22537523987991126,1.0,1.0
9,0,2,0,M,1,0.24,0.76,0.0,0.76,0.04239389809738382,0.08118295458386696,0.2897539732449691,0.8819243268781848,1.0,1.0
10,0,2,0,M,2,0.0,0.0,0.42,0.0,0.03060493248500281,0.08118295458386696,0.2029454017916243,0.20287715860333347,1.0,1.0
11,0,2,0,M,3,1.0,1.0,1.0,1.0,0.03853260615630801,0.08118295458386696,0.772721271552288,0.7495973867876111,1.0,1.0
12,0,3,0,M,0,1.0,0.5,1.0,0.5,0.04217864479863931,0.08118295458386696,0.8974071769540587,0.1131939234714433,1.0,1.0
13,0,3,0,M,1,0.5,1.0,0.0,1.0,0.04217864479863929,0.08118295458386696,0.1413455224101039,0.8949195111078441,1.0,1.0
14,0,3,0,M,2,0.2029454017916243,0.20287715860333347,0.24,0.20287715860333347,0.017670023773031382,0.08118295458386696,0.1914743658153289,0.19168644189831432,0.0,0.0
15,0,3,0,M,3,0.5,0.5,1.0,0.5,0.017670023773031396,0.08118295458386696,0.8139570599609799,0.8086266735874423,1.0,1.0
16,0,4,0,M,0,1.0,0.0,0.76,0.0,0.0176692224802677,0.08118295458386696,0.714220534963844,0.29193672790593017,1.0,1.0
17,0,4,0,M,1,0.0,1.0,0.0,1.0,0.0176692224802677,0.08118295458386696,0.31239289208472204,0.7210088158649486,1.0,1.0
18,0,4,0,M,2,0.1914743658153289,0.19168644189831432,0.24,0.19168644189831432,0.0176692224802677,0.08118295458386696,0.19602845598645133,0.1957525463155073,0.0,0.0
19,0,4,0,M,3,0.8139570599609799,0.8086266735874423,1.0,0.8086266735874423,0.0176692224802677,0.08118295458386696,0.8056724734549822,0.8042016021370045,0.0,0.0
20,0,5,0,M,0,0.714220534963844,0.29193672790593017,0.76,0.29193672790593017,0.0176692224802677,0.08118295458386696,0.6498765468666132,0.3569531255373323,0.0,0.0
21,0,5,0,M,1,0.31239289208472204,0.7210088158649486,0.0,0.7210088158649486,0.0176692224802677,0.08118295458386696,0.37736898094194943,0.6622598639820335,0.0,0.0
22,0,5,0,M,2,0.19602845598645133,0.1957525463155073,0.24,0.1957525463155073,0.0176692224802677,0.08118295458386696,0.18291298981215282,0.18398601552907884,0.0,0.0
23,0,5,0,M,3,0.8056724734549822,0.8042016021370045,1.0,0.8042016021370045,0.0176692224802677,0.08118295458386696,0.8195968988092719,0.8178968716423312,0.0,0.0
24,0,6,0,M,0,0.6498765468666132,0.3569531255373323,0.76,0.3569531255373323,0.0176692224802677,0.08118295458386696,0.6293612657084752,0.3787726892845446,0.0,0.0
25,0,6,0,M,1,0.37736898094194943,0.6622598639820335,0.0,0.6622598639820335,0.0176692224802677,0.08118295458386696,0.4026564467773976,0.6515420385550399,0.0,0.0
26,0,6,0,M,2,0.18291298981215282,0.18398601552907884,0.24,0.18398601552907884,0.0176692224802677,0.08118295458386696,0.17714296533427887,0.17908789217130947,0.0,0.0
27,0,6,0,M,3,0.8195968988092719,0.8178968716423312,1.0,0.8178968716423312,0.0176692224802677,0.08118295458386696,0.8267354906396808,0.8244683340802497,0.0,0.0
28,0,7,0,M,0,0.6293612657084752,0.3787726892845446,0.76,0.3787726892845446,0.0176692224802677,0.08118295458386696,0.6227061043053639,0.3831606024850724,0.0,0.0
29,0,7,0,M,1,0.4026564467773976,0.6515420385550399,0.0,0.6515420385550399,0.0176692224802677,0.08118295458386696,0.4204742724635402,0.6600997355969802,0.0,0.0
30,0,7,0,M,2,0.17714296533427887,0.17908789217130947,0.24,0.17908789217130947,0.0176692224802677,0.08118295458386696,0.17600671070009685,0.1785950455331929,0.0,0.0
31,0,7,0,M,3,0.8267354906396808,0.8244683340802497,1.0,0.8244683340802497,0.0176692224802677,0.08118295458386696,0.8299411470828315,0.8265173505613631,0.0,0.0
32,0,8,1,M,0,0.6227061043053639,0.3831606024850724,0.76,0.3831606024850724,0.0176692224802677,0.08118295458386696,0.6170595893856953,0.380990338809816,0.0,0.0
33,0,8,1,M,1,0.4204742724635402,0.6600997355969802,0.0,0.6600997355969802,0.0176692224802677,0.08118295458386696,0.4398015159842683,0.6743894216607184,0.0,0.0
34,0,8,1,M,2,0.17600671070009685,0.1785950455331929,0.24,0.1785950455331929,0.0176692224802677,0.08118295458386696,0.17556095364794158,0.1794136165885829,0.0,0.0
35,0,8,1,M,3,0.8299411470828315,0.8265173505613631,1.0,0.8265173505613631,0.0176692224802677,0.08118295458386696,0.8326061625174427,0.8269574988898132,0.0,0.0
36,0,9,1,M,0,0.5,0.24,0.76,0.24,0.01692126949316393,0.08118295458386696,0.6275046908243778,0.39624042728370684,1.0,1.0
37,0,9,1,M,1,0.5,0.76,0.24,0.76,0.016921269493163943,0.08118295458386696,0.4623706281116303,0.6879000615930833,1.0,1.0
38,0,9,1,M,2,0.0,0.24,0.26,0.24,0.015599372370125916,0.08118295458386696,0.16438631650566773,0.18673160497783114,1.0,1.0
39,0,9,1,M,3,1.0,0.76,0.74,0.76,0.01559937237012593,0.08118295458386696,0.8449480093168477,0.8208575494428356,1.0,1.0
40,0,10,1,M,0,0.76,0.0,1.0,0.0,0.014730476326274444,0.08118295458386696,0.617163817894694,0.4669893494030554,1.0,1.0
41,0,10,1,M,1,0.24,1.0,0.0,1.0,0.01473047632627443,0.08118295458386696,0.5354731059696473,0.6986899348834698,1.0,1.0
42,0,10,1,M,2,0.24,0.0,0.24,0.0,0.011141633911859003,0.08118295458386696,0.1694086412025733,0.17771003558640092,1.0,1.0
43,0,10,1,M,3,0.76,1.0,0.8,1.0,0.008548689510877769,0.08118295458386696,0.8448388057015104,0.8313020823619502,1.0,1.0
44,0,11,1,M,0,1.0,0.24,0.74,0.24,0.009898720028426775,0.08118295458386696,0.6501705919795242,0.49949806056728785,1.0,1.0
45,0,11,1,M,1,0.0,0.76,0.26,0.76,0.009767776803029982,0.08118295458386696,0.5831937386512036,0.7491046087469461,1.0,1.0
46,0,11,1,M,2,0.1694086412025733,0.17771003558640092,0.26,0.17771003558640092,0.009898720028426733,0.08118295458386696,0.17197877976568288,0.17909152884665586,0.0,0.0
47,0,11,1,M,3,0.8448388057015104,0.8313020823619502,0.8200000000000001,0.8313020823619502,0.00623601747392194,0.08118295458386696,0.8543489526295648,0.8374750618283784,0.0,0.0
48,0,12,1,M,0,0.74,0.5,0.3,0.5,0.007522815529716759,0.08118295458386696,0.6561937494504138,0.5405026797487297,1.0,1.0
49,0,12,1,M,1,0.5831937386512036,0.7491046087469461,0.28,0.7491046087469461,0.007823873329087738,0.08118295458386696,0.6165337739129032,0.7931902826817959,0.0,0.0
50,0,12,1,M,2,0.17197877976568288,0.17909152884665586,0.24,0.17909152884665586,0.008770704206193067,0.08118295458386696,0.17455445639764508,0.1840814886654409,0.0,0.0
51,0,12,1,M,3,0.8543489526295648,0.8374750618283784,0.88,0.8374750618283784,0.002678698180338543,0.08118295458386696,0.8679089584323378,0.8431709210399283,0.0,0.0
52,0,13,1,M,0,0.6561937494504138,0.5405026797487297,0.3,0.5405026797487297,0.007522815529716759,0.08118295458386696,0.6736803803700472,0.572269066379577,0.0,0.0
53,0,13,1,M,1,0.6165337739129032,0.7931902826817959,0.22,0.7931902826817959,0.005180372684331538,0.08118295458386696,0.6502024882535303,0.8320003954473378,0.0,0.0
54,0,13,1,M,2,0.17455445639764508,0.1840814886654409,0.24,0.1840814886654409,0.008770704206193067,0.08118295458386696,0.1755579323247282,0.1858920514995405,0.0,0.0
55,0,13,1,M,3,0.8679089584323378,0.8431709210399283,0.88,0.8431709210399283,0.002678698180338543,0.08118295458386696,0.8814535578122111,0.8439959847763567,0.0,0.0
56,0,14,1,M,0,0.6736803803700472,0.572269066379577,0.3,0.572269066379577,0.007291818581938378,0.08118295458386696,0.6953210740985565,0.5999634889938368,0.0,0.0
57,0,14,1,M,1,0.6502024882535303,0.8320003954473378,0.12,0.8320003954473378,0.0026653622503722413,0.08118295458386696,0.6771632997417424,0.8593609637917011,0.0,0.0
58,0,14,1,M,2,0.1755579323247282,0.1858920514995405,0.24,0.1858920514995405,0.008770704206193067,0.08118295458386696,0.17629178425709763,0.18778609212585673,0.0,0.0
59,0,14,1,M,3,0.8814535578122111,0.8439959847763567,0.88,0.8439959847763567,0.0026289441080112746,0.08118295458386696,0.8949058816593375,0.8440578928299785,0.0,0.0
60,0,15,1,M,0,0.6953210740985565,0.5999634889938368,0.32,0.5999634889938368,0.00659329482737761,0.08118295458386696,0.7169686914425584,0.6200492004632174,0.0,0.0
61,0,15,1,M,1,0.6771632997417424,0.8593609637917011,0.12,0.8593609637917011,0.0026653622503722413,0.08118295458386696,0.6952272247736314,0.8756162839038247,0.0,0.0
62,0,15,1,M,2,0.17629178425709763,0.18778609212585673,0.24,0.18778609212585673,0.008770704206193067,0.08118295458386696,0.17702785084414638,0.1895471308748546,0.0,0.0
63,0,15,1,M,3,0.8949058816593375,0.8440578928299785,0.9,0.8440578928299785,0.002582287844725986,0.08118295458386696,0.9045209967386912,0.8449389022139709,0.0,0.0
64,0,16,1,M,0,0.7169686914425584,0.6200492004632174,0.32,0.6200492004632174,0.005880766377704905,0.08118295458386696,0.737436434885033,0.6360614148189371,0.0,0.0
65,0,16,1,M,1,0.6952272247736314,0.8756162839038247,0.12,0.8756162839038247,0.0026653622503722413,0.08118295458386696,0.706244805903971,0.886846976090426,0.0,0.0
66,0,16,1,M,2,0.17702785084414638,0.1895471308748546,0.24,0.1895471308748546,0.008770704206193067,0.08118295458386696,0.1776627334391565,0.1909212349072283,0.0,0.0
67,0,16,1,M,3,0.9045209967386912,0.8449389022139709,0.88,0.8449389022139709,0.0025259986608815316,0.08118295458386696,0.9114581231556501,0.8474371503282713,0.0,0.0
68,0,17,1,M,0,0.737436434885033,0.6360614148189371,0.32,0.6360614148189371,0.005333451450956053,0.08118295458386696,0.7543024972040414,0.6474061191764751,0.0,0.0
69,0,17,1,M,1,0.706244805903971,0.886846976090426,0.12,0.886846976090426,0.0026653622503722413,0.08118295458386696,0.7115071895265301,0.8929371948093677,0.0,0.0
70,0,17,1,M,2,0.1776627334391565,0.1909212349072283,0.24,0.1909212349072283,0.008770704206193067,0.08118295458386696,0.17827553087501616,0.19208690458516772,0.0,0.0
71,0,17,1,M,3,0.9114581231556501,0.8474371503282713,0.88,0.8474371503282713,0.0025259986608815316,0.08118295458386696,0.9157282502020355,0.8512633506860101,0.0,0.0
72,0,18,1,M,0,0.7543024972040414,0.6474061191764751,0.34,0.6474061191764751,0.005276504527425632,0.08118295458386696,0.7674408563795069,0.6529716243747434,0.0,0.0
73,0,18,1,M,1,0.7115071895265301,0.8929371948093677,0.12,0.8929371948093677,0.0026653622503722413,0.08118295458386696,0.7134169167492758,0.893721179806333,0.0,0.0
74,0,18,1,M,2,0.17827553087501616,0.19208690458516772,0.24,0.19208690458516772,0.008770704206193067,0.08118295458386696,0.17857113275883216,0.1927213928542537,0.0,0.0
75,0,18,1,M,3,0.9157282502020355,0.8512633506860101,0.88,0.8512633506860101,0.0025259986608815316,0.08118295458386696,0.9179135526157589,0.8570851181280328,0.0,0.0
76,0,19,1,M,0,0.7674408563795069,0.6529716243747434,0.34,0.6529716243747434,0.004876607339244193,0.08118295458386696,0.7797794654770969,0.6567547050434501,0.0,0.0
77,0,19,1,M,1,0.7134169167492758,0.893721179806333,0.12,0.893721179806333,0.0026653622503722413,0.08118295458386696,0.7136355153188709,0.8923358994704287,0.0,0.0
78,0,19,1,M,2,0.17857113275883216,0.1927213928542537,0.24,0.1927213928542537,0.008770704206193067,0.08118295458386696,0.17881446294521475,0.1932100474035224,0.0,0.0
79,0,19,1,M,3,0.9179135526157589,0.8570851181280328,0.88,0.8570851181280328,0.0025259986608815316,0.08118295458386696,0.9199590564249849,0.8623708034673638,0.0,0.0
80,0,20,1,M,0,0.7797794654770969,0.6567547050434501,0.36,0.6567547050434501,0.004572580134767468,0.08118295458386696,0.7899714308356136,0.6585242820918732,0.0,0.0
81,0,20,1,M,1,0.7136355153188709,0.8923358994704287,0.32,0.8923358994704287,0.003150357277351773,0.08118295458386696,0.7121229784464733,0.8908114977155148,0.0,0.0
82,0,20,1,M,2,0.17881446294521475,0.1932100474035224,0.24,0.1932100474035224,0.008770704206193067,0.08118295458386696,0.17900699929579067,0.19350956475817888,0.0,0.0
83,0,20,1,M,3,0.9199590564249849,0.8623708034673638,0.88,0.8623708034673638,0.0025259986608815316,0.08118295458386696,0.9199057373706573,0.8667226108840321,0.0,0.0
84,0,21,1,M,0,0.7899714308356136,0.6585242820918732,0.34,0.6585242820918732,0.004367131113860834,0.08118295458386696,0.7998755952317145,0.6604450080732771,0.0,0.0
85,0,21,1,M,1,0.7121229784464733,0.8908114977155148,0.32,0.8908114977155148,0.0039291036865259366,0.08118295458386696,0.7092023451936942,0.888224083366966,0.0,0.0
86,0,21,1,M,2,0.17900699929579067,0.19350956475817888,0.24,0.19350956475817888,0.008770704206193067,0.08118295458386696,0.17909856139946775,0.1936510019337947,0.0,0.0
87,0,21,1,M,3,0.9199057373706573,0.8667226108840321,0.88,0.8667226108840321,0.0025259986608815316,0.08118295458386696,0.9193652734394134,0.8714392835678794,0.0,0.0
88,0,22,1,M,0,0.7998755952317145,0.6604450080732771,0.36,0.6604450080732771,0.004320870902035381,0.08118295458386696,0.8083412421736075,0.66265038195923,0.0,0.0
89,0,22,1,M,1,0.7092023451936942,0.888224083366966,0.36,0.888224083366966,0.003963123718015771,0.08118295458386696,0.7052371576389601,0.8853708540187976,0.0,0.0
90,0,22,1,M,2,0.17909856139946775,0.1936510019337947,0.24,0.1936510019337947,0.008770704206193067,0.08118295458386696,0.17919822238103889,0.1937545727756869,0.0,0.0
91,0,22,1,M,3,0.9193652734394134,0.8714392835678794,0.88,0.8714392835678794,0.0025259986608815316,0.08118295458386696,0.9176850950754304,0.8763141140006376,0.0,0.0
92,0,23,1,M,0,0.8083412421736075,0.66265038195923,0.4,0.66265038195923,0.00302656840160552,0.08118295458386696,0.8168413175978382,0.6646828263368931,0.0,0.0
93,0,23,1,M,1,0.7052371576389601,0.8853708540187976,0.34,0.8853708540187976,0.004367131113860834,0.08118295458386696,0.6996635307631099,0.8786275109293717,0.0,0.0
94,0,23,1,M,2,0.17919822238103889,0.1937545727756869,0.24,0.1937545727756869,0.008770704206193067,0.08118295458386696,0.17933898778200286,0.1938527162389618,0.0,0.0
95,0,23,1,M,3,0.9176850950754304,0.8763141140006376,0.88,0.8763141140006376,0.0025259986608815316,0.08118295458386696,0.915955581520913,0.8816708582550781,0.0,0.0
96,0,24,2,M,0,0.8168413175978382,0.6646828263368931,0.88,0.6646828263368931,0.0026786981803385568,0.08118295458386696,0.8254895557157967,0.6653488606005381,0.0,0.0
97,0,24,2,M,1,0.6996635307631099,0.8786275109293717,0.34,0.8786275109293717,0.004367131113860834,0.08118295458386696,0.6974064546808812,0.8748387178134763,0.0,0.0
98,0,24,2,M,2,0.17933898778200286,0.1938527162389618,0.24,0.1938527162389618,0.008770704206193067,0.08118295458386696,0.1793945147201236,0.19378652150775275,0.0,0.0
99,0,24,2,M,3,0.915955581520913,0.8816708582550781,0.88,0.8816708582550781,0.0025259986608815316,0.08118295458386696,0.9149595698813286,0.8843180944274108,0.0,0.0
100,0,25,2,M,0,0.8254895557157967,0.6653488606005381,0.88,0.6653488606005381,0.0026502074375587686,0.08118295458386696,0.8292532257212658,0.6654447358415495,0.0,0.0
101,0,25,2,M,1,0.6974064546808812,0.8748387178134763,0.12,0.8748387178134763,0.0025382337372636954,0.08118295458386696,0.6935194000852906,0.8752267085242467,0.0,0.0
102,0,25,2,M,2,0.24,0.5,0.12,0.5,0.0025382337372637093,0.08118295458386696,0.17682080631705174,0.17698387963232518,1.0,1.0
103,0,25,2,M,3,0.9149595698813286,0.8843180944274108,0.88,0.8843180944274108,0.002521861674917053,0.08118295458386696,0.9144213068595605,0.8869287222080744,0.0,0.0
104,0,26,2,M,0,0.8292532257212658,0.6654447358415495,0.88,0.6654447358415495,0.0026502074375587686,0.08118295458386696,0.8317763864188426,0.6668652726322706,0.0,0.0
105,0,26,2,M,1,0.6935194000852906,0.8752267085242467,0.12,0.8752267085242467,0.0025382337372636954,0.08118295458386696,0.6896042431003644,0.8708994011243507,0.0,0.0
106,0,26,2,M,2,0.17682080631705174,0.17698387963232518,0.12,0.17698387963232518,0.0025382337372637093,0.08118295458386696,0.1767815545154725,0.17675150230797074,0.0,0.0
107,0,26,2,M,3,0.9144213068595605,0.8869287222080744,0.88,0.8869287222080744,0.002521861674917053,0.08118295458386696,0.9120305590332561,0.8905840895496435,0.0,0.0
108,0,27,2,M,0,0.8317763864188426,0.6668652726322706,0.88,0.6668652726322706,0.0026502074375587686,0.08118295458386696,0.8345902229249299,0.6678476843242325,0.0,0.0
109,0,27,2,M,1,0.6896042431003644,0.8708994011243507,0.12,0.8708994011243507,0.0025382337372636954,0.08118295458386696,0.6855329503622949,0.8678218475069739,0.0,0.0
110,0,27,2,M,2,0.1767815545154725,0.17675150230797074,0.12,0.17675150230797074,0.0025382337372637093,0.08118295458386696,0.17681086802490045,0.17677833665631382,0.0,0.0
111,0,27,2,M,3,0.9120305590332561,0.8905840895496435,0.88,0.8905840895496435,0.002521861674917053,0.08118295458386696,0.9094930738952642,0.8920956983275857,0.0,0.0
112,0,28,2,M,0,0.8345902229249299,0.6678476843242325,0.88,0.6678476843242325,0.0026502074375587686,0.08118295458386696,0.8379682743759869,0.6683031193739855,0.0,0.0
113,0,28,2,M,1,0.6855329503622949,0.8678218475069739,0.12,0.8678218475069739,0.0025382337372636954,0.08118295458386696,0.6827502494954717,0.865760046616028,0.0,0.0
114,0,28,2,M,2,0.17681086802490045,0.17677833665631382,0.12,0.17677833665631382,0.0025382337372637093,0.08118295458386696,0.17685117123911323,0.17673193297879589,0.0,0.0
115,0,28,2,M,3,0.9094930738952642,0.8920956983275857,0.88,0.8920956983275857,0.002521861674917053,0.08118295458386696,0.9075051117676676,0.8926675816456571,0.0,0.0
116,0,29,2,M,0,0.8379682743759869,0.6683031193739855,0.88,0.6683031193739855,0.0026502074375587686,0.08118295458386696,0.840891314193663,0.6687912828165998,0.0,0.0
117,0,29,2,M,1,0.6827502494954717,0.865760046616028,0.12,0.865760046616028,0.0025382337372636954,0.08118295458386696,0.6812833834158678,0.8645247397367029,0.0,0.0
118,0,29,2,M,2,0.17685117123911323,0.17673193297879589,0.12,0.17673193297879589,0.0025382337372637093,0.08118295458386696,0.17685330581813039,0.17671542383234834,0.0,0.0
119,0,29,2,M,3,0.9075051117676676,0.8926675816456571,0.88,0.8926675816456571,0.002521861674917053,0.08118295458386696,0.9062317753240564,0.8931715961064997,0.0,0.0
120,0,30,2,M,0,0.840891314193663,0.6687912828165998,0.88,0.6687912828165998,0.0026502074375587686,0.08118295458386696,0.8427695412865142,0.6698970082992854,0.0,0.0
121,0,30,2,M,1,0.6812833834158678,0.8645247397367029,0.12,0.8645247397367029,0.0025382337372636954,0.08118295458386696,0.6800956824155927,0.8625666005938192,0.0,0.0
122,0,30,2,M,2,0.17685330581813039,0.17671542383234834,0.12,0.17671542383234834,0.0025382337372637093,0.08118295458386696,0.17689403150143948,0.17675756631165643,0.0,0.0
123,0,30,2,M,3,0.9062317753240564,0.8931715961064997,0.88,0.8931715961064997,0.002521861674917053,0.08118295458386696,0.9051862695436277,0.8947346984903176,0.0,0.0
124,0,31,2,M,0,0.8427695412865142,0.6698970082992854,0.88,0.6698970082992854,0.0026502074375587686,0.08118295458386696,0.8441702263606171,0.6709155902165876,0.0,0.0
125,0,31,2,M,1,0.6800956824155927,0.8625666005938192,0.12,0.8625666005938192,0.0025382337372636954,0.08118295458386696,0.6788864343259661,0.8604363912043638,0.0,0.0
126,0,31,2,M,2,0.17689403150143948,0.17675756631165643,0.12,0.17675756631165643,0.0025382337372637093,0.08118295458386696,0.17687523377531406,0.1767355627326566,0.0,0.0
127,0,31,2,M,3,0.9051862695436277,0.8947346984903176,0.88,0.8947346984903176,0.002521861674917053,0.08118295458386696,0.9045191257222441,0.8960955757749502,0.0,0.0
128,0,32,2,M,0,0.8441702263606171,0.6709155902165876,0.88,0.6709155902165876,0.0026502074375587686,0.08118295458386696,0.8464829377447788,0.671801954412723,0.0,0.0
129,0,32,2,M,1,0.6788864343259661,0.8604363912043638,0.12,0.8604363912043638,0.0025382337372636954,0.08118295458386696,0.6775857231836834,0.8582156198114109,0.0,0.0
130,0,32,2,M,2,0.17687523377531406,0.1767355627326566,0.12,0.1767355627326566,0.0025382337372637093,0.08118295458386696,0.17686606623063178,0.17670818188402074,0.0,0.0
131,0,32,2,M,3,0.9045191257222441,0.8960955757749502,0.88,0.8960955757749502,0.002521861674917053,0.08118295458386696,0.903312791539016,0.897404300196028,0.0,0.0
132,0,33,2,M,0,0.8464829377447788,0.671801954412723,0.88,0.671801954412723,0.0026502074375587686,0.08118295458386696,0.8474700845262804,0.6721031648772668,0.0,0.0
133,0,33,2,M,1,0.6775857231836834,0.8582156198114109,0.12,0.8582156198114109,0.0025382337372636954,0.08118295458386696,0.6762878951409028,0.8565623424545559,0.0,0.0
134,0,33,2,M,2,0.17686606623063178,0.17670818188402074,0.12,0.17670818188402074,0.0025382337372637093,0.08118295458386696,0.17690289930258463,0.17672804942872616,0.0,0.0
135,0,33,2,M,3,0.903312791539016,0.897404300196028,0.88,0.897404300196028,0.002521861674917053,0.08118295458386696,0.9024661601774251,0.8976967504347492,0.0,0.0
136,0,34,2,M,0,0.8474700845262804,0.6721031648772668,0.88,0.6721031648772668,0.0026502074375587686,0.08118295458386696,0.8480969371346149,0.6723046079448597,0.0,0.0
137,0,34,2,M,1,0.6762878951409028,0.8565623424545559,0.12,0.8565623424545559,0.0025382337372636954,0.08118295458386696,0.6748776715668435,0.8563354807210333,0.0,0.0
138,0,34,2,M,2,0.17690289930258463,0.17672804942872616,0.12,0.17672804942872616,0.0025382337372637093,0.08118295458386696,0.1769051405535381,0.17674054455421462,0.0,0.0
139,0,34,2,M,3,0.9024661601774251,0.8976967504347492,0.88,0.8976967504347492,0.002521861674917053,0.08118295458386696,0.9017882659847388,0.8971827253574053,0.0,0.0
140,0,35,2,M,0,0.8480969371346149,0.6723046079448597,0.88,0.6723046079448597,0.0026502074375587686,0.08118295458386696,0.847823345569347,0.6735670400128467,0.0,0.0
141,0,35,2,M,1,0.6748776715668435,0.8563354807210333,0.12,0.8563354807210333,0.0025382337372636954,0.08118295458386696,0.6735641016079615,0.8566978336056543,0.0,0.0
142,0,35,2,M,2,0.1769051405535381,0.17674054455421462,0.12,0.17674054455421462,0.0025382337372637093,0.08118295458386696,0.17691307854609273,0.17672449186515704,0.0,0.0
143,0,35,2,M,3,0.9017882659847388,0.8971827253574053,0.88,0.8971827253574053,0.002521861674917053,0.08118295458386696,0.9017882659847389,0.8971827253574054,0.0,0.0
144,0,36,2,M,0,0.847823345569347,0.6735670400128467,0.88,0.6735670400128467,0.0026502074375587686,0.08118295458386696,0.847823345569347,0.6735670400128468,0.0,0.0
145,0,36,2,M,1,0.6735641016079615,0.8566978336056543,0.12,0.8566978336056543,0.0025382337372636954,0.08118295458386696,0.6735472318119081,0.8566942772539201,0.0,0.0
146,0,36,2,M,2,0.17691307854609273,0.17672449186515704,0.12,0.17672449186515704,0.0025382337372637093,0.08118295458386696,0.17691358012428154,0.17671952768615995,0.0,0.0
147,0,36,2,M,3,0.9017882659847389,0.8971827253574054,0.88,0.8971827253574054,0.002521861674917053,0.08118295458386696,0.9017882659847387,0.8971827253574052,0.0,0.0
148,0,37,2,M,0,0.847823345569347,0.6735670400128468,0.88,0.6735670400128468,0.0026502074375587686,0.08118295458386696,0.847823345569347,0.6735670400128467,0.0,0.0
149,0,37,2,M,1,0.6735472318119081,0.8566942772539201,0.12,0.8566942772539201,0.0025382337372636954,0.08118295458386696,0.6735472318119081,0.85669427725392,0.0,0.0
150,0,37,2,M,2,0.17691358012428154,0.17671952768615995,0.12,0.17671952768615995,0.0025382337372637093,0.08118295458386696,0.17691358012428154,0.17671952768615992,0.0,0.0
151,0,37,2,M,3,0.9017882659847387,0.8971827253574052,0.88,0.8971827253574052,0.002521861674917053,0.08118295458386696,0.9017882659847387,0.8971827253574052,0.0,0.0
152,0,38,2,M,0,0.847823345569347,0.6735670400128467,0.88,0.6735670400128467,0.0026502074375587686,0.08118295458386696,0.847823345569347,0.6735670400128467,0.0,0.0
153,0,38,2,M,1,0.6735472318119081,0.85669427725392,0.12,0.85669427725392,0.0025382337372636954,0.08118295458386696,0.6735472318119081,0.85669427725392,0.0,0.0
154,0,38,2,M,2,0.17691358012428154,0.17671952768615992,0.12,0.17671952768615992,0.0025382337372637093,0.08118295458386696,0.17691358012428154,0.17671952768615995,0.0,0.0
155,0,38,2,M,3,0.9017882659847387,0.8971827253574052,0.88,0.8971827253574052,0.002521861674917053,0.08118295458386696,0.9017882659847387,0.8971827253574052,0.0,0.0
156,0,39,2,M,0,0.847823345569347,0.6735670400128467,0.88,0.6735670400128467,0.0026502074375587686,0.08118295458386696,0.847823345569347,0.6735670400128467,0.0,0.0
157,0,39,2,M,1,0.6735472318119081,0.85669427725392,0.12,0.85669427725392,0.0025382337372636954,0.08118295458386696,0.6735472318119081,0.85669427725392,0.0,0.0
158,0,39,2,M,2,0.17691358012428154,0.17671952768615995,0.12,0.17671952768615995,0.0025382337372637093,0.08118295458386696,0.17691358012428154,0.17671952768615995,0.0,0.0
159,0,39,2,M,3,0.9017882659847387,0.8971827253574052,0.88,0.8971827253574052,0.002521861674917053,0.08118295458386696,0.9017882659847387,0.8971827253574052,0.0,0.0
160,0,40,2,M,0,0.847823345569347,0.6735670400128467,0.88,0.6735670400128467,0.0026502074375587686,0.08118295458386696,0.847823345569347,0.6735670400128467,0.0,0.0
161,0,40,2,M,1,0.6735472318119081,0.85669427725392,0.12,0.85669427725392,0.0025382337372636954,0.08118295458386696,0.6735472318119081,0.85669427725392,0.0,0.0
162,0,40,2,M,2,0.17691358012428154,0.17671952768615995,0.12,0.17671952768615995,0.0025382337372637093,0.08118295458386696,0.17691358012428154,0.17671952768615995,0.0,0.0
163,0,40,2,M,3,0.9017882659847387,0.8971827253574052,0.88,0.8971827253574052,0.002521861674917053,0.08118295458386696,0.9017882659847387,0.8971827253574052,0.0,0.0
164,0,41,2,M,0,0.847823345569347,0.6735670400128467,0.88,0.6735670400128467,0.0026502074375587686,0.08118295458386696,0.847823345569347,0.6735670400128467,0.0,0.0
165,0,41,2,M,1,0.6735472318119081,0.85669427725392,0.12,0.85669427725392,0.0025382337372636954,0.08118295458386696,0.6735472318119081,0.85669427725392,0.0,0.0
166,0,41,2,M,2,0.17691358012428154,0.17671952768615995,0.12,0.17671952768615995,0.0025382337372637093,0.08118295458386696,0.17691358012428154,0.17671952768615995,0.0,0.0
167,0,41,2,M,3,0.9017882659847387,0.8971827253574052,0.88,0.8971827253574052,0.002521861674917053,0.08118295458386696,0.9017882659847387,0.8971827253574052,0.0,0.0
168,0,42,2,M,0,0.847823345569347,0.6735670400128467,0.88,0.6735670400128467,0.0026502074375587686,0.08118295458386696,0.847823345569347,0.6735670400128467,0.0,0.0
169,0,42,2,M,1,0.6735472318119081,0.85669427725392,0.12,0.85669427725392,0.0025382337372636954,0.08118295458386696,0.6735472318119081,0.85669427725392,0.0,0.0
170,0,42,2,M,2,0.17691358012428154,0.17671952768615995,0.12,0.17671952768615995,0.0025382337372637093,0.08118295458386696,0.17691358012428154,0.17671952768615995,0.0,0.0
171,0,42,2,M,3,0.9017882659847387,0.8971827253574052,0.88,0.8971827253574052,0.002521861674917053,0.08118295458386696,0.9017882659847387,0.8971827253574052,0.0,0.0
172,0,43,2,M,0,0.847823345569347,0.6735670400128467,0.88,0.6735670400128467,0.0026502074375587686,0.08118295458386696,0.847823345569347,0.6735670400128467,0.0,0.0
173,0,43,2,M,1,0.6735472318119081,0.85669427725392,0.12,0.85669427725392,0.0025382337372636954,0.08118295458386696,0.6735472318119081,0.85669427725392,0.0,0.0
174,0,43,2,M,2,0.17691358012428154,0.17671952768615995,0.12,0.17671952768615995,0.0025382337372637093,0.08118295458386696,0.17691358012428154,0.17671952768615995,0.0,0.0
175,0,43,2,M,3,0.9017882659847387,0.8971827253574052,0.88,0.8971827253574052,0.002521861674917053,0.08118295458386696,0.9017882659847387,0.8971827253574052,0.0,0.0
176,0,44,2,M,0,0.847823345569347,0.6735670400128467,0.88,0.6735670400128467,0.0026502074375587686,0.08118295458386696,0.847823345569347,0.6735670400128467,0.0,0.0
177,0,44,2,M,1,0.6735472318119081,0.85669427725392,0.12,0.85669427725392,0.0025382337372636954,0.08118295458386696,0.6735472318119081,0.85669427725392,0.0,0.0
178,0,44,2,M,2,0.17691358012428154,0.17671952768615995,0.12,0.17671952768615995,0.0025382337372637093,0.08118295458386696,0.17691358012428154,0.17671952768615995,0.0,0.0
179,0,44,2,M,3,0.9017882659847387,0.8971827253574052,0.88,0.8971827253574052,0.002521861674917053,0.08118295458386696,0.9017882659847387,0.8971827253574052,0.0,0.0
180,0,45,2,M,0,0.847823345569347,0.6735670400128467,0.88,0.6735670400128467,0.0026502074375587686,0.08118295458386696,0.847823345569347,0.6735670400128467,0.0,0.0
181,0,45,2,M,1,0.6735472318119081,0.85669427725392,0.12,0.85669427725392,0.0025382337372636954,0.08118295458386696,0.6735472318119081,0.85669427725392,0.0,0.0
182,0,45,2,M,2,0.17691358012428154,0.17671952768615995,0.12,0.17671952768615995,0.0025382337372637093,0.08118295458386696,0.17691358012428154,0.17671952768615995,0.0,0.0
183,0,45,2,M,3,0.9017882659847387,0.8971827253574052,0.88,0.8971827253574052,0.002521861674917053,0.08118295458386696,0.9017882659847387,0.8971827253574052,0.0,0.0
184,0,46,2,M,0,0.847823345569347,0.6735670400128467,0.88,0.6735670400128467,0.0026502074375587686,0.08118295458386696,0.847823345569347,0.6735670400128467,0.0,0.0
185,0,46,2,M,1,0.6735472318119081,0.85669427725392,0.12,0.85669427725392,0.0025382337372636954,0.08118295458386696,0.6735472318119081,0.85669427725392,0.0,0.0
186,0,46,2,M,2,0.17691358012428154,0.17671952768615995,0.12,0.17671952768615995,0.0025382337372637093,0.08118295458386696,0.17691358012428154,0.17671952768615995,0.0,0.0
187,0,46,2,M,3,0.9017882659847387,0.8971827253574052,0.88,0.8971827253574052,0.002521861674917053,0.08118295458386696,0.9017882659847387,0.8971827253574052,0.0,0.0
188,0,47,2,M,0,0.847823345569347,0.6735670400128467,0.88,0.6735670400128467,0.0026502074375587686,0.08118295458386696,0.847823345569347,0.6735670400128467,0.0,0.0
189,0,47,2,M,1,0.6735472318119081,0.85669427725392,0.12,0.85669427725392,0.0025382337372636954,0.08118295458386696,0.6735472318119081,0.85669427725392,0.0,0.0
190,0,47,2,M,2,0.17691358012428154,0.17671952768615995,0.12,0.17671952768615995,0.0025382337372637093,0.08118295458386696,0.17691358012428154,0.17671952768615995,0.0,0.0
191,0,47,2,M,3,0.9017882659847387,0.8971827253574052,0.88,0.8971827253574052,0.002521861674917053,0.08118295458386696,0.9017882659847387,0.8971827253574052,0.0,0.0
192,0,48,2,M,0,0.847823345569347,0.6735670400128467,0.88,0.6735670400128467,0.0026502074375587686,0.08118295458386696,0.847823345569347,0.6735670400128467,0.0,0.0
193,0,48,2,M,1,0.6735472318119081,0.85669427725392,0.12,0.85669427725392,0.0025382337372636954,0.08118295458386696,0.6735472318119081,0.85669427725392,0.0,0.0
194,0,48,2,M,2,0.17691358012428154,0.17671952768615995,0.12,0.17671952768615995,0.0025382337372637093,0.08118295458386696,0.17691358012428154,0.17671952768615995,0.0,0.0
195,0,48,2,M,3,0.9017882659847387,0.8971827253574052,0.88,0.8971827253574052,0.002521861674917053,0.08118295458386696,0.9017882659847387,0.8971827253574052,0.0,0.0
196,0,49,2,M,0,0.847823345569347,0.6735670400128467,0.88,0.6735670400128467,0.0026502074375587686,0.08118295458386696,0.847823345569347,0.6735670400128467,0.0,0.0
197,0,49,2,M,1,0.6735472318119081,0.85669427725392,0.12,0.85669427725392,0.0025382337372636954,0.08118295458386696,0.6735472318119081,0.85669427725392,0.0,0.0
198,0,49,2,M,2,0.17691358012428154,0.17671952768615995,0.12,0.17671952768615995,0.0025382337372637093,0.08118295458386696,0.17691358012428154,0.17671952768615995,0.0,0.0
199,0,49,2,M,3,0.9017882659847387,0.8971827253574052,0.88,0.8971827253574052,0.002521861674917053,0.08118295458386696,0.9017882659847387,0.8971827253574052,0.0,0.0
200,0,50,2,M,0,0.847823345569347,0.6735670400128467,0.88,0.6735670400128467,0.0026502074375587686,0.08118295458386696,0.847823345569347,0.6735670400128467,0.0,0.0
201,0,50,2,M,1,0.6735472318119081,0.85669427725392,0.12,0.85669427725392,0.0025382337372636954,0.08118295458386696,0.6735472318119081,0.85669427725392,0.0,0.0
202,0,50,2,M,2,0.17691358012428154,0.17671952768615995,0.12,0.17671952768615995,0.0025382337372637093,0.08118295458386696,0.17691358012428154,0.17671952768615995,0.0,0.0
203,0,50,2,M,3,0.9017882659847387,0.8971827253574052,0.88,0.8971827253574052,0.002521861674917053,0.08118295458386696,0.9017882659847387,0.8971827253574052,0.0,0.0
204,0,51,2,M,0,0.847823345569347,0.6735670400128467,0.88,0.6735670400128467,0.0026502074375587686,0.08118295458386696,0.847823345569347,0.6735670400128467,0.0,0.0
205,0,51,2,M,1,0.6735472318119081,0.85669427725392,0.12,0.85669427725392,0.0025382337372636954,0.08118295458386696,0.6735472318119081,0.85669427725392,0.0,0.0
206,0,51,2,M,2,0.17691358012428154,0.17671952768615995,0.12,0.17671952768615995,0.0025382337372637093,0.08118295458386696,0.17691358012428154,0.17671952768615995,0.0,0.0
207,0,51,2,M,3,0.9017882659847387,0.8971827253574052,0.88,0.8971827253574052,0.002521861674917053,0.08118295458386696,0.9017882659847387,0.8971827253574052,0.0,0.0
208,0,52,2,M,0,0.847823345569347,0.6735670400128467,0.88,0.6735670400128467,0.0026502074375587686,0.08118295458386696,0.847823345569347,0.6735670400128467,0.0,0.0
209,0,52,2,M,1,0.6735472318119081,0.85669427725392,0.12,0.85669427725392,0.0025382337372636954,0.08118295458386696,0.6735472318119081,0.85669427725392,0.0,0.0
210,0,52,2,M,2,0.17691358012428154,0.17671952768615995,0.12,0.17671952768615995,0.0025382337372637093,0.08118295458386696,0.17691358012428154,0.17671952768615995,0.0,0.0
211,0,52,2,M,3,0.9017882659847387,0.8971827253574052,0.88,0.8971827253574052,0.002521861674917053,0.08118295458386696,0.9017882659847387,0.8971827253574052,0.0,0.0
212,0,53,2,M,0,0.847823345569347,0.6735670400128467,0.88,0.6735670400128467,0.0026502074375587686,0.08118295458386696,0.847823345569347,0.6735670400128467,0.0,0.0
213,0,53,2,M,1,0.6735472318119081,0.85669427725392,0.12,0.85669427725392,0.0025382337372636954,0.08118295458386696,0.6735472318119081,0.85669427725392,0.0,0.0
214,0,53,2,M,2,0.17691358012428154,0.17671952768615995,0.12,0.17671952768615995,0.0025382337372637093,0.08118295458386696,0.17691358012428154,0.17671952768615995,0.0,0.0
215,0,53,2,M,3,0.9017882659847387,0.8971827253574052,0.88,0.8971827253574052,0.002521861674917053,0.08118295458386696,0.9017882659847387,0.8971827253574052,0.0,0.0
216,0,54,2,M,0,0.847823345569347,0.6735670400128467,0.88,0.6735670400128467,0.0026502074375587686,0.08118295458386696,0.847823345569347,0.6735670400128467,0.0,0.0
217,0,54,2,M,1,0.6735472318119081,0.85669427725392,0.12,0.85669427725392,0.0025382337372636954,0.08118295458386696,0.6735472318119081,0.85669427725392,0.0,0.0
218,0,54,2,M,2,0.17691358012428154,0.17671952768615995,0.12,0.17671952768615995,0.0025382337372637093,0.08118295458386696,0.17691358012428154,0.17671952768615995,0.0,0.0
219,0,54,2,M,3,0.9017882659847387,0.8971827253574052,0.88,0.8971827253574052,0.002521861674917053,0.08118295458386696,0.9017882659847387,0.8971827253574052,0.0,0.0
220,0,55,2,M,0,0.847823345569347,0.6735670400128467,0.88,0.6735670400128467,0.0026502074375587686,0.08118295458386696,0.847823345569347,0.6735670400128467,0.0,0.0
221,0,55,2,M,1,0.6735472318119081,0.85669427725392,0.12,0.85669427725392,0.0025382337372636954,0.08118295458386696,0.6735472318119081,0.85669427725392,0.0,0.0
222,0,55,2,M,2,0.17691358012428154,0.17671952768615995,0.12,0.17671952768615995,0.0025382337372637093,0.08118295458386696,0.17691358012428154,0.17671952768615995,0.0,0.0
223,0,55,2,M,3,0.9017882659847387,0.8971827253574052,0.88,0.8971827253574052,0.002521861674917053,0.08118295458386696,0.9017882659847387,0.8971827253574052,0.0,0.0
224,0,56,3,M,0,0.847823345569347,0.6735670400128467,0.88,0.6735670400128467,0.0026502074375587686,0.08118295458386696,0.847823345569347,0.6735670400128467,0.0,0.0
225,0,56,3,M,1,0.6735472318119081,0.85669427725392,0.12,0.85669427725392,0.0025382337372636954,0.08118295458386696,0.6735472318119081,0.85669427725392,0.0,0.0
226,0,56,3,M,2,0.17691358012428154,0.17671952768615995,0.12,0.17671952768615995,0.0025382337372637093,0.08118295458386696,0.17691358012428154,0.17671952768615995,0.0,0.0
227,0,56,3,M,3,0.9017882659847387,0.8971827253574052,0.88,0.8971827253574052,0.002521861674917053,0.08118295458386696,0.9017882659847387,0.8971827253574052,0.0,0.0
228,0,57,3,M,0,0.9,0.1,0.9,0.1,0.0019415307546714472,0.08118295458386696,0.8583237905045868,0.6544881859471768,1.0,1.0
229,0,57,3,M,1,0.62,0.9,0.1,0.9,0.002284614274900648,0.08118295458386696,0.6687579806182696,0.8607475032124295,1.0,1.0
230,0,57,3,M,2,0.62,0.1,0.12,0.1,0.0023655958564139518,0.08118295458386696,0.18260335521374552,0.17185434504653013,1.0,1.0
231,0,57,3,M,3,0.9,0.9,1.0,0.9,0.0006423852948473086,0.08118295458386696,0.9004430281996865,0.8963613805118078,1.0,1.0
232,0,58,3,M,0,0.88,0.62,0.9,0.62,0.0018551568678978614,0.08118295458386696,0.8569237876743641,0.6456373719928508,1.0,1.0
233,0,58,3,M,1,0.36,0.9,0.1,0.9,0.0021217139114696887,0.08118295458386696,0.6876929020519251,0.8515888408478168,1.0,1.0
234,0,58,3,M,2,0.1,0.62,0.1,0.62,0.0022658011783890653,0.08118295458386696,0.17919079682478722,0.17748719880751215,1.0,1.0
235,0,58,3,M,3,0.9004430281996865,0.8963613805118078,1.0,0.8963613805118078,0.0005201491374467182,0.08118295458386696,0.8987410916295162,0.8945129945648448,0.0,0.0
236,0,59,3,M,0,0.88,0.38,0.62,0.38,0.0009313016358700466,0.08118295458386696,0.8610563784823368,0.638106663536621,1.0,1.0
237,0,59,3,M,1,0.12,0.9,0.38,0.9,0.0008199217702340167,0.08118295458386696,0.6617610649080344,0.852597888773897,1.0,1.0
238,0,59,3,M,2,0.1,0.38,0.1,0.38,0.0019758797464780042,0.08118295458386696,0.18151542464576798,0.17607768275908173,1.0,1.0
239,0,59,3,M,3,0.8987410916295162,0.8945129945648448,1.0,0.8945129945648448,0.0004926878841010618,0.08118295458386696,0.900557176895147,0.892537628156905,0.0,0.0
240,0,60,3,M,0,0.8610563784823368,0.638106663536621,0.62,0.638106663536621,0.0008609749662545768,0.08118295458386696,0.8521461829244493,0.6298356887600155,0.0,0.0
241,0,60,3,M,1,0.6617610649080344,0.852597888773897,0.38,0.852597888773897,0.0008037607415320447,0.08118295458386696,0.6440490371392356,0.8498482498944604,0.0,0.0
242,0,60,3,M,2,0.12,0.12,0.38,0.12,0.0017034794047305901,0.08118295458386696,0.16963219325965054,0.1676974293328395,1.0,1.0
243,0,60,3,M,3,0.900557176895147,0.892537628156905,1.0,0.892537628156905,0.0004925552048146153,0.08118295458386696,0.8960281333244783,0.8908276887115151,0.0,0.0
244,0,61,3,M,0,0.8521461829244493,0.6298356887600155,0.62,0.6298356887600155,0.0007614532063140028,0.08118295458386696,0.8467216025094528,0.6219591044689718,0.0,0.0
245,0,61,3,M,1,0.6440490371392356,0.8498482498944604,0.62,0.8498482498944604,0.0007649895292152625,0.08118295458386696,0.6352817875327066,0.8473100446646299,0.0,0.0
246,0,61,3,M,2,0.36,0.1,0.38,0.1,0.0007301614132776413,0.08118295458386696,0.16794603004859168,0.16835579240796406,1.0,1.0
247,0,61,3,M,3,0.8960281333244783,0.8908276887115151,1.0,0.8908276887115151,0.0004922988269058515,0.08118295458386696,0.8924123678228563,0.889038412000269,0.0,0.0
248,0,62,3,M,0,0.8467216025094528,0.6219591044689718,0.62,0.6219591044689718,0.0007614532063140028,0.08118295458386696,0.8443295148271842,0.6180300367734185,0.0,0.0
249,0,62,3,M,1,0.6352817875327066,0.8473100446646299,0.62,0.8473100446646299,0.0007649895292152625,0.08118295458386696,0.6286706199275107,0.8468306805535069,0.0,0.0
250,0,62,3,M,2,0.16794603004859168,0.16835579240796406,0.38,0.16835579240796406,0.0007301614132776413,0.08118295458386696,0.16762512426228315,0.16812066624753727,0.0,0.0
251,0,62,3,M,3,0.8924123678228563,0.889038412000269,1.0,0.889038412000269,0.0004922988269058515,0.08118295458386696,0.890197317776692,0.8870908466156461,0.0,0.0
252,0,63,3,M,0,0.8443295148271842,0.6180300367734185,0.64,0.6180300367734185,0.0007629358388119845,0.08118295458386696,0.8425985027210718,0.6150917578946808,0.0,0.0
253,0,63,3,M,1,0.6286706199275107,0.8468306805535069,0.62,0.8468306805535069,0.0007649895292152625,0.08118295458386696,0.6255674954103055,0.845305575127709,0.0,0.0
254,0,63,3,M,2,0.16762512426228315,0.16812066624753727,0.38,0.16812066624753727,0.0007301614132776413,0.08118295458386696,0.16760328764646396,0.16799180797981011,0.0,0.0
255,0,63,3,M,3,0.890197317776692,0.8870908466156461,1.0,0.8870908466156461,0.0004922988269058515,0.08118295458386696,0.8890297883858157,0.8862378753701623,0.0,0.0
256,0,64,3,M,0,0.8425985027210718,0.6150917578946808,0.64,0.6150917578946808,0.0007629358388119845,0.08118295458386696,0.8410634697978225,0.6110965709724926,0.0,0.0
257,0,64,3,M,1,0.6255674954103055,0.845305575127709,0.62,0.845305575127709,0.0007649895292152625,0.08118295458386696,0.6223549899981387,0.8434854672526702,0.0,0.0
258,0,64,3,M,2,0.16760328764646396,0.16799180797981011,0.38,0.16799180797981011,0.0007301614132776413,0.08118295458386696,0.16733271250986267,0.16779390420123336,0.0,0.0
259,0,64,3,M,3,0.8890297883858157,0.8862378753701623,1.0,0.8862378753701623,0.0004922988269058515,0.08118295458386696,0.8877239629171988,0.8852783307428872,0.0,0.0
260,0,65,3,M,0,0.8410634697978225,0.6110965709724926,0.64,0.6110965709724926,0.0007629358388119845,0.08118295458386696,0.8408956577684784,0.6077966092874052,0.0,0.0
261,0,65,3,M,1,0.6223549899981387,0.8434854672526702,0.62,0.8434854672526702,0.0007649895292152625,0.08118295458386696,0.6193175155796075,0.8419353999287182,0.0,0.0
262,0,65,3,M,2,0.16733271250986267,0.16779390420123336,0.38,0.16779390420123336,0.0007301614132776413,0.08118295458386696,0.1673408497609498,0.1677404334948636,0.0,0.0
263,0,65,3,M,3,0.8877239629171988,0.8852783307428872,1.0,0.8852783307428872,0.0004922988269058515,0.08118295458386696,0.8863093083553103,0.8842265474158387,0.0,0.0
264,0,66,3,M,0,0.8408956577684784,0.6077966092874052,0.62,0.6077966092874052,0.0007614532063140028,0.08118295458386696,0.8416270450086951,0.605773015305826,0.0,0.0
265,0,66,3,M,1,0.6193175155796075,0.8419353999287182,0.62,0.8419353999287182,0.0007649895292152625,0.08118295458386696,0.6177441461946341,0.8419682655870383,0.0,0.0
266,0,66,3,M,2,0.1673408497609498,0.1677404334948636,0.38,0.1677404334948636,0.0007301614132776413,0.08118295458386696,0.16724737271854467,0.16775128995796082,0.0,0.0
267,0,66,3,M,3,0.8863093083553103,0.8842265474158387,1.0,0.8842265474158387,0.0004922988269058515,0.08118295458386696,0.8853671875088068,0.8834875865358602,0.0,0.0
268,0,67,3,M,0,0.8416270450086951,0.605773015305826,0.62,0.605773015305826,0.0007614532063140028,0.08118295458386696,0.8409254937660121,0.6038942735467171,0.0,0.0
269,0,67,3,M,1,0.6177441461946341,0.8419682655870383,0.62,0.8419682655870383,0.0007649895292152625,0.08118295458386696,0.6161814840920369,0.8404818328635022,0.0,0.0
270,0,67,3,M,2,0.16724737271854467,0.16775128995796082,0.38,0.16775128995796082,0.0007301614132776413,0.08118295458386696,0.16716257479829255,0.1676813138710727,0.0,0.0
271,0,67,3,M,3,0.8853671875088068,0.8834875865358602,1.0,0.8834875865358602,0.0004922988269058515,0.08118295458386696,0.8848178116731223,0.8831001507960424,0.0,0.0
272,0,68,3,M,0,0.8409254937660121,0.6038942735467171,0.62,0.6038942735467171,0.0007614532063140028,0.08118295458386696,0.8407556303912034,0.6037105219540876,0.0,0.0
273,0,68,3,M,1,0.6161814840920369,0.8404818328635022,0.62,0.8404818328635022,0.0007649895292152625,0.08118295458386696,0.615593831755058,0.8401792208314961,0.0,0.0
274,0,68,3,M,2,0.16716257479829255,0.1676813138710727,0.38,0.1676813138710727,0.0007301614132776413,0.08118295458386696,0.1670990652678059,0.16751287810762988,0.0,0.0
275,0,68,3,M,3,0.8848178116731223,0.8831001507960424,1.0,0.8831001507960424,0.0004922988269058515,0.08118295458386696,0.8848178116731223,0.8831001507960424,0.0,0.0
276,0,69,3,M,0,0.8407556303912034,0.6037105219540876,0.62,0.6037105219540876,0.0007614532063140028,0.08118295458386696,0.84086207919912,0.6037121625414255,0.0,0.0
277,0,69,3,M,1,0.615593831755058,0.8401792208314961,0.62,0.8401792208314961,0.0007649895292152625,0.08118295458386696,0.6155873983029465,0.8400801315544247,0.0,0.0
278,0,69,3,M,2,0.1670990652678059,0.16751287810762988,0.38,0.16751287810762988,0.0007301614132776413,0.08118295458386696,0.1670990652678059,0.16751287810762988,0.0,0.0
279,0,69,3,M,3,0.8848178116731223,0.8831001507960424,1.0,0.8831001507960424,0.0004922988269058515,0.08118295458386696,0.8848178116731225,0.8831001507960425,0.0,0.0
280,0,70,3,M,0,0.84086207919912,0.6037121625414255,0.62,0.6037121625414255,0.0007614532063140028,0.08118295458386696,0.84086207919912,0.6037121625414255,0.0,0.0
281,0,70,3,M,1,0.6155873983029465,0.8400801315544247,0.62,0.8400801315544247,0.0007649895292152625,0.08118295458386696,0.6155873983029465,0.8400801315544247,0.0,0.0
282,0,70,3,M,2,0.1670990652678059,0.16751287810762988,0.38,0.16751287810762988,0.0007301614132776413,0.08118295458386696,0.16709906526780594,0.1675128781076299,0.0,0.0
283,0,70,3,M,3,0.8848178116731225,0.8831001507960425,1.0,0.8831001507960425,0.0004922988269058515,0.08118295458386696,0.8848178116731225,0.8831001507960424,0.0,0.0
284,0,71,3,M,0,0.84086207919912,0.6037121625414255,0.62,0.6037121625414255,0.0007614532063140028,0.08118295458386696,0.84086207919912,0.6037121625414255,0.0,0.0
285,0,71,3,M,1,0.6155873983029465,0.8400801315544247,0.62,0.8400801315544247,0.0007649895292152625,0.08118295458386696,0.6155873983029465,0.8400801315544246,0.0,0.0
286,0,71,3,M,2,0.16709906526780594,0.1675128781076299,0.38,0.1675128781076299,0.0007301614132776413,0.08118295458386696,0.1670990652678059,0.1675128781076299,0.0,0.0
287,0,71,3,M,3,0.8848178116731225,0.8831001507960424,1.0,0.8831001507960424,0.0004922988269058515,0.08118295458386696,0.8848178116731226,0.8831001507960425,0.0,0.0
288,0,72,3,M,0,0.84086207919912,0.6037121625414255,0.62,0.6037121625414255,0.0007614532063140028,0.08118295458386696,0.8408620791991201,0.6037121625414255,0.0,0.0
289,0,72,3,M,1,0.6155873983029465,0.8400801315544246,0.62,0.8400801315544246,0.0007649895292152625,0.08118295458386696,0.6155873983029465,0.8400801315544246,0.0,0.0
290,0,72,3,M,2,0.1670990652678059,0.1675128781076299,0.38,0.1675128781076299,0.0007301614132776413,0.08118295458386696,0.16709906526780594,0.1675128781076299,0.0,0.0
291,0,72,3,M,3,0.8848178116731226,0.8831001507960425,1.0,0.8831001507960425,0.0004922988269058515,0.08118295458386696,0.8848178116731226,0.8831001507960425,0.0,0.0
292,0,73,3,M,0,0.8408620791991201,0.6037121625414255,0.62,0.6037121625414255,0.0007614532063140028,0.08118295458386696,0.8408620791991201,0.6037121625414255,0.0,0.0
293,0,73,3,M,1,0.6155873983029465,0.8400801315544246,0.62,0.8400801315544246,0.0007649895292152625,0.08118295458386696,0.6155873983029465,0.8400801315544247,0.0,0.0
294,0,73,3,M,2,0.16709906526780594,0.1675128781076299,0.38,0.1675128781076299,0.0007301614132776413,0.08118295458386696,0.16709906526780594,0.1675128781076299,0.0,0.0
295,0,73,3,M,3,0.8848178116731226,0.8831001507960425,1.0,0.8831001507960425,0.0004922988269058515,0.08118295458386696,0.8848178116731226,0.8831001507960425,0.0,0.0
296,0,74,3,M,0,0.8408620791991201,0.6037121625414255,0.62,0.6037121625414255,0.0007614532063140028,0.08118295458386696,0.8408620791991201,0.6037121625414255,0.0,0.0
297,0,74,3,M,1,0.6155873983029465,0.8400801315544247,0.62,0.8400801315544247,0.0007649895292152625,0.08118295458386696,0.6155873983029465,0.8400801315544246,0.0,0.0
298,0,74,3,M,2,0.16709906526780594,0.1675128781076299,0.38,0.1675128781076299,0.0007301614132776413,0.08118295458386696,0.1670990652678059,0.1675128781076299,0.0,0.0
299,0,74,3,M,3,0.8848178116731226,0.8831001507960425,1.0,0.8831001507960425,0.0004922988269058515,0.08118295458386696,0.8848178116731226,0.8831001507960425,0.0,0.0
300,0,75,3,M,0,0.8408620791991201,0.6037121625414255,0.62,0.6037121625414255,0.0007614532063140028,0.08118295458386696,0.8408620791991201,0.6037121625414255,0.0,0.0
301,0,75,3,M,1,0.6155873983029465,0.8400801315544246,0.62,0.8400801315544246,0.0007649895292152625,0.08118295458386696,0.6155873983029465,0.8400801315544247,0.0,0.0
302,0,75,3,M,2,0.1670990652678059,0.1675128781076299,0.38,0.1675128781076299,0.0007301614132776413,0.08118295458386696,0.16709906526780594,0.1675128781076299,0.0,0.0
303,0,75,3,M,3,0.8848178116731226,0.8831001507960425,1.0,0.8831001507960425,0.0004922988269058515,0.08118295458386696,0.8848178116731226,0.8831001507960425,0.0,0.0
304,0,76,3,M,0,0.8408620791991201,0.6037121625414255,0.62,0.6037121625414255,0.0007614532063140028,0.08118295458386696,0.8408620791991201,0.6037121625414255,0.0,0.0
305,0,76,3,M,1,0.6155873983029465,0.8400801315544247,0.62,0.8400801315544247,0.0007649895292152625,0.08118295458386696,0.6155873983029465,0.8400801315544246,0.0,0.0
306,0,76,3,M,2,0.16709906526780594,0.1675128781076299,0.38,0.1675128781076299,0.0007301614132776413,0.08118295458386696,0.1670990652678059,0.1675128781076299,0.0,0.0
307,0,76,3,M,3,0.8848178116731226,0.8831001507960425,1.0,0.8831001507960425,0.0004922988269058515,0.08118295458386696,0.8848178116731226,0.8831001507960425,0.0,0.0
308,0,77,3,M,0,0.8408620791991201,0.6037121625414255,0.62,0.6037121625414255,0.0007614532063140028,0.08118295458386696,0.8408620791991201,0.6037121625414255,0.0,0.0
309,0,77,3,M,1,0.6155873983029465,0.8400801315544246,0.62,0.8400801315544246,0.0007649895292152625,0.08118295458386696,0.6155873983029465,0.8400801315544247,0.0,0.0
310,0,77,3,M,2,0.1670990652678059,0.1675128781076299,0.38,0.1675128781076299,0.0007301614132776413,0.08118295458386696,0.16709906526780594,0.1675128781076299,0.0,0.0
311,0,77,3,M,3,0.8848178116731226,0.8831001507960425,1.0,0.8831001507960425,0.0004922988269058515,0.08118295458386696,0.8848178116731226,0.8831001507960425,0.0,0.0
312,0,78,3,M,0,0.8408620791991201,0.6037121625414255,0.62,0.6037121625414255,0.0007614532063140028,0.08118295458386696,0.8408620791991201,0.6037121625414255,0.0,0.0
313,0,78,3,M,1,0.6155873983029465,0.8400801315544247,0.62,0.8400801315544247,0.0007649895292152625,0.08118295458386696,0.6155873983029465,0.8400801315544246,0.0,0.0
314,0,78,3,M,2,0.16709906526780594,0.1675128781076299,0.38,0.1675128781076299,0.0007301614132776413,0.08118295458386696,0.1670990652678059,0.1675128781076299,0.0,0.0
315,0,78,3,M,3,0.8848178116731226,0.8831001507960425,1.0,0.8831001507960425,0.0004922988269058515,0.08118295458386696,0.8848178116731226,0.8831001507960425,0.0,0.0
316,0,79,3,M,0,0.8408620791991201,0.6037121625414255,0.62,0.6037121625414255,0.0007614532063140028,0.08118295458386696,0.8408620791991201,0.6037121625414255,0.0,0.0
317,0,79,3,M,1,0.6155873983029465,0.8400801315544246,0.62,0.8400801315544246,0.0007649895292152625,0.08118295458386696,0.6155873983029465,0.8400801315544247,0.0,0.0
318,0,79,3,M,2,0.1670990652678059,0.1675128781076299,0.38,0.1675128781076299,0.0007301614132776413,0.08118295458386696,0.16709906526780594,0.1675128781076299,0.0,0.0
319,0,79,3,M,3,0.8848178116731226,0.8831001507960425,1.0,0.8831001507960425,0.0004922988269058515,0.08118295458386696,0.8848178116731226,0.8831001507960425,0.0,0.0
320,0,80,3,M,0,0.8408620791991201,0.6037121625414255,0.62,0.6037121625414255,0.0007614532063140028,0.08118295458386696,0.8408620791991201,0.6037121625414255,0.0,0.0
321,0,80,3,M,1,0.6155873983029465,0.8400801315544247,0.62,0.8400801315544247,0.0007649895292152625,0.08118295458386696,0.6155873983029465,0.8400801315544246,0.0,0.0
322,0,80,3,M,2,0.16709906526780594,0.1675128781076299,0.38,0.1675128781076299,0.0007301614132776413,0.08118295458386696,0.1670990652678059,0.1675128781076299,0.0,0.0
323,0,80,3,M,3,0.8848178116731226,0.8831001507960425,1.0,0.8831001507960425,0.0004922988269058515,0.08118295458386696,0.8848178116731226,0.8831001507960425,0.0,0.0
324,0,81,3,M,0,0.8408620791991201,0.6037121625414255,0.62,0.6037121625414255,0.0007614532063140028,0.08118295458386696,0.8408620791991201,0.6037121625414255,0.0,0.0
325,0,81,3,M,1,0.6155873983029465,0.8400801315544246,0.62,0.8400801315544246,0.0007649895292152625,0.08118295458386696,0.6155873983029465,0.8400801315544247,0.0,0.0
326,0,81,3,M,2,0.1670990652678059,0.1675128781076299,0.38,0.1675128781076299,0.0007301614132776413,0.08118295458386696,0.16709906526780594,0.1675128781076299,0.0,0.0
327,0,81,3,M,3,0.8848178116731226,0.8831001507960425,1.0,0.8831001507960425,0.0004922988269058515,0.08118295458386696,0.8848178116731226,0.8831001507960425,0.0,0.0
328,0,82,3,M,0,0.8408620791991201,0.6037121625414255,0.62,0.6037121625414255,0.0007614532063140028,0.08118295458386696,0.8408620791991201,0.6037121625414255,0.0,0.0
329,0,82,3,M,1,0.6155873983029465,0.8400801315544247,0.62,0.8400801315544247,0.0007649895292152625,0.08118295458386696,0.6155873983029465,0.8400801315544246,0.0,0.0
330,0,82,3,M,2,0.16709906526780594,0.1675128781076299,0.38,0.1675128781076299,0.0007301614132776413,0.08118295458386696,0.1670990652678059,0.1675128781076299,0.0,0.0
331,0,82,3,M,3,0.8848178116731226,0.8831001507960425,1.0,0.8831001507960425,0.0004922988269058515,0.08118295458386696,0.8848178116731226,0.8831001507960425,0.0,0.0
332,0,83,3,M,0,0.8408620791991201,0.6037121625414255,0.62,0.6037121625414255,0.0007614532063140028,0.08118295458386696,0.8408620791991201,0.6037121625414255,0.0,0.0
333,0,83,3,M,1,0.6155873983029465,0.8400801315544246,0.62,0.8400801315544246,0.0007649895292152625,0.08118295458386696,0.6155873983029465,0.8400801315544247,0.0,0.0
334,0,83,3,M,2,0.1670990652678059,0.1675128781076299,0.38,0.1675128781076299,0.0007301614132776413,0.08118295458386696,0.16709906526780594,0.1675128781076299,0.0,0.0
335,0,83,3,M,3,0.8848178116731226,0.8831001507960425,1.0,0.8831001507960425,0.0004922988269058515,0.08118295458386696,0.8848178116731226,0.8831001507960425,0.0,0.0
336,0,84,3,M,0,0.8408620791991201,0.6037121625414255,0.62,0.6037121625414255,0.0007614532063140028,0.08118295458386696,0.8408620791991201,0.6037121625414255,0.0,0.0
337,0,84,3,M,1,0.6155873983029465,0.8400801315544247,0.62,0.8400801315544247,0.0007649895292152625,0.08118295458386696,0.6155873983029465,0.8400801315544246,0.0,0.0
338,0,84,3,M,2,0.16709906526780594,0.1675128781076299,0.38,0.1675128781076299,0.0007301614132776413,0.08118295458386696,0.1670990652678059,0.1675128781076299,0.0,0.0
339,0,84,3,M,3,0.8848178116731226,0.8831001507960425,1.0,0.8831001507960425,0.0004922988269058515,0.08118295458386696,0.8848178116731226,0.8831001507960425,0.0,0.0
340,0,85,3,M,0,0.8408620791991201,0.6037121625414255,0.62,0.6037121625414255,0.0007614532063140028,0.08118295458386696,0.8408620791991201,0.6037121625414255,0.0,0.0
341,0,85,3,M,1,0.6155873983029465,0.8400801315544246,0.62,0.8400801315544246,0.0007649895292152625,0.08118295458386696,0.6155873983029465,0.8400801315544247,0.0,0.0
342,0,85,3,M,2,0.1670990652678059,0.1675128781076299,0.38,0.1675128781076299,0.0007301614132776413,0.08118295458386696,0.16709906526780594,0.1675128781076299,0.0,0.0
343,0,85,3,M,3,0.8848178116731226,0.8831001507960425,1.0,0.8831001507960425,0.0004922988269058515,0.08118295458386696,0.8848178116731226,0.8831001507960425,0.0,0.0
344,0,86,3,M,0,0.8408620791991201,0.6037121625414255,0.62,0.6037121625414255,0.0007614532063140028,0.08118295458386696,0.8408620791991201,0.6037121625414255,0.0,0.0
345,0,86,3,M,1,0.6155873983029465,0.8400801315544247,0.62,0.8400801315544247,0.0007649895292152625,0.08118295458386696,0.6155873983029465,0.8400801315544246,0.0,0.0
346,0,86,3,M,2,0.16709906526780594,0.1675128781076299,0.38,0.1675128781076299,0.0007301614132776413,0.08118295458386696,0.1670990652678059,0.1675128781076299,0.0,0.0
347,0,86,3,M,3,0.8848178116731226,0.8831001507960425,1.0,0.8831001507960425,0.0004922988269058515,0.08118295458386696,0.8848178116731226,0.8831001507960425,0.0,0.0
348,0,87,3,M,0,0.8408620791991201,0.6037121625414255,0.62,0.6037121625414255,0.0007614532063140028,0.08118295458386696,0.8408620791991201,0.6037121625414255,0.0,0.0
349,0,87,3,M,1,0.6155873983029465,0.8400801315544246,0.62,0.8400801315544246,0.0007649895292152625,0.08118295458386696,0.6155873983029465,0.8400801315544247,0.0,0.0
350,0,87,3,M,2,0.1670990652678059,0.1675128781076299,0.38,0.1675128781076299,0.0007301614132776413,0.08118295458386696,0.16709906526780594,0.1675128781076299,0.0,0.0
351,0,87,3,M,3,0.8848178116731226,0.8831001507960425,1.0,0.8831001507960425,0.0004922988269058515,0.08118295458386696,0.8848178116731226,0.8831001507960425,0.0,0.0
352,0,88,3,M,0,0.8408620791991201,0.6037121625414255,0.62,0.6037121625414255,0.0007614532063140028,0.08118295458386696,0.8408620791991201,0.6037121625414255,0.0,0.0
353,0,88,3,M,1,0.6155873983029465,0.8400801315544247,0.62,0.8400801315544247,0.0007649895292152625,0.08118295458386696,0.6155873983029465,0.8400801315544246,0.0,0.0
354,0,88,3,M,2,0.16709906526780594,0.1675128781076299,0.38,0.1675128781076299,0.0007301614132776413,0.08118295458386696,0.1670990652678059,0.1675128781076299,0.0,0.0
355,0,88,3,M,3,0.8848178116731226,0.8831001507960425,1.0,0.8831001507960425,0.0004922988269058515,0.08118295458386696,0.8848178116731226,0.8831001507960425,0.0,0.0
356,0,89,3,M,0,0.8408620791991201,0.6037121625414255,0.62,0.6037121625414255,0.0007614532063140028,0.08118295458386696,0.8408620791991201,0.6037121625414255,0.0,0.0
357,0,89,3,M,1,0.6155873983029465,0.8400801315544246,0.62,0.8400801315544246,0.0007649895292152625,0.08118295458386696,0.6155873983029465,0.8400801315544247,0.0,0.0
358,0,89,3,M,2,0.1670990652678059,0.1675128781076299,0.38,0.1675128781076299,0.0007301614132776413,0.08118295458386696,0.16709906526780594,0.1675128781076299,0.0,0.0
359,0,89,3,M,3,0.8848178116731226,0.8831001507960425,1.0,0.8831001507960425,0.0004922988269058515,0.08118295458386696,0.8848178116731226,0.8831001507960425,0.0,0.0
360,0,90,3,M,0,0.8408620791991201,0.6037121625414255,0.62,0.6037121625414255,0.0007614532063140028,0.08118295458386696,0.8408620791991201,0.6037121625414255,0.0,0.0
361,0,90,3,M,1,0.6155873983029465,0.8400801315544247,0.62,0.8400801315544247,0.0007649895292152625,0.08118295458386696,0.6155873983029465,0.8400801315544246,0.0,0.0
362,0,90,3,M,2,0.16709906526780594,0.1675128781076299,0.38,0.1675128781076299,0.0007301614132776413,0.08118295458386696,0.1670990652678059,0.1675128781076299,0.0,0.0
363,0,90,3,M,3,0.8848178116731226,0.8831001507960425,1.0,0.8831001507960425,0.0004922988269058515,0.08118295458386696,0.8848178116731226,0.8831001507960425,0.0,0.0
364,0,91,3,M,0,0.8408620791991201,0.6037121625414255,0.62,0.6037121625414255,0.0007614532063140028,0.08118295458386696,0.8408620791991201,0.6037121625414255,0.0,0.0
365,0,91,3,M,1,0.6155873983029465,0.8400801315544246,0.62,0.8400801315544246,0.0007649895292152625,0.08118295458386696,0.6155873983029465,0.8400801315544247,0.0,0.0
366,0,91,3,M,2,0.1670990652678059,0.1675128781076299,0.38,0.1675128781076299,0.0007301614132776413,0.08118295458386696,0.16709906526780594,0.1675128781076299,0.0,0.0
367,0,91,3,M,3,0.8848178116731226,0.8831001507960425,1.0,0.8831001507960425,0.0004922988269058515,0.08118295458386696,0.8848178116731226,0.8831001507960425,0.0,0.0
368,0,92,3,M,0,0.8408620791991201,0.6037121625414255,0.62,0.6037121625414255,0.0007614532063140028,0.08118295458386696,0.8408620791991201,0.6037121625414255,0.0,0.0
369,0,92,3,M,1,0.6155873983029465,0.8400801315544247,0.62,0.8400801315544247,0.0007649895292152625,0.08118295458386696,0.6155873983029465,0.8400801315544246,0.0,0.0
370,0,92,3,M,2,0.16709906526780594,0.1675128781076299,0.38,0.1675128781076299,0.0007301614132776413,0.08118295458386696,0.1670990652678059,0.1675128781076299,0.0,0.0
371,0,92,3,M,3,0.8848178116731226,0.8831001507960425,1.0,0.8831001507960425,0.0004922988269058515,0.08118295458386696,0.8848178116731226,0.8831001507960425,0.0,0.0
372,0,93,3,M,0,0.8408620791991201,0.6037121625414255,0.62,0.6037121625414255,0.0007614532063140028,0.08118295458386696,0.8408620791991201,0.6037121625414255,0.0,0.0
373,0,93,3,M,1,0.6155873983029465,0.8400801315544246,0.62,0.8400801315544246,0.0007649895292152625,0.08118295458386696,0.6155873983029465,0.8400801315544247,0.0,0.0
374,0,93,3,M,2,0.1670990652678059,0.1675128781076299,0.38,0.1675128781076299,0.0007301614132776413,0.08118295458386696,0.16709906526780594,0.1675128781076299,0.0,0.0
375,0,93,3,M,3,0.8848178116731226,0.8831001507960425,1.0,0.8831001507960425,0.0004922988269058515,0.08118295458386696,0.8848178116731226,0.8831001507960425,0.0,0.0
376,0,94,3,M,0,0.8408620791991201,0.6037121625414255,0.62,0.6037121625414255,0.0007614532063140028,0.08118295458386696,0.8408620791991201,0.6037121625414255,0.0,0.0
377,0,94,3,M,1,0.6155873983029465,0.8400801315544247,0.62,0.8400801315544247,0.0007649895292152625,0.08118295458386696,0.6155873983029465,0.8400801315544246,0.0,0.0
378,0,94,3,M,2,0.16709906526780594,0.1675128781076299,0.38,0.1675128781076299,0.0007301614132776413,0.08118295458386696,0.1670990652678059,0.1675128781076299,0.0,0.0
379,0,94,3,M,3,0.8848178116731226,0.8831001507960425,1.0,0.8831001507960425,0.0004922988269058515,0.08118295458386696,0.8848178116731226,0.8831001507960425,0.0,0.0
380,0,95,3,M,0,0.8408620791991201,0.6037121625414255,0.62,0.6037121625414255,0.0007614532063140028,0.08118295458386696,0.8408620791991201,0.6037121625414255,0.0,0.0
381,0,95,3,M,1,0.6155873983029465,0.8400801315544246,0.62,0.8400801315544246,0.0007649895292152625,0.08118295458386696,0.6155873983029465,0.8400801315544247,0.0,0.0
382,0,95,3,M,2,0.1670990652678059,0.1675128781076299,0.38,0.1675128781076299,0.0007301614132776413,0.08118295458386696,0.16709906526780594,0.1675128781076299,0.0,0.0
383,0,95,3,M,3,0.8848178116731226,0.8831001507960425,1.0,0.8831001507960425,0.0004922988269058515,0.08118295458386696,0.8848178116731226,0.8831001507960425,0.0,0.0
384,0,96,3,M,0,0.8408620791991201,0.6037121625414255,0.62,0.6037121625414255,0.0007614532063140028,0.08118295458386696,0.8408620791991201,0.6037121625414255,0.0,0.0
385,0,96,3,M,1,0.6155873983029465,0.8400801315544247,0.62,0.8400801315544247,0.0007649895292152625,0.08118295458386696,0.6155873983029465,0.8400801315544246,0.0,0.0
386,0,96,3,M,2,0.16709906526780594,0.1675128781076299,0.38,0.1675128781076299,0.0007301614132776413,0.08118295458386696,0.1670990652678059,0.1675128781076299,0.0,0.0
387,0,96,3,M,3,0.8848178116731226,0.8831001507960425,1.0,0.8831001507960425,0.0004922988269058515,0.08118295458386696,0.8848178116731226,0.8831001507960425,0.0,0.0
388,0,97,3,M,0,0.8408620791991201,0.6037121625414255,0.62,0.6037121625414255,0.0007614532063140028,0.08118295458386696,0.8408620791991201,0.6037121625414255,0.0,0.0
389,0,97,3,M,1,0.6155873983029465,0.8400801315544246,0.62,0.8400801315544246,0.0007649895292152625,0.08118295458386696,0.6155873983029465,0.8400801315544247,0.0,0.0
390,0,97,3,M,2,0.1670990652678059,0.1675128781076299,0.38,0.1675128781076299,0.0007301614132776413,0.08118295458386696,0.16709906526780594,0.1675128781076299,0.0,0.0
391,0,97,3,M,3,0.8848178116731226,0.8831001507960425,1.0,0.8831001507960425,0.0004922988269058515,0.08118295458386696,0.8848178116731226,0.8831001507960425,0.0,0.0
392,0,98,3,M,0,0.8408620791991201,0.6037121625414255,0.62,0.6037121625414255,0.0007614532063140028,0.08118295458386696,0.8408620791991201,0.6037121625414255,0.0,0.0
393,0,98,3,M,1,0.6155873983029465,0.8400801315544247,0.62,0.8400801315544247,0.0007649895292152625,0.08118295458386696,0.6155873983029465,0.8400801315544246,0.0,0.0
394,0,98,3,M,2,0.16709906526780594,0.1675128781076299,0.38,0.1675128781076299,0.0007301614132776413,0.08118295458386696,0.1670990652678059,0.1675128781076299,0.0,0.0
395,0,98,3,M,3,0.8848178116731226,0.8831001507960425,1.0,0.8831001507960425,0.0004922988269058515,0.08118295458386696,0.8848178116731226,0.8831001507960425,0.0,0.0
396,0,99,3,M,0,0.8408620791991201,0.6037121625414255,0.62,0.6037121625414255,0.0007614532063140028,0.08118295458386696,0.8408620791991201,0.6037121625414255,0.0,0.0
397,0,99,3,M,1,0.6155873983029465,0.8400801315544246,0.62,0.8400801315544246,0.0007649895292152625,0.08118295458386696,0.6155873983029465,0.8400801315544247,0.0,0.0
398,0,99,3,M,2,0.1670990652678059,0.1675128781076299,0.38,0.1675128781076299,0.0007301614132776413,0.08118295458386696,0.16709906526780594,0.1675128781076299,0.0,0.0
399,0,99,3,M,3,0.8848178116731226,0.8831001507960425,1.0,0.8831001507960425,0.0004922988269058515,0.08118295458386696,0.8848178116731226,0.8831001507960425,0.0,0.0
400,0,100,3,M,0,0.8408620791991201,0.6037121625414255,0.62,0.6037121625414255,0.0007614532063140028,0.08118295458386696,0.8408620791991201,0.6037121625414255,0.0,0.0
401,0,100,3,M,1,0.6155873983029465,0.8400801315544247,0.62,0.8400801315544247,0.0007649895292152625,0.08118295458386696,0.6155873983029465,0.8400801315544246,0.0,0.0
402,0,100,3,M,2,0.16709906526780594,0.1675128781076299,0.38,0.1675128781076299,0.0007301614132776413,0.08118295458386696,0.1670990652678059,0.1675128781076299,0.0,0.0
403,0,100,3,M,3,0.8848178116731226,0.8831001507960425,1.0,0.8831001507960425,0.0004922988269058515,0.08118295458386696,0.8848178116731226,0.8831001507960425,0.0,0.0
404,0,101,3,M,0,0.8408620791991201,0.6037121625414255,0.62,0.6037121625414255,0.0007614532063140028,0.08118295458386696,0.8408620791991201,0.6037121625414255,0.0,0.0
405,0,101,3,M,1,0.6155873983029465,0.8400801315544246,0.62,0.8400801315544246,0.0007649895292152625,0.08118295458386696,0.6155873983029465,0.8400801315544247,0.0,0.0
406,0,101,3,M,2,0.1670990652678059,0.1675128781076299,0.38,0.1675128781076299,0.0007301614132776413,0.08118295458386696,0.16709906526780594,0.1675128781076299,0.0,0.0
407,0,101,3,M,3,0.8848178116731226,0.8831001507960425,1.0,0.8831001507960425,0.0004922988269058515,0.08118295458386696,0.8848178116731226,0.8831001507960425,0.0,0.0
408,0,102,3,M,0,0.8408620791991201,0.6037121625414255,0.62,0.6037121625414255,0.0007614532063140028,0.08118295458386696,0.8408620791991201,0.6037121625414255,0.0,0.0
409,0,102,3,M,1,0.6155873983029465,0.8400801315544247,0.62,0.8400801315544247,0.0007649895292152625,0.08118295458386696,0.6155873983029465,0.8400801315544246,0.0,0.0
410,0,102,3,M,2,0.16709906526780594,0.1675128781076299,0.38,0.1675128781076299,0.0007301614132776413,0.08118295458386696,0.1670990652678059,0.1675128781076299,0.0,0.0
411,0,102,3,M,3,0.8848178116731226,0.8831001507960425,1.0,0.8831001507960425,0.0004922988269058515,0.08118295458386696,0.8848178116731226,0.8831001507960425,0.0,0.0
412,0,103,3,M,0,0.8408620791991201,0.6037121625414255,0.62,0.6037121625414255,0.0007614532063140028,0.08118295458386696,0.8408620791991201,0.6037121625414255,0.0,0.0
413,0,103,3,M,1,0.6155873983029465,0.8400801315544246,0.62,0.8400801315544246,0.0007649895292152625,0.08118295458386696,0.6155873983029465,0.8400801315544247,0.0,0.0
414,0,103,3,M,2,0.1670990652678059,0.1675128781076299,0.38,0.1675128781076299,0.0007301614132776413,0.08118295458386696,0.16709906526780594,0.1675128781076299,0.0,0.0
415,0,103,3,M,3,0.8848178116731226,0.8831001507960425,1.0,0.8831001507960425,0.0004922988269058515,0.08118295458386696,0.8848178116731226,0.8831001507960425,0.0,0.0
416,0,104,3,M,0,0.8408620791991201,0.6037121625414255,0.62,0.6037121625414255,0.0007614532063140028,0.08118295458386696,0.8408620791991201,0.6037121625414255,0.0,0.0
417,0,104,3,M,1,0.6155873983029465,0.8400801315544247,0.62,0.8400801315544247,0.0007649895292152625,0.08118295458386696,0.6155873983029465,0.8400801315544246,0.0,0.0
418,0,104,3,M,2,0.16709906526780594,0.1675128781076299,0.38,0.1675128781076299,0.0007301614132776413,0.08118295458386696,0.1670990652678059,0.1675128781076299,0.0,0.0
419,0,104,3,M,3,0.8848178116731226,0.8831001507960425,1.0,0.8831001507960425,0.0004922988269058515,0.08118295458386696,0.8848178116731226,0.8831001507960425,0.0,0.0
420,0,105,3,M,0,0.8408620791991201,0.6037121625414255,0.62,0.6037121625414255,0.0007614532063140028,0.08118295458386696,0.8408620791991201,0.6037121625414255,0.0,0.0
421,0,105,3,M,1,0.6155873983029465,0.8400801315544246,0.62,0.8400801315544246,0.0007649895292152625,0.08118295458386696,0.6155873983029465,0.8400801315544247,0.0,0.0
422,0,105,3,M,2,0.1670990652678059,0.1675128781076299,0.38,0.1675128781076299,0.0007301614132776413,0.08118295458386696,0.16709906526780594,0.1675128781076299,0.0,0.0
423,0,105,3,M,3,0.8848178116731226,0.8831001507960425,1.0,0.8831001507960425,0.0004922988269058515,0.08118295458386696,0.8848178116731226,0.8831001507960425,0.0,0.0
424,0,106,3,M,0,0.8408620791991201,0.6037121625414255,0.62,0.6037121625414255,0.0007614532063140028,0.08118295458386696,0.8408620791991201,0.6037121625414255,0.0,0.0
425,0,106,3,M,1,0.6155873983029465,0.8400801315544247,0.62,0.8400801315544247,0.0007649895292152625,0.08118295458386696,0.6155873983029465,0.8400801315544246,0.0,0.0
426,0,106,3,M,2,0.16709906526780594,0.1675128781076299,0.38,0.1675128781076299,0.0007301614132776413,0.08118295458386696,0.1670990652678059,0.1675128781076299,0.0,0.0
427,0,106,3,M,3,0.8848178116731226,0.8831001507960425,1.0,0.8831001507960425,0.0004922988269058515,0.08118295458386696,0.8848178116731226,0.8831001507960425,0.0,0.0
428,0,107,3,M,0,0.8408620791991201,0.6037121625414255,0.62,0.6037121625414255,0.0007614532063140028,0.08118295458386696,0.8408620791991201,0.6037121625414255,0.0,0.0
429,0,107,3,M,1,0.6155873983029465,0.8400801315544246,0.62,0.8400801315544246,0.0007649895292152625,0.08118295458386696,0.6155873983029465,0.8400801315544247,0.0,0.0
430,0,107,3,M,2,0.1670990652678059,0.1675128781076299,0.38,0.1675128781076299,0.0007301614132776413,0.08118295458386696,0.16709906526780594,0.1675128781076299,0.0,0.0
431,0,107,3,M,3,0.8848178116731226,0.8831001507960425,1.0,0.8831001507960425,0.0004922988269058515,0.08118295458386696,0.8848178116731226,0.8831001507960425,0.0,0.0
432,0,108,3,M,0,0.8408620791991201,0.6037121625414255,0.62,0.6037121625414255,0.0007614532063140028,0.08118295458386696,0.8408620791991201,0.6037121625414255,0.0,0.0
433,0,108,3,M,1,0.6155873983029465,0.8400801315544247,0.62,0.8400801315544247,0.0007649895292152625,0.08118295458386696,0.6155873983029465,0.8400801315544246,0.0,0.0
434,0,108,3,M,2,0.16709906526780594,0.1675128781076299,0.38,0.1675128781076299,0.0007301614132776413,0.08118295458386696,0.1670990652678059,0.1675128781076299,0.0,0.0
435,0,108,3,M,3,0.8848178116731226,0.8831001507960425,1.0,0.8831001507960425,0.0004922988269058515,0.08118295458386696,0.8848178116731226,0.8831001507960425,0.0,0.0
436,0,109,3,M,0,0.8408620791991201,0.6037121625414255,0.62,0.6037121625414255,0.0007614532063140028,0.08118295458386696,0.8408620791991201,0.6037121625414255,0.0,0.0
437,0,109,3,M,1,0.6155873983029465,0.8400801315544246,0.62,0.8400801315544246,0.0007649895292152625,0.08118295458386696,0.6155873983029465,0.8400801315544247,0.0,0.0
438,0,109,3,M,2,0.1670990652678059,0.1675128781076299,0.38,0.1675128781076299,0.0007301614132776413,0.08118295458386696,0.16709906526780594,0.1675128781076299,0.0,0.0
439,0,109,3,M,3,0.8848178116731226,0.8831001507960425,1.0,0.8831001507960425,0.0004922988269058515,0.08118295458386696,0.8848178116731226,0.8831001507960425,0.0,0.0
440,0,110,3,M,0,0.8408620791991201,0.6037121625414255,0.62,0.6037121625414255,0.0007614532063140028,0.08118295458386696,0.8408620791991201,0.6037121625414255,0.0,0.0
441,0,110,3,M,1,0.6155873983029465,0.8400801315544247,0.62,0.8400801315544247,0.0007649895292152625,0.08118295458386696,0.6155873983029465,0.8400801315544246,0.0,0.0
442,0,110,3,M,2,0.16709906526780594,0.1675128781076299,0.38,0.1675128781076299,0.0007301614132776413,0.08118295458386696,0.1670990652678059,0.1675128781076299,0.0,0.0
443,0,110,3,M,3,0.8848178116731226,0.8831001507960425,1.0,0.8831001507960425,0.0004922988269058515,0.08118295458386696,0.8848178116731226,0.8831001507960425,0.0,0.0
444,0,111,3,M,0,0.8408620791991201,0.6037121625414255,0.62,0.6037121625414255,0.0007614532063140028,0.08118295458386696,0.8408620791991201,0.6037121625414255,0.0,0.0
445,0,111,3,M,1,0.6155873983029465,0.8400801315544246,0.62,0.8400801315544246,0.0007649895292152625,0.08118295458386696,0.6155873983029465,0.8400801315544247,0.0,0.0
446,0,111,3,M,2,0.1670990652678059,0.1675128781076299,0.38,0.1675128781076299,0.0007301614132776413,0.08118295458386696,0.16709906526780594,0.1675128781076299,0.0,0.0
447,0,111,3,M,3,0.8848178116731226,0.8831001507960425,1.0,0.8831001507960425,0.0004922988269058515,0.08118295458386696,0.8848178116731226,0.8831001507960425,0.0,0.0
448,0,112,3,M,0,0.8408620791991201,0.6037121625414255,0.62,0.6037121625414255,0.0007614532063140028,0.08118295458386696,0.8408620791991201,0.6037121625414255,0.0,0.0
449,0,112,3,M,1,0.6155873983029465,0.8400801315544247,0.62,0.8400801315544247,0.0007649895292152625,0.08118295458386696,0.6155873983029465,0.8400801315544246,0.0,0.0
450,0,112,3,M,2,0.16709906526780594,0.1675128781076299,0.38,0.1675128781076299,0.0007301614132776413,0.08118295458386696,0.1670990652678059,0.1675128781076299,0.0,0.0
451,0,112,3,M,3,0.8848178116731226,0.8831001507960425,1.0,0.8831001507960425,0.0004922988269058515,0.08118295458386696,0.8848178116731226,0.8831001507960425,0.0,0.0
452,0,113,3,M,0,0.8408620791991201,0.6037121625414255,0.62,0.6037121625414255,0.0007614532063140028,0.08118295458386696,0.8408620791991201,0.6037121625414255,0.0,0.0
453,0,113,3,M,1,0.6155873983029465,0.8400801315544246,0.62,0.8400801315544246,0.0007649895292152625,0.08118295458386696,0.6155873983029465,0.8400801315544247,0.0,0.0
454,0,113,3,M,2,0.1670990652678059,0.1675128781076299,0.38,0.1675128781076299,0.0007301614132776413,0.08118295458386696,0.16709906526780594,0.1675128781076299,0.0,0.0
455,0,113,3,M,3,0.8848178116731226,0.8831001507960425,1.0,0.8831001507960425,0.0004922988269058515,0.08118295458386696,0.8848178116731226,0.8831001507960425,0.0,0.0
456,0,114,3,M,0,0.8408620791991201,0.6037121625414255,0.62,0.6037121625414255,0.0007614532063140028,0.08118295458386696,0.8408620791991201,0.6037121625414255,0.0,0.0
457,0,114,3,M,1,0.6155873983029465,0.8400801315544247,0.62,0.8400801315544247,0.0007649895292152625,0.08118295458386696,0.6155873983029465,0.8400801315544246,0.0,0.0
458,0,114,3,M,2,0.16709906526780594,0.1675128781076299,0.38,0.1675128781076299,0.0007301614132776413,0.08118295458386696,0.1670990652678059,0.1675128781076299,0.0,0.0
459,0,114,3,M,3,0.8848178116731226,0.8831001507960425,1.0,0.8831001507960425,0.0004922988269058515,0.08118295458386696,0.8848178116731226,0.8831001507960425,0.0,0.0
460,0,115,3,M,0,0.8408620791991201,0.6037121625414255,0.62,0.6037121625414255,0.0007614532063140028,0.08118295458386696,0.8408620791991201,0.6037121625414255,0.0,0.0
461,0,115,3,M,1,0.6155873983029465,0.8400801315544246,0.62,0.8400801315544246,0.0007649895292152625,0.08118295458386696,0.6155873983029465,0.8400801315544247,0.0,0.0
462,0,115,3,M,2,0.1670990652678059,0.1675128781076299,0.38,0.1675128781076299,0.0007301614132776413,0.08118295458386696,0.16709906526780594,0.1675128781076299,0.0,0.0
463,0,115,3,M,3,0.8848178116731226,0.8831001507960425,1.0,0.8831001507960425,0.0004922988269058515,0.08118295458386696,0.8848178116731226,0.8831001507960425,0.0,0.0
464,0,116,3,M,0,0.8408620791991201,0.6037121625414255,0.62,0.6037121625414255,0.0007614532063140028,0.08118295458386696,0.8408620791991201,0.6037121625414255,0.0,0.0
465,0,116,3,M,1,0.6155873983029465,0.8400801315544247,0.62,0.8400801315544247,0.0007649895292152625,0.08118295458386696,0.6155873983029465,0.8400801315544246,0.0,0.0
466,0,116,3,M,2,0.16709906526780594,0.1675128781076299,0.38,0.1675128781076299,0.0007301614132776413,0.08118295458386696,0.1670990652678059,0.1675128781076299,0.0,0.0
467,0,116,3,M,3,0.8848178116731226,0.8831001507960425,1.0,0.8831001507960425,0.0004922988269058515,0.08118295458386696,0.8848178116731226,0.8831001507960425,0.0,0.0
468,0,117,3,M,0,0.8408620791991201,0.6037121625414255,0.62,0.6037121625414255,0.0007614532063140028,0.08118295458386696,0.8408620791991201,0.6037121625414255,0.0,0.0
469,0,117,3,M,1,0.6155873983029465,0.8400801315544246,0.62,0.8400801315544246,0.0007649895292152625,0.08118295458386696,0.6155873983029465,0.8400801315544247,0.0,0.0
470,0,117,3,M,2,0.1670990652678059,0.1675128781076299,0.38,0.1675128781076299,0.0007301614132776413,0.08118295458386696,0.16709906526780594,0.1675128781076299,0.0,0.0
471,0,117,3,M,3,0.8848178116731226,0.8831001507960425,1.0,0.8831001507960425,0.0004922988269058515,0.08118295458386696,0.8848178116731226,0.8831001507960425,0.0,0.0
472,0,118,3,M,0,0.8408620791991201,0.6037121625414255,0.62,0.6037121625414255,0.0007614532063140028,0.08118295458386696,0.8408620791991201,0.6037121625414255,0.0,0.0
473,0,118,3,M,1,0.6155873983029465,0.8400801315544247,0.62,0.8400801315544247,0.0007649895292152625,0.08118295458386696,0.6155873983029465,0.8400801315544246,0.0,0.0
474,0,118,3,M,2,0.16709906526780594,0.1675128781076299,0.38,0.1675128781076299,0.0007301614132776413,0.08118295458386696,0.1670990652678059,0.1675128781076299,0.0,0.0
475,0,118,3,M,3,0.8848178116731226,0.8831001507960425,1.0,0.8831001507960425,0.0004922988269058515,0.08118295458386696,0.8848178116731226,0.8831001507960425,0.0,0.0
476,0,119,3,M,0,0.8408620791991201,0.6037121625414255,0.62,0.6037121625414255,0.0007614532063140028,0.08118295458386696,0.8408620791991201,0.6037121625414255,0.0,0.0
477,0,119,3,M,1,0.6155873983029465,0.8400801315544246,0.62,0.8400801315544246,0.0007649895292152625,0.08118295458386696,0.6155873983029465,0.8400801315544247,0.0,0.0
478,0,119,3,M,2,0.1670990652678059,0.1675128781076299,0.38,0.1675128781076299,0.0007301614132776413,0.08118295458386696,0.16709906526780594,0.1675128781076299,0.0,0.0
479,0,119,3,M,3,0.8848178116731226,0.8831001507960425,1.0,0.8831001507960425,0.0004922988269058515,0.08118295458386696,0.8848178116731226,0.8831001507960425,0.0,0.0
480,0,120,4,M,0,0.8408620791991201,0.6037121625414255,0.62,0.6037121625414255,0.0007614532063140028,0.08118295458386696,0.8408620791991201,0.6037121625414255,0.0,0.0
481,0,120,4,M,1,0.6155873983029465,0.8400801315544247,0.62,0.8400801315544247,0.0007649895292152625,0.08118295458386696,0.6155873983029465,0.8400801315544246,0.0,0.0
482,0,120,4,M,2,0.16709906526780594,0.1675128781076299,0.38,0.1675128781076299,0.0007301614132776413,0.08118295458386696,0.1670990652678059,0.1675128781076299,0.0,0.0
483,0,120,4,M,3,0.8848178116731226,0.8831001507960425,1.0,0.8831001507960425,0.0004922988269058515,0.08118295458386696,0.8848178116731226,0.8831001507960425,0.0,0.0
484,0,121,4,M,0,1.0,0.1,0.62,0.1,0.0005701838632767575,0.08118295458386696,0.8415216791767655,0.6068794588185399,1.0,1.0
485,0,121,4,M,1,0.62,0.64,0.38,0.64,0.0006486429495945745,0.08118295458386696,0.6174305776855784,0.8383040381710603,1.0,1.0
486,0,121,4,M,2,0.0,0.1,0.38,0.1,0.0006946347468061997,0.08118295458386696,0.16672768513627553,0.16694426827603392,1.0,1.0
487,0,121,4,M,3,1.0,0.9,0.9,0.9,0.0002643781499637732,0.08118295458386696,0.8847945128453971,0.8832928477418817,1.0,1.0
488,0,122,4,M,0,0.8415216791767655,0.6068794588185399,0.6,0.6068794588185399,0.0004659399013471066,0.08118295458386696,0.8458626302095887,0.6112181697923726,0.0,0.0
489,0,122,4,M,1,0.0,0.9,0.38,0.9,0.000531668477215072,0.08118295458386696,0.6208796303225603,0.8416017480316472,1.0,1.0
490,0,122,4,M,2,0.36,0.36,0.1,0.36,0.0003174287658886804,0.08118295458386696,0.16897904182926646,0.16892465379280164,1.0,1.0
491,0,122,4,M,3,0.8847945128453971,0.8832928477418817,0.9,0.8832928477418817,0.000257568464643379,0.08118295458386696,0.8848450279003804,0.8834075812076224,0.0,0.0
492,0,123,4,M,0,0.8458626302095887,0.6112181697923726,0.64,0.6112181697923726,0.0002815684999491891,0.08118295458386696,0.8476498986855646,0.6139640799072082,0.0,0.0
493,0,123,4,M,1,0.38,0.62,0.1,0.62,0.00026341393706830196,0.08118295458386696,0.6223572884722114,0.8425008597504317,1.0,1.0
494,0,123,4,M,2,0.16897904182926646,0.16892465379280164,0.1,0.16892465379280164,0.00031510081957017433,0.08118295458386696,0.16919900493450002,0.1691761502447109,0.0,0.0
495,0,123,4,M,3,0.8848450279003804,0.8834075812076224,0.9,0.8834075812076224,0.00025334977477266263,0.08118295458386696,0.8853877810959877,0.883797277726929,0.0,0.0
496,0,124,4,M,0,0.8476498986855646,0.6139640799072082,0.64,0.6139640799072082,0.0002815684999491891,0.08118295458386696,0.8479938405695345,0.6172518903249234,0.0,0.0
497,0,124,4,M,1,0.6223572884722114,0.8425008597504317,0.1,0.8425008597504317,0.00026341393706830196,0.08118295458386696,0.6238941695627322,0.8422496212686622,0.0,0.0
498,0,124,4,M,2,0.16919900493450002,0.1691761502447109,0.1,0.1691761502447109,0.00031510081957017433,0.08118295458386696,0.16926577319072017,0.1691852250165627,0.0,0.0
499,0,124,4,M,3,0.8853877810959877,0.883797277726929,0.9,0.883797277726929,0.00025334977477266263,0.08118295458386696,0.8861781833380266,0.8851730946085686,0.0,0.0
500,0,125,4,M,0,0.8479938405695345,0.6172518903249234,0.64,0.6172518903249234,0.0002815684999491891,0.08118295458386696,0.8485787648423491,0.6204238416546441,0.0,0.0
501,0,125,4,M,1,0.6238941695627322,0.8422496212686622,0.1,0.8422496212686622,0.00026341393706830196,0.08118295458386696,0.6239985810257147,0.8422638419777185,0.0,0.0
502,0,125,4,M,2,0.16926577319072017,0.1691852250165627,0.1,0.1691852250165627,0.00031510081957017433,0.08118295458386696,0.1693032701352696,0.16920091284051006,0.0,0.0
503,0,125,4,M,3,0.8861781833380266,0.8851730946085686,0.9,0.8851730946085686,0.00025334977477266263,0.08118295458386696,0.8862981029416133,0.8863180388358903,0.0,0.0
504,0,126,4,M,0,0.8485787648423491,0.6204238416546441,0.64,0.6204238416546441,0.0002815684999491891,0.08118295458386696,0.8494621096261492,0.6233195298453513,0.0,0.0
505,0,126,4,M,1,0.6239985810257147,0.8422638419777185,0.1,0.8422638419777185,0.00026341393706830196,0.08118295458386696,0.6239985810257146,0.8422638419777184,0.0,0.0
506,0,126,4,M,2,0.1693032701352696,0.16920091284051006,0.1,0.16920091284051006,0.00031510081957017433,0.08118295458386696,0.1693032701352696,0.16920091284051006,0.0,0.0
507,0,126,4,M,3,0.8862981029416133,0.8863180388358903,0.9,0.8863180388358903,0.00025334977477266263,0.08118295458386696,0.8862817580466444,0.8874961781406188,0.0,0.0
508,0,127,4,M,0,0.8494621096261492,0.6233195298453513,0.64,0.6233195298453513,0.0002815684999491891,0.08118295458386696,0.8499541091833601,0.6240028597878423,0.0,0.0
509,0,127,4,M,1,0.6239985810257146,0.8422638419777184,0.1,0.8422638419777184,0.00026341393706830196,0.08118295458386696,0.6239985810257147,0.8422638419777185,0.0,0.0
510,0,127,4,M,2,0.1693032701352696,0.16920091284051006,0.1,0.16920091284051006,0.00031510081957017433,0.08118295458386696,0.1694865462285736,0.16924385441665787,0.0,0.0
511,0,127,4,M,3,0.8862817580466444,0.8874961781406188,0.9,0.8874961781406188,0.00025334977477266263,0.08118295458386696,0.8862817580466444,0.8874961781406189,0.0,0.0
512,0,128,4,M,0,0.8499541091833601,0.6240028597878423,0.64,0.6240028597878423,0.0002815684999491891,0.08118295458386696,0.851278274646877,0.6251839767456417,0.0,0.0
513,0,128,4,M,1,0.6239985810257147,0.8422638419777185,0.1,0.8422638419777185,0.00026341393706830196,0.08118295458386696,0.6239985810257147,0.8422638419777186,0.0,0.0
514,0,128,4,M,2,0.1694865462285736,0.16924385441665787,0.1,0.16924385441665787,0.00031510081957017433,0.08118295458386696,0.16948654622857362,0.16924385441665787,0.0,0.0
515,0,128,4,M,3,0.8862817580466444,0.8874961781406189,0.9,0.8874961781406189,0.00025334977477266263,0.08118295458386696,0.885906677960131,0.8880864888219152,0.0,0.0
516,0,129,4,M,0,0.851278274646877,0.6251839767456417,0.64,0.6251839767456417,0.0002815684999491891,0.08118295458386696,0.8511446634870722,0.6267811115726664,0.0,0.0
517,0,129,4,M,1,0.6239985810257147,0.8422638419777186,0.1,0.8422638419777186,0.00026341393706830196,0.08118295458386696,0.6239985810257147,0.8422638419777185,0.0,0.0
518,0,129,4,M,2,0.16948654622857362,0.16924385441665787,0.1,0.16924385441665787,0.00031510081957017433,0.08118295458386696,0.1694865462285736,0.16924385441665787,0.0,0.0
519,0,129,4,M,3,0.885906677960131,0.8880864888219152,0.9,0.8880864888219152,0.00025334977477266263,0.08118295458386696,0.8861240267575206,0.8886929244331232,0.0,0.0
520,0,130,4,M,0,0.8511446634870722,0.6267811115726664,0.64,0.6267811115726664,0.0002815684999491891,0.08118295458386696,0.8525213032511636,0.627828179333262,0.0,0.0
521,0,130,4,M,1,0.6239985810257147,0.8422638419777185,0.1,0.8422638419777185,0.00026341393706830196,0.08118295458386696,0.6239985810257147,0.8422638419777184,0.0,0.0
522,0,130,4,M,2,0.1694865462285736,0.16924385441665787,0.1,0.16924385441665787,0.00031510081957017433,0.08118295458386696,0.16948654622857362,0.16924385441665787,0.0,0.0
523,0,130,4,M,3,0.8861240267575206,0.8886929244331232,0.9,0.8886929244331232,0.00025334977477266263,0.08118295458386696,0.8856976165296684,0.8892497072379775,0.0,0.0
524,0,131,4,M,0,0.8525213032511636,0.627828179333262,0.64,0.627828179333262,0.0002815684999491891,0.08118295458386696,0.8526314771470683,0.6278778148418849,0.0,0.0
525,0,131,4,M,1,0.6239985810257147,0.8422638419777184,0.1,0.8422638419777184,0.00026341393706830196,0.08118295458386696,0.6239558772951422,0.8421504791098408,0.0,0.0
526,0,131,4,M,2,0.16948654622857362,0.16924385441665787,0.1,0.16924385441665787,0.00031510081957017433,0.08118295458386696,0.1694865462285736,0.16924385441665787,0.0,0.0
527,0,131,4,M,3,0.8856976165296684,0.8892497072379775,0.9,0.8892497072379775,0.00025334977477266263,0.08118295458386696,0.8856976165296685,0.8892497072379775,0.0,0.0
528,0,132,4,M,0,0.8526314771470683,0.6278778148418849,0.64,0.6278778148418849,0.0002815684999491891,0.08118295458386696,0.8526314771470683,0.6278778148418849,0.0,0.0
529,0,132,4,M,1,0.6239558772951422,0.8421504791098408,0.1,0.8421504791098408,0.00026341393706830196,0.08118295458386696,0.6239558772951421,0.8421504791098408,0.0,0.0
530,0,132,4,M,2,0.1694865462285736,0.16924385441665787,0.1,0.16924385441665787,0.00031510081957017433,0.08118295458386696,0.16948654622857362,0.16924385441665787,0.0,0.0
531,0,132,4,M,3,0.8856976165296685,0.8892497072379775,0.9,0.8892497072379775,0.00025334977477266263,0.08118295458386696,0.8856976165296686,0.8892497072379777,0.0,0.0
532,0,133,4,M,0,0.8526314771470683,0.6278778148418849,0.64,0.6278778148418849,0.0002815684999491891,0.08118295458386696,0.8526314771470683,0.6278778148418849,0.0,0.0
533,0,133,4,M,1,0.6239558772951421,0.8421504791098408,0.1,0.8421504791098408,0.00026341393706830196,0.08118295458386696,0.6239558772951421,0.8421504791098406,0.0,0.0
534,0,133,4,M,2,0.16948654622857362,0.16924385441665787,0.1,0.16924385441665787,0.00031510081957017433,0.08118295458386696,0.16948654622857362,0.16924385441665787,0.0,0.0
535,0,133,4,M,3,0.8856976165296686,0.8892497072379777,0.9,0.8892497072379777,0.00025334977477266263,0.08118295458386696,0.8856976165296685,0.8892497072379776,0.0,0.0
536,0,134,4,M,0,0.8526314771470683,0.6278778148418849,0.64,0.6278778148418849,0.0002815684999491891,0.08118295458386696,0.8526314771470682,0.6278778148418848,0.0,0.0
537,0,134,4,M,1,0.6239558772951421,0.8421504791098406,0.1,0.8421504791098406,0.00026341393706830196,0.08118295458386696,0.6239558772951421,0.8421504791098408,0.0,0.0
538,0,134,4,M,2,0.16948654622857362,0.16924385441665787,0.1,0.16924385441665787,0.00031510081957017433,0.08118295458386696,0.1694865462285736,0.16924385441665787,0.0,0.0
539,0,134,4,M,3,0.8856976165296685,0.8892497072379776,0.9,0.8892497072379776,0.00025334977477266263,0.08118295458386696,0.8856976165296685,0.8892497072379776,0.0,0.0
540,0,135,4,M,0,0.8526314771470682,0.6278778148418848,0.64,0.6278778148418848,0.0002815684999491891,0.08118295458386696,0.8526314771470682,0.6278778148418848,0.0,0.0
541,0,135,4,M,1,0.6239558772951421,0.8421504791098408,0.1,0.8421504791098408,0.00026341393706830196,0.08118295458386696,0.6239558772951421,0.8421504791098408,0.0,0.0
542,0,135,4,M,2,0.1694865462285736,0.16924385441665787,0.1,0.16924385441665787,0.00031510081957017433,0.08118295458386696,0.16948654622857362,0.16924385441665787,0.0,0.0
543,0,135,4,M,3,0.8856976165296685,0.8892497072379776,0.9,0.8892497072379776,0.00025334977477266263,0.08118295458386696,0.8856976165296686,0.8892497072379777,0.0,0.0
544,0,136,4,M,0,0.8526314771470682,0.6278778148418848,0.64,0.6278778148418848,0.0002815684999491891,0.08118295458386696,0.8526314771470682,0.6278778148418848,0.0,0.0
545,0,136,4,M,1,0.6239558772951421,0.8421504791098408,0.1,0.8421504791098408,0.00026341393706830196,0.08118295458386696,0.6239558772951421,0.8421504791098406,0.0,0.0
546,0,136,4,M,2,0.16948654622857362,0.16924385441665787,0.1,0.16924385441665787,0.00031510081957017433,0.08118295458386696,0.1694865462285736,0.16924385441665787,0.0,0.0
547,0,136,4,M,3,0.8856976165296686,0.8892497072379777,0.9,0.8892497072379777,0.00025334977477266263,0.08118295458386696,0.8856976165296686,0.8892497072379777,0.0,0.0
548,0,137,4,M,0,0.8526314771470682,0.6278778148418848,0.64,0.6278778148418848,0.0002815684999491891,0.08118295458386696,0.8526314771470683,0.6278778148418849,0.0,0.0
549,0,137,4,M,1,0.6239558772951421,0.8421504791098406,0.1,0.8421504791098406,0.00026341393706830196,0.08118295458386696,0.6239558772951421,0.8421504791098406,0.0,0.0
550,0,137,4,M,2,0.1694865462285736,0.16924385441665787,0.1,0.16924385441665787,0.00031510081957017433,0.08118295458386696,0.1694865462285736,0.16924385441665787,0.0,0.0
551,0,137,4,M,3,0.8856976165296686,0.8892497072379777,0.9,0.8892497072379777,0.00025334977477266263,0.08118295458386696,0.8856976165296685,0.8892497072379776,0.0,0.0
552,0,138,4,M,0,0.8526314771470683,0.6278778148418849,0.64,0.6278778148418849,0.0002815684999491891,0.08118295458386696,0.8526314771470682,0.6278778148418848,0.0,0.0
553,0,138,4,M,1,0.6239558772951421,0.8421504791098406,0.1,0.8421504791098406,0.00026341393706830196,0.08118295458386696,0.6239558772951421,0.8421504791098408,0.0,0.0
554,0,138,4,M,2,0.1694865462285736,0.16924385441665787,0.1,0.16924385441665787,0.00031510081957017433,0.08118295458386696,0.1694865462285736,0.16924385441665787,0.0,0.0
555,0,138,4,M,3,0.8856976165296685,0.8892497072379776,0.9,0.8892497072379776,0.00025334977477266263,0.08118295458386696,0.8856976165296685,0.8892497072379776,0.0,0.0
556,0,139,4,M,0,0.8526314771470682,0.6278778148418848,0.64,0.6278778148418848,0.0002815684999491891,0.08118295458386696,0.8526314771470682,0.6278778148418848,0.0,0.0
557,0,139,4,M,1,0.6239558772951421,0.8421504791098408,0.1,0.8421504791098408,0.00026341393706830196,0.08118295458386696,0.6239558772951421,0.8421504791098408,0.0,0.0
558,0,139,4,M,2,0.1694865462285736,0.16924385441665787,0.1,0.16924385441665787,0.00031510081957017433,0.08118295458386696,0.16948654622857362,0.16924385441665787,0.0,0.0
559,0,139,4,M,3,0.8856976165296685,0.8892497072379776,0.9,0.8892497072379776,0.00025334977477266263,0.08118295458386696,0.8856976165296686,0.8892497072379777,0.0,0.0
560,0,140,4,M,0,0.8526314771470682,0.6278778148418848,0.64,0.6278778148418848,0.0002815684999491891,0.08118295458386696,0.8526314771470682,0.6278778148418848,0.0,0.0
561,0,140,4,M,1,0.6239558772951421,0.8421504791098408,0.1,0.8421504791098408,0.00026341393706830196,0.08118295458386696,0.6239558772951421,0.8421504791098406,0.0,0.0
562,0,140,4,M,2,0.16948654622857362,0.16924385441665787,0.1,0.16924385441665787,0.00031510081957017433,0.08118295458386696,0.1694865462285736,0.16924385441665787,0.0,0.0
563,0,140,4,M,3,0.8856976165296686,0.8892497072379777,0.9,0.8892497072379777,0.00025334977477266263,0.08118295458386696,0.8856976165296686,0.8892497072379777,0.0,0.0
564,0,141,4,M,0,0.8526314771470682,0.6278778148418848,0.64,0.6278778148418848,0.0002815684999491891,0.08118295458386696,0.8526314771470683,0.6278778148418849,0.0,0.0
565,0,141,4,M,1,0.6239558772951421,0.8421504791098406,0.1,0.8421504791098406,0.00026341393706830196,0.08118295458386696,0.6239558772951421,0.8421504791098406,0.0,0.0
566,0,141,4,M,2,0.1694865462285736,0.16924385441665787,0.1,0.16924385441665787,0.00031510081957017433,0.08118295458386696,0.1694865462285736,0.16924385441665787,0.0,0.0
567,0,141,4,M,3,0.8856976165296686,0.8892497072379777,0.9,0.8892497072379777,0.00025334977477266263,0.08118295458386696,0.8856976165296685,0.8892497072379776,0.0,0.0
568,0,142,4,M,0,0.8526314771470683,0.6278778148418849,0.64,0.6278778148418849,0.0002815684999491891,0.08118295458386696,0.8526314771470682,0.6278778148418848,0.0,0.0
569,0,142,4,M,1,0.6239558772951421,0.8421504791098406,0.1,0.8421504791098406,0.00026341393706830196,0.08118295458386696,0.6239558772951421,0.8421504791098408,0.0,0.0
570,0,142,4,M,2,0.1694865462285736,0.16924385441665787,0.1,0.16924385441665787,0.00031510081957017433,0.08118295458386696,0.1694865462285736,0.16924385441665787,0.0,0.0
571,0,142,4,M,3,0.8856976165296685,0.8892497072379776,0.9,0.8892497072379776,0.00025334977477266263,0.08118295458386696,0.8856976165296685,0.8892497072379776,0.0,0.0
572,0,143,4,M,0,0.8526314771470682,0.6278778148418848,0.64,0.6278778148418848,0.0002815684999491891,0.08118295458386696,0.8526314771470682,0.6278778148418848,0.0,0.0
573,0,143,4,M,1,0.6239558772951421,0.8421504791098408,0.1,0.8421504791098408,0.00026341393706830196,0.08118295458386696,0.6239558772951421,0.8421504791098408,0.0,0.0
574,0,143,4,M,2,0.1694865462285736,0.16924385441665787,0.1,0.16924385441665787,0.00031510081957017433,0.08118295458386696,0.16948654622857362,0.16924385441665787,0.0,0.0
575,0,143,4,M,3,0.8856976165296685,0.8892497072379776,0.9,0.8892497072379776,0.00025334977477266263,0.08118295458386696,0.8856976165296686,0.8892497072379777,0.0,0.0
576,0,144,4,M,0,0.8526314771470682,0.6278778148418848,0.64,0.6278778148418848,0.0002815684999491891,0.08118295458386696,0.8526314771470682,0.6278778148418848,0.0,0.0
577,0,144,4,M,1,0.6239558772951421,0.8421504791098408,0.1,0.8421504791098408,0.00026341393706830196,0.08118295458386696,0.6239558772951421,0.8421504791098406,0.0,0.0
578,0,144,4,M,2,0.16948654622857362,0.16924385441665787,0.1,0.16924385441665787,0.00031510081957017433,0.08118295458386696,0.1694865462285736,0.16924385441665787,0.0,0.0
579,0,144,4,M,3,0.8856976165296686,0.8892497072379777,0.9,0.8892497072379777,0.00025334977477266263,0.08118295458386696,0.8856976165296686,0.8892497072379777,0.0,0.0
580,0,145,4,M,0,0.8526314771470682,0.6278778148418848,0.64,0.6278778148418848,0.0002815684999491891,0.08118295458386696,0.8526314771470683,0.6278778148418849,0.0,0.0
581,0,145,4,M,1,0.6239558772951421,0.8421504791098406,0.1,0.8421504791098406,0.00026341393706830196,0.08118295458386696,0.6239558772951421,0.8421504791098406,0.0,0.0
582,0,145,4,M,2,0.1694865462285736,0.16924385441665787,0.1,0.16924385441665787,0.00031510081957017433,0.08118295458386696,0.1694865462285736,0.16924385441665787,0.0,0.0
583,0,145,4,M,3,0.8856976165296686,0.8892497072379777,0.9,0.8892497072379777,0.00025334977477266263,0.08118295458386696,0.8856976165296685,0.8892497072379776,0.0,0.0
584,0,146,4,M,0,0.8526314771470683,0.6278778148418849,0.64,0.6278778148418849,0.0002815684999491891,0.08118295458386696,0.8526314771470682,0.6278778148418848,0.0,0.0
585,0,146,4,M,1,0.6239558772951421,0.8421504791098406,0.1,0.8421504791098406,0.00026341393706830196,0.08118295458386696,0.6239558772951421,0.8421504791098408,0.0,0.0
586,0,146,4,M,2,0.1694865462285736,0.16924385441665787,0.1,0.16924385441665787,0.00031510081957017433,0.08118295458386696,0.1694865462285736,0.16924385441665787,0.0,0.0
587,0,146,4,M,3,0.8856976165296685,0.8892497072379776,0.9,0.8892497072379776,0.00025334977477266263,0.08118295458386696,0.8856976165296685,0.8892497072379776,0.0,0.0
588,0,147,4,M,0,0.8526314771470682,0.6278778148418848,0.64,0.6278778148418848,0.0002815684999491891,0.08118295458386696,0.8526314771470682,0.6278778148418848,0.0,0.0
589,0,147,4,M,1,0.6239558772951421,0.8421504791098408,0.1,0.8421504791098408,0.00026341393706830196,0.08118295458386696,0.6239558772951421,0.8421504791098408,0.0,0.0
590,0,147,4,M,2,0.1694865462285736,0.16924385441665787,0.1,0.16924385441665787,0.00031510081957017433,0.08118295458386696,0.16948654622857362,0.16924385441665787,0.0,0.0
591,0,147,4,M,3,0.8856976165296685,0.8892497072379776,0.9,0.8892497072379776,0.00025334977477266263,0.08118295458386696,0.8856976165296686,0.8892497072379777,0.0,0.0
592,0,148,4,M,0,0.8526314771470682,0.6278778148418848,0.64,0.6278778148418848,0.0002815684999491891,0.08118295458386696,0.8526314771470682,0.6278778148418848,0.0,0.0
593,0,148,4,M,1,0.6239558772951421,0.8421504791098408,0.1,0.8421504791098408,0.00026341393706830196,0.08118295458386696,0.6239558772951421,0.8421504791098406,0.0,0.0
594,0,148,4,M,2,0.16948654622857362,0.16924385441665787,0.1,0.16924385441665787,0.00031510081957017433,0.08118295458386696,0.1694865462285736,0.16924385441665787,0.0,0.0
595,0,148,4,M,3,0.8856976165296686,0.8892497072379777,0.9,0.8892497072379777,0.00025334977477266263,0.08118295458386696,0.8856976165296686,0.8892497072379777,0.0,0.0
596,0,149,4,M,0,0.8526314771470682,0.6278778148418848,0.64,0.6278778148418848,0.0002815684999491891,0.08118295458386696,0.8526314771470683,0.6278778148418849,0.0,0.0
597,0,149,4,M,1,0.6239558772951421,0.8421504791098406,0.1,0.8421504791098406,0.00026341393706830196,0.08118295458386696,0.6239558772951421,0.8421504791098406,0.0,0.0
598,0,149,4,M,2,0.1694865462285736,0.16924385441665787,0.1,0.16924385441665787,0.00031510081957017433,0.08118295458386696,0.1694865462285736,0.16924385441665787,0.0,0.0
599,0,149,4,M,3,0.8856976165296686,0.8892497072379777,0.9,0.8892497072379777,0.00025334977477266263,0.08118295458386696,0.8856976165296685,0.8892497072379776,0.0,0.0
600,0,150,4,M,0,0.8526314771470683,0.6278778148418849,0.64,0.6278778148418849,0.0002815684999491891,0.08118295458386696,0.8526314771470682,0.6278778148418848,0.0,0.0
601,0,150,4,M,1,0.6239558772951421,0.8421504791098406,0.1,0.8421504791098406,0.00026341393706830196,0.08118295458386696,0.6239558772951421,0.8421504791098408,0.0,0.0
602,0,150,4,M,2,0.1694865462285736,0.16924385441665787,0.1,0.16924385441665787,0.00031510081957017433,0.08118295458386696,0.1694865462285736,0.16924385441665787,0.0,0.0
603,0,150,4,M,3,0.8856976165296685,0.8892497072379776,0.9,0.8892497072379776,0.00025334977477266263,0.08118295458386696,0.8856976165296685,0.8892497072379776,0.0,0.0
604,0,151,4,M,0,0.8526314771470682,0.6278778148418848,0.64,0.6278778148418848,0.0002815684999491891,0.08118295458386696,0.8526314771470682,0.6278778148418848,0.0,0.0
605,0,151,4,M,1,0.6239558772951421,0.8421504791098408,0.1,0.8421504791098408,0.00026341393706830196,0.08118295458386696,0.6239558772951421,0.8421504791098408,0.0,0.0
606,0,151,4,M,2,0.1694865462285736,0.16924385441665787,0.1,0.16924385441665787,0.00031510081957017433,0.08118295458386696,0.16948654622857362,0.16924385441665787,0.0,0.0
607,0,151,4,M,3,0.8856976165296685,0.8892497072379776,0.9,0.8892497072379776,0.00025334977477266263,0.08118295458386696,0.8856976165296686,0.8892497072379777,0.0,0.0
608,0,152,4,M,0,0.8526314771470682,0.6278778148418848,0.64,0.6278778148418848,0.0002815684999491891,0.08118295458386696,0.8526314771470682,0.6278778148418848,0.0,0.0
609,0,152,4,M,1,0.6239558772951421,0.8421504791098408,0.1,0.8421504791098408,0.00026341393706830196,0.08118295458386696,0.6239558772951421,0.8421504791098406,0.0,0.0
610,0,152,4,M,2,0.16948654622857362,0.16924385441665787,0.1,0.16924385441665787,0.00031510081957017433,0.08118295458386696,0.1694865462285736,0.16924385441665787,0.0,0.0
611,0,152,4,M,3,0.8856976165296686,0.8892497072379777,0.9,0.8892497072379777,0.00025334977477266263,0.08118295458386696,0.8856976165296686,0.8892497072379777,0.0,0.0
612,0,153,4,M,0,0.8526314771470682,0.6278778148418848,0.64,0.6278778148418848,0.0002815684999491891,0.08118295458386696,0.8526314771470683,0.6278778148418849,0.0,0.0
613,0,153,4,M,1,0.6239558772951421,0.8421504791098406,0.1,0.8421504791098406,0.00026341393706830196,0.08118295458386696,0.6239558772951421,0.8421504791098406,0.0,0.0
614,0,153,4,M,2,0.1694865462285736,0.16924385441665787,0.1,0.16924385441665787,0.00031510081957017433,0.08118295458386696,0.1694865462285736,0.16924385441665787,0.0,0.0
615,0,153,4,M,3,0.8856976165296686,0.8892497072379777,0.9,0.8892497072379777,0.00025334977477266263,0.08118295458386696,0.8856976165296685,0.8892497072379776,0.0,0.0
616,0,154,4,M,0,0.8526314771470683,0.6278778148418849,0.64,0.6278778148418849,0.0002815684999491891,0.08118295458386696,0.8526314771470682,0.6278778148418848,0.0,0.0
617,0,154,4,M,1,0.6239558772951421,0.8421504791098406,0.1,0.8421504791098406,0.00026341393706830196,0.08118295458386696,0.6239558772951421,0.8421504791098408,0.0,0.0
618,0,154,4,M,2,0.1694865462285736,0.16924385441665787,0.1,0.16924385441665787,0.00031510081957017433,0.08118295458386696,0.1694865462285736,0.16924385441665787,0.0,0.0
619,0,154,4,M,3,0.8856976165296685,0.8892497072379776,0.9,0.8892497072379776,0.00025334977477266263,0.08118295458386696,0.8856976165296685,0.8892497072379776,0.0,0.0
620,0,155,4,M,0,0.8526314771470682,0.6278778148418848,0.64,0.6278778148418848,0.0002815684999491891,0.08118295458386696,0.8526314771470682,0.6278778148418848,0.0,0.0
621,0,155,4,M,1,0.6239558772951421,0.8421504791098408,0.1,0.8421504791098408,0.00026341393706830196,0.08118295458386696,0.6239558772951421,0.8421504791098408,0.0,0.0
622,0,155,4,M,2,0.1694865462285736,0.16924385441665787,0.1,0.16924385441665787,0.00031510081957017433,0.08118295458386696,0.16948654622857362,0.16924385441665787,0.0,0.0
623,0,155,4,M,3,0.8856976165296685,0.8892497072379776,0.9,0.8892497072379776,0.00025334977477266263,0.08118295458386696,0.8856976165296686,0.8892497072379777,0.0,0.0
624,0,156,4,M,0,0.8526314771470682,0.6278778148418848,0.64,0.6278778148418848,0.0002815684999491891,0.08118295458386696,0.8526314771470682,0.6278778148418848,0.0,0.0
625,0,156,4,M,1,0.6239558772951421,0.8421504791098408,0.1,0.8421504791098408,0.00026341393706830196,0.08118295458386696,0.6239558772951421,0.8421504791098406,0.0,0.0
626,0,156,4,M,2,0.16948654622857362,0.16924385441665787,0.1,0.16924385441665787,0.00031510081957017433,0.08118295458386696,0.1694865462285736,0.16924385441665787,0.0,0.0
627,0,156,4,M,3,0.8856976165296686,0.8892497072379777,0.9,0.8892497072379777,0.00025334977477266263,0.08118295458386696,0.8856976165296686,0.8892497072379777,0.0,0.0
628,0,157,4,M,0,0.8526314771470682,0.6278778148418848,0.64,0.6278778148418848,0.0002815684999491891,0.08118295458386696,0.8526314771470683,0.6278778148418849,0.0,0.0
629,0,157,4,M,1,0.6239558772951421,0.8421504791098406,0.1,0.8421504791098406,0.00026341393706830196,0.08118295458386696,0.6239558772951421,0.8421504791098406,0.0,0.0
630,0,157,4,M,2,0.1694865462285736,0.16924385441665787,0.1,0.16924385441665787,0.00031510081957017433,0.08118295458386696,0.1694865462285736,0.16924385441665787,0.0,0.0
631,0,157,4,M,3,0.8856976165296686,0.8892497072379777,0.9,0.8892497072379777,0.00025334977477266263,0.08118295458386696,0.8856976165296685,0.8892497072379776,0.0,0.0
632,0,158,4,M,0,0.8526314771470683,0.6278778148418849,0.64,0.6278778148418849,0.0002815684999491891,0.08118295458386696,0.8526314771470682,0.6278778148418848,0.0,0.0
633,0,158,4,M,1,0.6239558772951421,0.8421504791098406,0.1,0.8421504791098406,0.00026341393706830196,0.08118295458386696,0.6239558772951421,0.8421504791098408,0.0,0.0
634,0,158,4,M,2,0.1694865462285736,0.16924385441665787,0.1,0.16924385441665787,0.00031510081957017433,0.08118295458386696,0.1694865462285736,0.16924385441665787,0.0,0.0
635,0,158,4,M,3,0.8856976165296685,0.8892497072379776,0.9,0.8892497072379776,0.00025334977477266263,0.08118295458386696,0.8856976165296685,0.8892497072379776,0.0,0.0
636,0,159,4,M,0,0.8526314771470682,0.6278778148418848,0.64,0.6278778148418848,0.0002815684999491891,0.08118295458386696,0.8526314771470682,0.6278778148418848,0.0,0.0
637,0,159,4,M,1,0.6239558772951421,0.8421504791098408,0.1,0.8421504791098408,0.00026341393706830196,0.08118295458386696,0.6239558772951421,0.8421504791098408,0.0,0.0
638,0,159,4,M,2,0.1694865462285736,0.16924385441665787,0.1,0.16924385441665787,0.00031510081957017433,0.08118295458386696,0.16948654622857362,0.16924385441665787,0.0,0.0
639,0,159,4,M,3,0.8856976165296685,0.8892497072379776,0.9,0.8892497072379776,0.00025334977477266263,0.08118295458386696,0.8856976165296686,0.8892497072379777,0.0,0.0
640,0,160,4,M,0,0.8526314771470682,0.6278778148418848,0.64,0.6278778148418848,0.0002815684999491891,0.08118295458386696,0.8526314771470682,0.6278778148418848,0.0,0.0
641,0,160,4,M,1,0.6239558772951421,0.8421504791098408,0.1,0.8421504791098408,0.00026341393706830196,0.08118295458386696,0.6239558772951421,0.8421504791098406,0.0,0.0
642,0,160,4,M,2,0.16948654622857362,0.16924385441665787,0.1,0.16924385441665787,0.00031510081957017433,0.08118295458386696,0.1694865462285736,0.16924385441665787,0.0,0.0
643,0,160,4,M,3,0.8856976165296686,0.8892497072379777,0.9,0.8892497072379777,0.00025334977477266263,0.08118295458386696,0.8856976165296686,0.8892497072379777,0.0,0.0
644,0,161,4,M,0,0.8526314771470682,0.6278778148418848,0.64,0.6278778148418848,0.0002815684999491891,0.08118295458386696,0.8526314771470683,0.6278778148418849,0.0,0.0
645,0,161,4,M,1,0.6239558772951421,0.8421504791098406,0.1,0.8421504791098406,0.00026341393706830196,0.08118295458386696,0.6239558772951421,0.8421504791098406,0.0,0.0
646,0,161,4,M,2,0.1694865462285736,0.16924385441665787,0.1,0.16924385441665787,0.00031510081957017433,0.08118295458386696,0.1694865462285736,0.16924385441665787,0.0,0.0
647,0,161,4,M,3,0.8856976165296686,0.8892497072379777,0.9,0.8892497072379777,0.00025334977477266263,0.08118295458386696,0.8856976165296685,0.8892497072379776,0.0,0.0
648,0,162,4,M,0,0.8526314771470683,0.6278778148418849,0.64,0.6278778148418849,0.0002815684999491891,0.08118295458386696,0.8526314771470682,0.6278778148418848,0.0,0.0
649,0,162,4,M,1,0.6239558772951421,0.8421504791098406,0.1,0.8421504791098406,0.00026341393706830196,0.08118295458386696,0.6239558772951421,0.8421504791098408,0.0,0.0
650,0,162,4,M,2,0.1694865462285736,0.16924385441665787,0.1,0.16924385441665787,0.00031510081957017433,0.08118295458386696,0.1694865462285736,0.16924385441665787,0.0,0.0
651,0,162,4,M,3,0.8856976165296685,0.8892497072379776,0.9,0.8892497072379776,0.00025334977477266263,0.08118295458386696,0.8856976165296685,0.8892497072379776,0.0,0.0
652,0,163,4,M,0,0.8526314771470682,0.6278778148418848,0.64,0.6278778148418848,0.0002815684999491891,0.08118295458386696,0.8526314771470682,0.6278778148418848,0.0,0.0
653,0,163,4,M,1,0.6239558772951421,0.8421504791098408,0.1,0.8421504791098408,0.00026341393706830196,0.08118295458386696,0.6239558772951421,0.8421504791098408,0.0,0.0
654,0,163,4,M,2,0.1694865462285736,0.16924385441665787,0.1,0.16924385441665787,0.00031510081957017433,0.08118295458386696,0.16948654622857362,0.16924385441665787,0.0,0.0
655,0,163,4,M,3,0.8856976165296685,0.8892497072379776,0.9,0.8892497072379776,0.00025334977477266263,0.08118295458386696,0.8856976165296686,0.8892497072379777,0.0,0.0
656,0,164,4,M,0,0.8526314771470682,0.6278778148418848,0.64,0.6278778148418848,0.0002815684999491891,0.08118295458386696,0.8526314771470682,0.6278778148418848,0.0,0.0
657,0,164,4,M,1,0.6239558772951421,0.8421504791098408,0.1,0.8421504791098408,0.00026341393706830196,0.08118295458386696,0.6239558772951421,0.8421504791098406,0.0,0.0
658,0,164,4,M,2,0.16948654622857362,0.16924385441665787,0.1,0.16924385441665787,0.00031510081957017433,0.08118295458386696,0.1694865462285736,0.16924385441665787,0.0,0.0
659,0,164,4,M,3,0.8856976165296686,0.8892497072379777,0.9,0.8892497072379777,0.00025334977477266263,0.08118295458386696,0.8856976165296686,0.8892497072379777,0.0,0.0
660,0,165,4,M,0,0.8526314771470682,0.6278778148418848,0.64,0.6278778148418848,0.0002815684999491891,0.08118295458386696,0.8526314771470683,0.6278778148418849,0.0,0.0
661,0,165,4,M,1,0.6239558772951421,0.8421504791098406,0.1,0.8421504791098406,0.00026341393706830196,0.08118295458386696,0.6239558772951421,0.8421504791098406,0.0,0.0
662,0,165,4,M,2,0.1694865462285736,0.16924385441665787,0.1,0.16924385441665787,0.00031510081957017433,0.08118295458386696,0.1694865462285736,0.16924385441665787,0.0,0.0
663,0,165,4,M,3,0.8856976165296686,0.8892497072379777,0.9,0.8892497072379777,0.00025334977477266263,0.08118295458386696,0.8856976165296685,0.8892497072379776,0.0,0.0
664,0,166,4,M,0,0.8526314771470683,0.6278778148418849,0.64,0.6278778148418849,0.0002815684999491891,0.08118295458386696,0.8526314771470682,0.6278778148418848,0.0,0.0
665,0,166,4,M,1,0.6239558772951421,0.8421504791098406,0.1,0.8421504791098406,0.00026341393706830196,0.08118295458386696,0.6239558772951421,0.8421504791098408,0.0,0.0
666,0,166,4,M,2,0.1694865462285736,0.16924385441665787,0.1,0.16924385441665787,0.00031510081957017433,0.08118295458386696,0.1694865462285736,0.16924385441665787,0.0,0.0
667,0,166,4,M,3,0.8856976165296685,0.8892497072379776,0.9,0.8892497072379776,0.00025334977477266263,0.08118295458386696,0.8856976165296685,0.8892497072379776,0.0,0.0
668,0,167,4,M,0,0.8526314771470682,0.6278778148418848,0.64,0.6278778148418848,0.0002815684999491891,0.08118295458386696,0.8526314771470682,0.6278778148418848,0.0,0.0
669,0,167,4,M,1,0.6239558772951421,0.8421504791098408,0.1,0.8421504791098408,0.00026341393706830196,0.08118295458386696,0.6239558772951421,0.8421504791098408,0.0,0.0
670,0,167,4,M,2,0.1694865462285736,0.16924385441665787,0.1,0.16924385441665787,0.00031510081957017433,0.08118295458386696,0.16948654622857362,0.16924385441665787,0.0,0.0
671,0,167,4,M,3,0.8856976165296685,0.8892497072379776,0.9,0.8892497072379776,0.00025334977477266263,0.08118295458386696,0.8856976165296686,0.8892497072379777,0.0,0.0
672,0,168,4,M,0,0.8526314771470682,0.6278778148418848,0.64,0.6278778148418848,0.0002815684999491891,0.08118295458386696,0.8526314771470682,0.6278778148418848,0.0,0.0
673,0,168,4,M,1,0.6239558772951421,0.8421504791098408,0.1,0.8421504791098408,0.00026341393706830196,0.08118295458386696,0.6239558772951421,0.8421504791098406,0.0,0.0
674,0,168,4,M,2,0.16948654622857362,0.16924385441665787,0.1,0.16924385441665787,0.00031510081957017433,0.08118295458386696,0.1694865462285736,0.16924385441665787,0.0,0.0
675,0,168,4,M,3,0.8856976165296686,0.8892497072379777,0.9,0.8892497072379777,0.00025334977477266263,0.08118295458386696,0.8856976165296686,0.8892497072379777,0.0,0.0
676,0,169,4,M,0,0.8526314771470682,0.6278778148418848,0.64,0.6278778148418848,0.0002815684999491891,0.08118295458386696,0.8526314771470683,0.6278778148418849,0.0,0.0
677,0,169,4,M,1,0.6239558772951421,0.8421504791098406,0.1,0.8421504791098406,0.00026341393706830196,0.08118295458386696,0.6239558772951421,0.8421504791098406,0.0,0.0
678,0,169,4,M,2,0.1694865462285736,0.16924385441665787,0.1,0.16924385441665787,0.00031510081957017433,0.08118295458386696,0.1694865462285736,0.16924385441665787,0.0,0.0
679,0,169,4,M,3,0.8856976165296686,0.8892497072379777,0.9,0.8892497072379777,0.00025334977477266263,0.08118295458386696,0.8856976165296685,0.8892497072379776,0.0,0.0
680,0,170,4,M,0,0.8526314771470683,0.6278778148418849,0.64,0.6278778148418849,0.0002815684999491891,0.08118295458386696,0.8526314771470682,0.6278778148418848,0.0,0.0
681,0,170,4,M,1,0.6239558772951421,0.8421504791098406,0.1,0.8421504791098406,0.00026341393706830196,0.08118295458386696,0.6239558772951421,0.8421504791098408,0.0,0.0
682,0,170,4,M,2,0.1694865462285736,0.16924385441665787,0.1,0.16924385441665787,0.00031510081957017433,0.08118295458386696,0.1694865462285736,0.16924385441665787,0.0,0.0
683,0,170,4,M,3,0.8856976165296685,0.8892497072379776,0.9,0.8892497072379776,0.00025334977477266263,0.08118295458386696,0.8856976165296685,0.8892497072379776,0.0,0.0
684,0,171,4,M,0,0.8526314771470682,0.6278778148418848,0.64,0.6278778148418848,0.0002815684999491891,0.08118295458386696,0.8526314771470682,0.6278778148418848,0.0,0.0
685,0,171,4,M,1,0.6239558772951421,0.8421504791098408,0.1,0.8421504791098408,0.00026341393706830196,0.08118295458386696,0.6239558772951421,0.8421504791098408,0.0,0.0
686,0,171,4,M,2,0.1694865462285736,0.16924385441665787,0.1,0.16924385441665787,0.00031510081957017433,0.08118295458386696,0.16948654622857362,0.16924385441665787,0.0,0.0
687,0,171,4,M,3,0.8856976165296685,0.8892497072379776,0.9,0.8892497072379776,0.00025334977477266263,0.08118295458386696,0.8856976165296686,0.8892497072379777,0.0,0.0
688,0,172,4,M,0,0.8526314771470682,0.6278778148418848,0.64,0.6278778148418848,0.0002815684999491891,0.08118295458386696,0.8526314771470682,0.6278778148418848,0.0,0.0
689,0,172,4,M,1,0.6239558772951421,0.8421504791098408,0.1,0.8421504791098408,0.00026341393706830196,0.08118295458386696,0.6239558772951421,0.8421504791098406,0.0,0.0
690,0,172,4,M,2,0.16948654622857362,0.16924385441665787,0.1,0.16924385441665787,0.00031510081957017433,0.08118295458386696,0.1694865462285736,0.16924385441665787,0.0,0.0
691,0,172,4,M,3,0.8856976165296686,0.8892497072379777,0.9,0.8892497072379777,0.00025334977477266263,0.08118295458386696,0.8856976165296686,0.8892497072379777,0.0,0.0
692,0,173,4,M,0,0.8526314771470682,0.6278778148418848,0.64,0.6278778148418848,0.0002815684999491891,0.08118295458386696,0.8526314771470683,0.6278778148418849,0.0,0.0
693,0,173,4,M,1,0.6239558772951421,0.8421504791098406,0.1,0.8421504791098406,0.00026341393706830196,0.08118295458386696,0.6239558772951421,0.8421504791098406,0.0,0.0
694,0,173,4,M,2,0.1694865462285736,0.16924385441665787,0.1,0.16924385441665787,0.00031510081957017433,0.08118295458386696,0.1694865462285736,0.16924385441665787,0.0,0.0
695,0,173,4,M,3,0.8856976165296686,0.8892497072379777,0.9,0.8892497072379777,0.00025334977477266263,0.08118295458386696,0.8856976165296685,0.8892497072379776,0.0,0.0
696,0,174,4,M,0,0.8526314771470683,0.6278778148418849,0.64,0.6278778148418849,0.0002815684999491891,0.08118295458386696,0.8526314771470682,0.6278778148418848,0.0,0.0
697,0,174,4,M,1,0.6239558772951421,0.8421504791098406,0.1,0.8421504791098406,0.00026341393706830196,0.08118295458386696,0.6239558772951421,0.8421504791098408,0.0,0.0
698,0,174,4,M,2,0.1694865462285736,0.16924385441665787,0.1,0.16924385441665787,0.00031510081957017433,0.08118295458386696,0.1694865462285736,0.16924385441665787,0.0,0.0
699,0,174,4,M,3,0.8856976165296685,0.8892497072379776,0.9,0.8892497072379776,0.00025334977477266263,0.08118295458386696,0.8856976165296685,0.8892497072379776,0.0,0.0
700,0,175,4,M,0,0.8526314771470682,0.6278778148418848,0.64,0.6278778148418848,0.0002815684999491891,0.08118295458386696,0.8526314771470682,0.6278778148418848,0.0,0.0
701,0,175,4,M,1,0.6239558772951421,0.8421504791098408,0.1,0.8421504791098408,0.00026341393706830196,0.08118295458386696,0.6239558772951421,0.8421504791098408,0.0,0.0
702,0,175,4,M,2,0.1694865462285736,0.16924385441665787,0.1,0.16924385441665787,0.00031510081957017433,0.08118295458386696,0.16948654622857362,0.16924385441665787,0.0,0.0
703,0,175,4,M,3,0.8856976165296685,0.8892497072379776,0.9,0.8892497072379776,0.00025334977477266263,0.08118295458386696,0.8856976165296686,0.8892497072379777,0.0,0.0
704,0,176,4,M,0,0.8526314771470682,0.6278778148418848,0.64,0.6278778148418848,0.0002815684999491891,0.08118295458386696,0.8526314771470682,0.6278778148418848,0.0,0.0
705,0,176,4,M,1,0.6239558772951421,0.8421504791098408,0.1,0.8421504791098408,0.00026341393706830196,0.08118295458386696,0.6239558772951421,0.8421504791098406,0.0,0.0
706,0,176,4,M,2,0.16948654622857362,0.16924385441665787,0.1,0.16924385441665787,0.00031510081957017433,0.08118295458386696,0.1694865462285736,0.16924385441665787,0.0,0.0
707,0,176,4,M,3,0.8856976165296686,0.8892497072379777,0.9,0.8892497072379777,0.00025334977477266263,0.08118295458386696,0.8856976165296686,0.8892497072379777,0.0,0.0
708,0,177,4,M,0,0.8526314771470682,0.6278778148418848,0.64,0.6278778148418848,0.0002815684999491891,0.08118295458386696,0.8526314771470683,0.6278778148418849,0.0,0.0
709,0,177,4,M,1,0.6239558772951421,0.8421504791098406,0.1,0.8421504791098406,0.00026341393706830196,0.08118295458386696,0.6239558772951421,0.8421504791098406,0.0,0.0
710,0,177,4,M,2,0.1694865462285736,0.16924385441665787,0.1,0.16924385441665787,0.00031510081957017433,0.08118295458386696,0.1694865462285736,0.16924385441665787,0.0,0.0
711,0,177,4,M,3,0.8856976165296686,0.8892497072379777,0.9,0.8892497072379777,0.00025334977477266263,0.08118295458386696,0.8856976165296685,0.8892497072379776,0.0,0.0
712,0,178,4,M,0,0.8526314771470683,0.6278778148418849,0.64,0.6278778148418849,0.0002815684999491891,0.08118295458386696,0.8526314771470682,0.6278778148418848,0.0,0.0
713,0,178,4,M,1,0.6239558772951421,0.8421504791098406,0.1,0.8421504791098406,0.00026341393706830196,0.08118295458386696,0.6239558772951421,0.8421504791098408,0.0,0.0
714,0,178,4,M,2,0.1694865462285736,0.16924385441665787,0.1,0.16924385441665787,0.00031510081957017433,0.08118295458386696,0.1694865462285736,0.16924385441665787,0.0,0.0
715,0,178,4,M,3,0.8856976165296685,0.8892497072379776,0.9,0.8892497072379776,0.00025334977477266263,0.08118295458386696,0.8856976165296685,0.8892497072379776,0.0,0.0
716,0,179,4,M,0,0.8526314771470682,0.6278778148418848,0.64,0.6278778148418848,0.0002815684999491891,0.08118295458386696,0.8526314771470682,0.6278778148418848,0.0,0.0
717,0,179,4,M,1,0.6239558772951421,0.8421504791098408,0.1,0.8421504791098408,0.00026341393706830196,0.08118295458386696,0.6239558772951421,0.8421504791098408,0.0,0.0
718,0,179,4,M,2,0.1694865462285736,0.16924385441665787,0.1,0.16924385441665787,0.00031510081957017433,0.08118295458386696,0.16948654622857362,0.16924385441665787,0.0,0.0
719,0,179,4,M,3,0.8856976165296685,0.8892497072379776,0.9,0.8892497072379776,0.00025334977477266263,0.08118295458386696,0.8856976165296686,0.8892497072379777,0.0,0.0
720,0,180,4,M,0,0.8526314771470682,0.6278778148418848,0.64,0.6278778148418848,0.0002815684999491891,0.08118295458386696,0.8526314771470682,0.6278778148418848,0.0,0.0
721,0,180,4,M,1,0.6239558772951421,0.8421504791098408,0.1,0.8421504791098408,0.00026341393706830196,0.08118295458386696,0.6239558772951421,0.8421504791098406,0.0,0.0
722,0,180,4,M,2,0.16948654622857362,0.16924385441665787,0.1,0.16924385441665787,0.00031510081957017433,0.08118295458386696,0.1694865462285736,0.16924385441665787,0.0,0.0
723,0,180,4,M,3,0.8856976165296686,0.8892497072379777,0.9,0.8892497072379777,0.00025334977477266263,0.08118295458386696,0.8856976165296686,0.8892497072379777,0.0,0.0
724,0,181,4,M,0,0.8526314771470682,0.6278778148418848,0.64,0.6278778148418848,0.0002815684999491891,0.08118295458386696,0.8526314771470683,0.6278778148418849,0.0,0.0
725,0,181,4,M,1,0.6239558772951421,0.8421504791098406,0.1,0.8421504791098406,0.00026341393706830196,0.08118295458386696,0.6239558772951421,0.8421504791098406,0.0,0.0
726,0,181,4,M,2,0.1694865462285736,0.16924385441665787,0.1,0.16924385441665787,0.00031510081957017433,0.08118295458386696,0.1694865462285736,0.16924385441665787,0.0,0.0
727,0,181,4,M,3,0.8856976165296686,0.8892497072379777,0.9,0.8892497072379777,0.00025334977477266263,0.08118295458386696,0.8856976165296685,0.8892497072379776,0.0,0.0
728,0,182,4,M,0,0.8526314771470683,0.6278778148418849,0.64,0.6278778148418849,0.0002815684999491891,0.08118295458386696,0.8526314771470682,0.6278778148418848,0.0,0.0
729,0,182,4,M,1,0.6239558772951421,0.8421504791098406,0.1,0.8421504791098406,0.00026341393706830196,0.08118295458386696,0.6239558772951421,0.8421504791098408,0.0,0.0
730,0,182,4,M,2,0.1694865462285736,0.16924385441665787,0.1,0.16924385441665787,0.00031510081957017433,0.08118295458386696,0.1694865462285736,0.16924385441665787,0.0,0.0
731,0,182,4,M,3,0.8856976165296685,0.8892497072379776,0.9,0.8892497072379776,0.00025334977477266263,0.08118295458386696,0.8856976165296685,0.8892497072379776,0.0,0.0
732,0,183,4,M,0,0.8526314771470682,0.6278778148418848,0.64,0.6278778148418848,0.0002815684999491891,0.08118295458386696,0.8526314771470682,0.6278778148418848,0.0,0.0
733,0,183,4,M,1,0.6239558772951421,0.8421504791098408,0.1,0.8421504791098408,0.00026341393706830196,0.08118295458386696,0.6239558772951421,0.8421504791098408,0.0,0.0
734,0,183,4,M,2,0.1694865462285736,0.16924385441665787,0.1,0.16924385441665787,0.00031510081957017433,0.08118295458386696,0.16948654622857362,0.16924385441665787,0.0,0.0
735,0,183,4,M,3,0.8856976165296685,0.8892497072379776,0.9,0.8892497072379776,0.00025334977477266263,0.08118295458386696,0.8856976165296686,0.8892497072379777,0.0,0.0
736,0,184,4,M,0,0.8526314771470682,0.6278778148418848,0.64,0.6278778148418848,0.0002815684999491891,0.08118295458386696,0.8526314771470682,0.6278778148418848,0.0,0.0
737,0,184,4,M,1,0.6239558772951421,0.8421504791098408,0.1,0.8421504791098408,0.00026341393706830196,0.08118295458386696,0.6239558772951421,0.8421504791098406,0.0,0.0
738,0,184,4,M,2,0.16948654622857362,0.16924385441665787,0.1,0.16924385441665787,0.00031510081957017433,0.08118295458386696,0.1694865462285736,0.16924385441665787,0.0,0.0
739,0,184,4,M,3,0.8856976165296686,0.8892497072379777,0.9,0.8892497072379777,0.00025334977477266263,0.08118295458386696,0.8856976165296686,0.8892497072379777,0.0,0.0
740,0,185,4,M,0,0.8526314771470682,0.6278778148418848,0.64,0.6278778148418848,0.0002815684999491891,0.08118295458386696,0.8526314771470683,0.6278778148418849,0.0,0.0
741,0,185,4,M,1,0.6239558772951421,0.8421504791098406,0.1,0.8421504791098406,0.00026341393706830196,0.08118295458386696,0.6239558772951421,0.8421504791098406,0.0,0.0
742,0,185,4,M,2,0.1694865462285736,0.16924385441665787,0.1,0.16924385441665787,0.00031510081957017433,0.08118295458386696,0.1694865462285736,0.16924385441665787,0.0,0.0
743,0,185,4,M,3,0.8856976165296686,0.8892497072379777,0.9,0.8892497072379777,0.00025334977477266263,0.08118295458386696,0.8856976165296685,0.8892497072379776,0.0,0.0
744,0,186,4,M,0,0.8526314771470683,0.6278778148418849,0.64,0.6278778148418849,0.0002815684999491891,0.08118295458386696,0.8526314771470682,0.6278778148418848,0.0,0.0
745,0,186,4,M,1,0.6239558772951421,0.8421504791098406,0.1,0.8421504791098406,0.00026341393706830196,0.08118295458386696,0.6239558772951421,0.8421504791098408,0.0,0.0
746,0,186,4,M,2,0.1694865462285736,0.16924385441665787,0.1,0.16924385441665787,0.00031510081957017433,0.08118295458386696,0.1694865462285736,0.16924385441665787,0.0,0.0
747,0,186,4,M,3,0.8856976165296685,0.8892497072379776,0.9,0.8892497072379776,0.00025334977477266263,0.08118295458386696,0.8856976165296685,0.8892497072379776,0.0,0.0
748,0,187,4,M,0,0.8526314771470682,0.6278778148418848,0.64,0.6278778148418848,0.0002815684999491891,0.08118295458386696,0.8526314771470682,0.6278778148418848,0.0,0.0
749,0,187,4,M,1,0.6239558772951421,0.8421504791098408,0.1,0.8421504791098408,0.00026341393706830196,0.08118295458386696,0.6239558772951421,0.8421504791098408,0.0,0.0
750,0,187,4,M,2,0.1694865462285736,0.16924385441665787,0.1,0.16924385441665787,0.00031510081957017433,0.08118295458386696,0.16948654622857362,0.16924385441665787,0.0,0.0
751,0,187,4,M,3,0.8856976165296685,0.8892497072379776,0.9,0.8892497072379776,0.00025334977477266263,0.08118295458386696,0.8856976165296686,0.8892497072379777,0.0,0.0
752,0,188,4,M,0,0.8526314771470682,0.6278778148418848,0.64,0.6278778148418848,0.0002815684999491891,0.08118295458386696,0.8526314771470682,0.6278778148418848,0.0,0.0
753,0,188,4,M,1,0.6239558772951421,0.8421504791098408,0.1,0.8421504791098408,0.00026341393706830196,0.08118295458386696,0.6239558772951421,0.8421504791098406,0.0,0.0
754,0,188,4,M,2,0.16948654622857362,0.16924385441665787,0.1,0.16924385441665787,0.00031510081957017433,0.08118295458386696,0.1694865462285736,0.16924385441665787,0.0,0.0
755,0,188,4,M,3,0.8856976165296686,0.8892497072379777,0.9,0.8892497072379777,0.00025334977477266263,0.08118295458386696,0.8856976165296686,0.8892497072379777,0.0,0.0
756,0,189,4,M,0,0.8526314771470682,0.6278778148418848,0.64,0.6278778148418848,0.0002815684999491891,0.08118295458386696,0.8526314771470683,0.6278778148418849,0.0,0.0
757,0,189,4,M,1,0.6239558772951421,0.8421504791098406,0.1,0.8421504791098406,0.00026341393706830196,0.08118295458386696,0.6239558772951421,0.8421504791098406,0.0,0.0
758,0,189,4,M,2,0.1694865462285736,0.16924385441665787,0.1,0.16924385441665787,0.00031510081957017433,0.08118295458386696,0.1694865462285736,0.16924385441665787,0.0,0.0
759,0,189,4,M,3,0.8856976165296686,0.8892497072379777,0.9,0.8892497072379777,0.00025334977477266263,0.08118295458386696,0.8856976165296685,0.8892497072379776,0.0,0.0
760,0,190,4,M,0,0.8526314771470683,0.6278778148418849,0.64,0.6278778148418849,0.0002815684999491891,0.08118295458386696,0.8526314771470682,0.6278778148418848,0.0,0.0
761,0,190,4,M,1,0.6239558772951421,0.8421504791098406,0.1,0.8421504791098406,0.00026341393706830196,0.08118295458386696,0.6239558772951421,0.8421504791098408,0.0,0.0
762,0,190,4,M,2,0.1694865462285736,0.16924385441665787,0.1,0.16924385441665787,0.00031510081957017433,0.08118295458386696,0.1694865462285736,0.16924385441665787,0.0,0.0
763,0,190,4,M,3,0.8856976165296685,0.8892497072379776,0.9,0.8892497072379776,0.00025334977477266263,0.08118295458386696,0.8856976165296685,0.8892497072379776,0.0,0.0
764,0,191,4,M,0,0.8526314771470682,0.6278778148418848,0.64,0.6278778148418848,0.0002815684999491891,0.08118295458386696,0.8526314771470682,0.6278778148418848,0.0,0.0
765,0,191,4,M,1,0.6239558772951421,0.8421504791098408,0.1,0.8421504791098408,0.00026341393706830196,0.08118295458386696,0.6239558772951421,0.8421504791098408,0.0,0.0
766,0,191,4,M,2,0.1694865462285736,0.16924385441665787,0.1,0.16924385441665787,0.00031510081957017433,0.08118295458386696,0.16948654622857362,0.16924385441665787,0.0,0.0
767,0,191,4,M,3,0.8856976165296685,0.8892497072379776,0.9,0.8892497072379776,0.00025334977477266263,0.08118295458386696,0.8856976165296686,0.8892497072379777,0.0,0.0
768,0,192,4,M,0,0.8526314771470682,0.6278778148418848,0.64,0.6278778148418848,0.0002815684999491891,0.08118295458386696,0.8526314771470682,0.6278778148418848,0.0,0.0
769,0,192,4,M,1,0.6239558772951421,0.8421504791098408,0.1,0.8421504791098408,0.00026341393706830196,0.08118295458386696,0.6239558772951421,0.8421504791098406,0.0,0.0
770,0,192,4,M,2,0.16948654622857362,0.16924385441665787,0.1,0.16924385441665787,0.00031510081957017433,0.08118295458386696,0.1694865462285736,0.16924385441665787,0.0,0.0
771,0,192,4,M,3,0.8856976165296686,0.8892497072379777,0.9,0.8892497072379777,0.00025334977477266263,0.08118295458386696,0.8856976165296686,0.8892497072379777,0.0,0.0
772,0,193,4,M,0,0.8526314771470682,0.6278778148418848,0.64,0.6278778148418848,0.0002815684999491891,0.08118295458386696,0.8526314771470683,0.6278778148418849,0.0,0.0
773,0,193,4,M,1,0.6239558772951421,0.8421504791098406,0.1,0.8421504791098406,0.00026341393706830196,0.08118295458386696,0.6239558772951421,0.8421504791098406,0.0,0.0
774,0,193,4,M,2,0.1694865462285736,0.16924385441665787,0.1,0.16924385441665787,0.00031510081957017433,0.08118295458386696,0.1694865462285736,0.16924385441665787,0.0,0.0
775,0,193,4,M,3,0.8856976165296686,0.8892497072379777,0.9,0.8892497072379777,0.00025334977477266263,0.08118295458386696,0.8856976165296685,0.8892497072379776,0.0,0.0
776,0,194,4,M,0,0.8526314771470683,0.6278778148418849,0.64,0.6278778148418849,0.0002815684999491891,0.08118295458386696,0.8526314771470682,0.6278778148418848,0.0,0.0
777,0,194,4,M,1,0.6239558772951421,0.8421504791098406,0.1,0.8421504791098406,0.00026341393706830196,0.08118295458386696,0.6239558772951421,0.8421504791098408,0.0,0.0
778,0,194,4,M,2,0.1694865462285736,0.16924385441665787,0.1,0.16924385441665787,0.00031510081957017433,0.08118295458386696,0.1694865462285736,0.16924385441665787,0.0,0.0
779,0,194,4,M,3,0.8856976165296685,0.8892497072379776,0.9,0.8892497072379776,0.00025334977477266263,0.08118295458386696,0.8856976165296685,0.8892497072379776,0.0,0.0
780,0,195,4,M,0,0.8526314771470682,0.6278778148418848,0.64,0.6278778148418848,0.0002815684999491891,0.08118295458386696,0.8526314771470682,0.6278778148418848,0.0,0.0
781,0,195,4,M,1,0.6239558772951421,0.8421504791098408,0.1,0.8421504791098408,0.00026341393706830196,0.08118295458386696,0.6239558772951421,0.8421504791098408,0.0,0.0
782,0,195,4,M,2,0.1694865462285736,0.16924385441665787,0.1,0.16924385441665787,0.00031510081957017433,0.08118295458386696,0.16948654622857362,0.16924385441665787,0.0,0.0
783,0,195,4,M,3,0.8856976165296685,0.8892497072379776,0.9,0.8892497072379776,0.00025334977477266263,0.08118295458386696,0.8856976165296686,0.8892497072379777,0.0,0.0
784,0,196,4,M,0,0.8526314771470682,0.6278778148418848,0.64,0.6278778148418848,0.0002815684999491891,0.08118295458386696,0.8526314771470682,0.6278778148418848,0.0,0.0
785,0,196,4,M,1,0.6239558772951421,0.8421504791098408,0.1,0.8421504791098408,0.00026341393706830196,0.08118295458386696,0.6239558772951421,0.8421504791098406,0.0,0.0
786,0,196,4,M,2,0.16948654622857362,0.16924385441665787,0.1,0.16924385441665787,0.00031510081957017433,0.08118295458386696,0.1694865462285736,0.16924385441665787,0.0,0.0
787,0,196,4,M,3,0.8856976165296686,0.8892497072379777,0.9,0.8892497072379777,0.00025334977477266263,0.08118295458386696,0.8856976165296686,0.8892497072379777,0.0,0.0
788,0,197,4,M,0,0.8526314771470682,0.6278778148418848,0.64,0.6278778148418848,0.0002815684999491891,0.08118295458386696,0.8526314771470683,0.6278778148418849,0.0,0.0
789,0,197,4,M,1,0.6239558772951421,0.8421504791098406,0.1,0.8421504791098406,0.00026341393706830196,0.08118295458386696,0.6239558772951421,0.8421504791098406,0.0,0.0
790,0,197,4,M,2,0.1694865462285736,0.16924385441665787,0.1,0.16924385441665787,0.00031510081957017433,0.08118295458386696,0.1694865462285736,0.16924385441665787,0.0,0.0
791,0,197,4,M,3,0.8856976165296686,0.8892497072379777,0.9,0.8892497072379777,0.00025334977477266263,0.08118295458386696,0.8856976165296685,0.8892497072379776,0.0,0.0
792,0,198,4,M,0,0.8526314771470683,0.6278778148418849,0.64,0.6278778148418849,0.0002815684999491891,0.08118295458386696,0.8526314771470682,0.6278778148418848,0.0,0.0
793,0,198,4,M,1,0.6239558772951421,0.8421504791098406,0.1,0.8421504791098406,0.00026341393706830196,0.08118295458386696,0.6239558772951421,0.8421504791098408,0.0,0.0
794,0,198,4,M,2,0.1694865462285736,0.16924385441665787,0.1,0.16924385441665787,0.00031510081957017433,0.08118295458386696,0.1694865462285736,0.16924385441665787,0.0,0.0
795,0,198,4,M,3,0.8856976165296685,0.8892497072379776,0.9,0.8892497072379776,0.00025334977477266263,0.08118295458386696,0.8856976165296685,0.8892497072379776,0.0,0.0
796,0,199,4,M,0,0.8526314771470682,0.6278778148418848,0.64,0.6278778148418848,0.0002815684999491891,0.08118295458386696,0.8526314771470682,0.6278778148418848,0.0,0.0
797,0,199,4,M,1,0.6239558772951421,0.8421504791098408,0.1,0.8421504791098408,0.00026341393706830196,0.08118295458386696,0.6239558772951421,0.8421504791098408,0.0,0.0
798,0,199,4,M,2,0.1694865462285736,0.16924385441665787,0.1,0.16924385441665787,0.00031510081957017433,0.08118295458386696,0.16948654622857362,0.16924385441665787,0.0,0.0
799,0,199,4,M,3,0.8856976165296685,0.8892497072379776,0.9,0.8892497072379776,0.00025334977477266263,0.08118295458386696,0.8856976165296686,0.8892497072379777,0.0,0.0
800,0,200,4,M,0,0.8526314771470682,0.6278778148418848,0.64,0.6278778148418848,0.0002815684999491891,0.08118295458386696,0.8526314771470682,0.6278778148418848,0.0,0.0
801,0,200,4,M,1,0.6239558772951421,0.8421504791098408,0.1,0.8421504791098408,0.00026341393706830196,0.08118295458386696,0.6239558772951421,0.8421504791098406,0.0,0.0
802,0,200,4,M,2,0.16948654622857362,0.16924385441665787,0.1,0.16924385441665787,0.00031510081957017433,0.08118295458386696,0.1694865462285736,0.16924385441665787,0.0,0.0
803,0,200,4,M,3,0.8856976165296686,0.8892497072379777,0.9,0.8892497072379777,0.00025334977477266263,0.08118295458386696,0.8856976165296686,0.8892497072379777,0.0,0.0
804,0,201,4,M,0,0.8526314771470682,0.6278778148418848,0.64,0.6278778148418848,0.0002815684999491891,0.08118295458386696,0.8526314771470683,0.6278778148418849,0.0,0.0
805,0,201,4,M,1,0.6239558772951421,0.8421504791098406,0.1,0.8421504791098406,0.00026341393706830196,0.08118295458386696,0.6239558772951421,0.8421504791098406,0.0,0.0
806,0,201,4,M,2,0.1694865462285736,0.16924385441665787,0.1,0.16924385441665787,0.00031510081957017433,0.08118295458386696,0.1694865462285736,0.16924385441665787,0.0,0.0
807,0,201,4,M,3,0.8856976165296686,0.8892497072379777,0.9,0.8892497072379777,0.00025334977477266263,0.08118295458386696,0.8856976165296685,0.8892497072379776,0.0,0.0
808,0,202,4,M,0,0.8526314771470683,0.6278778148418849,0.64,0.6278778148418849,0.0002815684999491891,0.08118295458386696,0.8526314771470682,0.6278778148418848,0.0,0.0
809,0,202,4,M,1,0.6239558772951421,0.8421504791098406,0.1,0.8421504791098406,0.00026341393706830196,0.08118295458386696,0.6239558772951421,0.8421504791098408,0.0,0.0
810,0,202,4,M,2,0.1694865462285736,0.16924385441665787,0.1,0.16924385441665787,0.00031510081957017433,0.08118295458386696,0.1694865462285736,0.16924385441665787,0.0,0.0
811,0,202,4,M,3,0.8856976165296685,0.8892497072379776,0.9,0.8892497072379776,0.00025334977477266263,0.08118295458386696,0.8856976165296685,0.8892497072379776,0.0,0.0
812,0,203,4,M,0,0.8526314771470682,0.6278778148418848,0.64,0.6278778148418848,0.0002815684999491891,0.08118295458386696,0.8526314771470682,0.6278778148418848,0.0,0.0
813,0,203,4,M,1,0.6239558772951421,0.8421504791098408,0.1,0.8421504791098408,0.00026341393706830196,0.08118295458386696,0.6239558772951421,0.8421504791098408,0.0,0.0
814,0,203,4,M,2,0.1694865462285736,0.16924385441665787,0.1,0.16924385441665787,0.00031510081957017433,0.08118295458386696,0.16948654622857362,0.16924385441665787,0.0,0.0
815,0,203,4,M,3,0.8856976165296685,0.8892497072379776,0.9,0.8892497072379776,0.00025334977477266263,0.08118295458386696,0.8856976165296686,0.8892497072379777,0.0,0.0
816,0,204,4,M,0,0.8526314771470682,0.6278778148418848,0.64,0.6278778148418848,0.0002815684999491891,0.08118295458386696,0.8526314771470682,0.6278778148418848,0.0,0.0
817,0,204,4,M,1,0.6239558772951421,0.8421504791098408,0.1,0.8421504791098408,0.00026341393706830196,0.08118295458386696,0.6239558772951421,0.8421504791098406,0.0,0.0
818,0,204,4,M,2,0.16948654622857362,0.16924385441665787,0.1,0.16924385441665787,0.00031510081957017433,0.08118295458386696,0.1694865462285736,0.16924385441665787,0.0,0.0
819,0,204,4,M,3,0.8856976165296686,0.8892497072379777,0.9,0.8892497072379777,0.00025334977477266263,0.08118295458386696,0.8856976165296686,0.8892497072379777,0.0,0.0
820,0,205,4,M,0,0.8526314771470682,0.6278778148418848,0.64,0.6278778148418848,0.0002815684999491891,0.08118295458386696,0.8526314771470683,0.6278778148418849,0.0,0.0
821,0,205,4,M,1,0.6239558772951421,0.8421504791098406,0.1,0.8421504791098406,0.00026341393706830196,0.08118295458386696,0.6239558772951421,0.8421504791098406,0.0,0.0
822,0,205,4,M,2,0.1694865462285736,0.16924385441665787,0.1,0.16924385441665787,0.00031510081957017433,0.08118295458386696,0.1694865462285736,0.16924385441665787,0.0,0.0
823,0,205,4,M,3,0.8856976165296686,0.8892497072379777,0.9,0.8892497072379777,0.00025334977477266263,0.08118295458386696,0.8856976165296685,0.8892497072379776,0.0,0.0
824,0,206,4,M,0,0.8526314771470683,0.6278778148418849,0.64,0.6278778148418849,0.0002815684999491891,0.08118295458386696,0.8526314771470682,0.6278778148418848,0.0,0.0
825,0,206,4,M,1,0.6239558772951421,0.8421504791098406,0.1,0.8421504791098406,0.00026341393706830196,0.08118295458386696,0.6239558772951421,0.8421504791098408,0.0,0.0
826,0,206,4,M,2,0.1694865462285736,0.16924385441665787,0.1,0.16924385441665787,0.00031510081957017433,0.08118295458386696,0.1694865462285736,0.16924385441665787,0.0,0.0
827,0,206,4,M,3,0.8856976165296685,0.8892497072379776,0.9,0.8892497072379776,0.00025334977477266263,0.08118295458386696,0.8856976165296685,0.8892497072379776,0.0,0.0
828,0,207,4,M,0,0.8526314771470682,0.6278778148418848,0.64,0.6278778148418848,0.0002815684999491891,0.08118295458386696,0.8526314771470682,0.6278778148418848,0.0,0.0
829,0,207,4,M,1,0.6239558772951421,0.8421504791098408,0.1,0.8421504791098408,0.00026341393706830196,0.08118295458386696,0.6239558772951421,0.8421504791098408,0.0,0.0
830,0,207,4,M,2,0.1694865462285736,0.16924385441665787,0.1,0.16924385441665787,0.00031510081957017433,0.08118295458386696,0.16948654622857362,0.16924385441665787,0.0,0.0
831,0,207,4,M,3,0.8856976165296685,0.8892497072379776,0.9,0.8892497072379776,0.00025334977477266263,0.08118295458386696,0.8856976165296686,0.8892497072379777,0.0,0.0
832,0,208,4,M,0,0.8526314771470682,0.6278778148418848,0.64,0.6278778148418848,0.0002815684999491891,0.08118295458386696,0.8526314771470682,0.6278778148418848,0.0,0.0
833,0,208,4,M,1,0.6239558772951421,0.8421504791098408,0.1,0.8421504791098408,0.00026341393706830196,0.08118295458386696,0.6239558772951421,0.8421504791098406,0.0,0.0
834,0,208,4,M,2,0.16948654622857362,0.16924385441665787,0.1,0.16924385441665787,0.00031510081957017433,0.08118295458386696,0.1694865462285736,0.16924385441665787,0.0,0.0
835,0,208,4,M,3,0.8856976165296686,0.8892497072379777,0.9,0.8892497072379777,0.00025334977477266263,0.08118295458386696,0.8856976165296686,0.8892497072379777,0.0,0.0
836,0,209,4,M,0,0.8526314771470682,0.6278778148418848,0.64,0.6278778148418848,0.0002815684999491891,0.08118295458386696,0.8526314771470683,0.6278778148418849,0.0,0.0
837,0,209,4,M,1,0.6239558772951421,0.8421504791098406,0.1,0.8421504791098406,0.00026341393706830196,0.08118295458386696,0.6239558772951421,0.8421504791098406,0.0,0.0
838,0,209,4,M,2,0.1694865462285736,0.16924385441665787,0.1,0.16924385441665787,0.00031510081957017433,0.08118295458386696,0.1694865462285736,0.16924385441665787,0.0,0.0
839,0,209,4,M,3,0.8856976165296686,0.8892497072379777,0.9,0.8892497072379777,0.00025334977477266263,0.08118295458386696,0.8856976165296685,0.8892497072379776,0.0,0.0
840,0,210,4,M,0,0.8526314771470683,0.6278778148418849,0.64,0.6278778148418849,0.0002815684999491891,0.08118295458386696,0.8526314771470682,0.6278778148418848,0.0,0.0
841,0,210,4,M,1,0.6239558772951421,0.8421504791098406,0.1,0.8421504791098406,0.00026341393706830196,0.08118295458386696,0.6239558772951421,0.8421504791098408,0.0,0.0
842,0,210,4,M,2,0.1694865462285736,0.16924385441665787,0.1,0.16924385441665787,0.00031510081957017433,0.08118295458386696,0.1694865462285736,0.16924385441665787,0.0,0.0
843,0,210,4,M,3,0.8856976165296685,0.8892497072379776,0.9,0.8892497072379776,0.00025334977477266263,0.08118295458386696,0.8856976165296685,0.8892497072379776,0.0,0.0
844,0,211,4,M,0,0.8526314771470682,0.6278778148418848,0.64,0.6278778148418848,0.0002815684999491891,0.08118295458386696,0.8526314771470682,0.6278778148418848,0.0,0.0
845,0,211,4,M,1,0.6239558772951421,0.8421504791098408,0.1,0.8421504791098408,0.00026341393706830196,0.08118295458386696,0.6239558772951421,0.8421504791098408,0.0,0.0
846,0,211,4,M,2,0.1694865462285736,0.16924385441665787,0.1,0.16924385441665787,0.00031510081957017433,0.08118295458386696,0.16948654622857362,0.16924385441665787,0.0,0.0
847,0,211,4,M,3,0.8856976165296685,0.8892497072379776,0.9,0.8892497072379776,0.00025334977477266263,0.08118295458386696,0.8856976165296686,0.8892497072379777,0.0,0.0
848,0,212,4,M,0,0.8526314771470682,0.6278778148418848,0.64,0.6278778148418848,0.0002815684999491891,0.08118295458386696,0.8526314771470682,0.6278778148418848,0.0,0.0
849,0,212,4,M,1,0.6239558772951421,0.8421504791098408,0.1,0.8421504791098408,0.00026341393706830196,0.08118295458386696,0.6239558772951421,0.8421504791098406,0.0,0.0
850,0,212,4,M,2,0.16948654622857362,0.16924385441665787,0.1,0.16924385441665787,0.00031510081957017433,0.08118295458386696,0.1694865462285736,0.16924385441665787,0.0,0.0
851,0,212,4,M,3,0.8856976165296686,0.8892497072379777,0.9,0.8892497072379777,0.00025334977477266263,0.08118295458386696,0.8856976165296686,0.8892497072379777,0.0,0.0
852,0,213,4,M,0,0.8526314771470682,0.6278778148418848,0.64,0.6278778148418848,0.0002815684999491891,0.08118295458386696,0.8526314771470683,0.6278778148418849,0.0,0.0
853,0,213,4,M,1,0.6239558772951421,0.8421504791098406,0.1,0.8421504791098406,0.00026341393706830196,0.08118295458386696,0.6239558772951421,0.8421504791098406,0.0,0.0
854,0,213,4,M,2,0.1694865462285736,0.16924385441665787,0.1,0.16924385441665787,0.00031510081957017433,0.08118295458386696,0.1694865462285736,0.16924385441665787,0.0,0.0
855,0,213,4,M,3,0.8856976165296686,0.8892497072379777,0.9,0.8892497072379777,0.00025334977477266263,0.08118295458386696,0.8856976165296685,0.8892497072379776,0.0,0.0
856,0,214,4,M,0,0.8526314771470683,0.6278778148418849,0.64,0.6278778148418849,0.0002815684999491891,0.08118295458386696,0.8526314771470682,0.6278778148418848,0.0,0.0
857,0,214,4,M,1,0.6239558772951421,0.8421504791098406,0.1,0.8421504791098406,0.00026341393706830196,0.08118295458386696,0.6239558772951421,0.8421504791098408,0.0,0.0
858,0,214,4,M,2,0.1694865462285736,0.16924385441665787,0.1,0.16924385441665787,0.00031510081957017433,0.08118295458386696,0.1694865462285736,0.16924385441665787,0.0,0.0
859,0,214,4,M,3,0.8856976165296685,0.8892497072379776,0.9,0.8892497072379776,0.00025334977477266263,0.08118295458386696,0.8856976165296685,0.8892497072379776,0.0,0.0
860,0,215,4,M,0,0.8526314771470682,0.6278778148418848,0.64,0.6278778148418848,0.0002815684999491891,0.08118295458386696,0.8526314771470682,0.6278778148418848,0.0,0.0
861,0,215,4,M,1,0.6239558772951421,0.8421504791098408,0.1,0.8421504791098408,0.00026341393706830196,0.08118295458386696,0.6239558772951421,0.8421504791098408,0.0,0.0
862,0,215,4,M,2,0.1694865462285736,0.16924385441665787,0.1,0.16924385441665787,0.00031510081957017433,0.08118295458386696,0.16948654622857362,0.16924385441665787,0.0,0.0
863,0,215,4,M,3,0.8856976165296685,0.8892497072379776,0.9,0.8892497072379776,0.00025334977477266263,0.08118295458386696,0.8856976165296686,0.8892497072379777,0.0,0.0
864,0,216,4,M,0,0.8526314771470682,0.6278778148418848,0.64,0.6278778148418848,0.0002815684999491891,0.08118295458386696,0.8526314771470682,0.6278778148418848,0.0,0.0
865,0,216,4,M,1,0.6239558772951421,0.8421504791098408,0.1,0.8421504791098408,0.00026341393706830196,0.08118295458386696,0.6239558772951421,0.8421504791098406,0.0,0.0
866,0,216,4,M,2,0.16948654622857362,0.16924385441665787,0.1,0.16924385441665787,0.00031510081957017433,0.08118295458386696,0.1694865462285736,0.16924385441665787,0.0,0.0
867,0,216,4,M,3,0.8856976165296686,0.8892497072379777,0.9,0.8892497072379777,0.00025334977477266263,0.08118295458386696,0.8856976165296686,0.8892497072379777,0.0,0.0
868,0,217,4,M,0,0.8526314771470682,0.6278778148418848,0.64,0.6278778148418848,0.0002815684999491891,0.08118295458386696,0.8526314771470683,0.6278778148418849,0.0,0.0
869,0,217,4,M,1,0.6239558772951421,0.8421504791098406,0.1,0.8421504791098406,0.00026341393706830196,0.08118295458386696,0.6239558772951421,0.8421504791098406,0.0,0.0
870,0,217,4,M,2,0.1694865462285736,0.16924385441665787,0.1,0.16924385441665787,0.00031510081957017433,0.08118295458386696,0.1694865462285736,0.16924385441665787,0.0,0.0
871,0,217,4,M,3,0.8856976165296686,0.8892497072379777,0.9,0.8892497072379777,0.00025334977477266263,0.08118295458386696,0.8856976165296685,0.8892497072379776,0.0,0.0
872,0,218,4,M,0,0.8526314771470683,0.6278778148418849,0.64,0.6278778148418849,0.0002815684999491891,0.08118295458386696,0.8526314771470682,0.6278778148418848,0.0,0.0
873,0,218,4,M,1,0.6239558772951421,0.8421504791098406,0.1,0.8421504791098406,0.00026341393706830196,0.08118295458386696,0.6239558772951421,0.8421504791098408,0.0,0.0
874,0,218,4,M,2,0.1694865462285736,0.16924385441665787,0.1,0.16924385441665787,0.00031510081957017433,0.08118295458386696,0.1694865462285736,0.16924385441665787,0.0,0.0
875,0,218,4,M,3,0.8856976165296685,0.8892497072379776,0.9,0.8892497072379776,0.00025334977477266263,0.08118295458386696,0.8856976165296685,0.8892497072379776,0.0,0.0
876,0,219,4,M,0,0.8526314771470682,0.6278778148418848,0.64,0.6278778148418848,0.0002815684999491891,0.08118295458386696,0.8526314771470682,0.6278778148418848,0.0,0.0
877,0,219,4,M,1,0.6239558772951421,0.8421504791098408,0.1,0.8421504791098408,0.00026341393706830196,0.08118295458386696,0.6239558772951421,0.8421504791098408,0.0,0.0
878,0,219,4,M,2,0.1694865462285736,0.16924385441665787,0.1,0.16924385441665787,0.00031510081957017433,0.08118295458386696,0.16948654622857362,0.16924385441665787,0.0,0.0
879,0,219,4,M,3,0.8856976165296685,0.8892497072379776,0.9,0.8892497072379776,0.00025334977477266263,0.08118295458386696,0.8856976165296686,0.8892497072379777,0.0,0.0
880,0,220,4,M,0,0.8526314771470682,0.6278778148418848,0.64,0.6278778148418848,0.0002815684999491891,0.08118295458386696,0.8526314771470682,0.6278778148418848,0.0,0.0
881,0,220,4,M,1,0.6239558772951421,0.8421504791098408,0.1,0.8421504791098408,0.00026341393706830196,0.08118295458386696,0.6239558772951421,0.8421504791098406,0.0,0.0
882,0,220,4,M,2,0.16948654622857362,0.16924385441665787,0.1,0.16924385441665787,0.00031510081957017433,0.08118295458386696,0.1694865462285736,0.16924385441665787,0.0,0.0
883,0,220,4,M,3,0.8856976165296686,0.8892497072379777,0.9,0.8892497072379777,0.00025334977477266263,0.08118295458386696,0.8856976165296686,0.8892497072379777,0.0,0.0
884,0,221,4,M,0,0.8526314771470682,0.6278778148418848,0.64,0.6278778148418848,0.0002815684999491891,0.08118295458386696,0.8526314771470683,0.6278778148418849,0.0,0.0
885,0,221,4,M,1,0.6239558772951421,0.8421504791098406,0.1,0.8421504791098406,0.00026341393706830196,0.08118295458386696,0.6239558772951421,0.8421504791098406,0.0,0.0
886,0,221,4,M,2,0.1694865462285736,0.16924385441665787,0.1,0.16924385441665787,0.00031510081957017433,0.08118295458386696,0.1694865462285736,0.16924385441665787,0.0,0.0
887,0,221,4,M,3,0.8856976165296686,0.8892497072379777,0.9,0.8892497072379777,0.00025334977477266263,0.08118295458386696,0.8856976165296685,0.8892497072379776,0.0,0.0
888,0,222,4,M,0,0.8526314771470683,0.6278778148418849,0.64,0.6278778148418849,0.0002815684999491891,0.08118295458386696,0.8526314771470682,0.6278778148418848,0.0,0.0
889,0,222,4,M,1,0.6239558772951421,0.8421504791098406,0.1,0.8421504791098406,0.00026341393706830196,0.08118295458386696,0.6239558772951421,0.8421504791098408,0.0,0.0
890,0,222,4,M,2,0.1694865462285736,0.16924385441665787,0.1,0.16924385441665787,0.00031510081957017433,0.08118295458386696,0.1694865462285736,0.16924385441665787,0.0,0.0
891,0,222,4,M,3,0.8856976165296685,0.8892497072379776,0.9,0.8892497072379776,0.00025334977477266263,0.08118295458386696,0.8856976165296685,0.8892497072379776,0.0,0.0
892,0,223,4,M,0,0.8526314771470682,0.6278778148418848,0.64,0.6278778148418848,0.0002815684999491891,0.08118295458386696,0.8526314771470682,0.6278778148418848,0.0,0.0
893,0,223,4,M,1,0.6239558772951421,0.8421504791098408,0.1,0.8421504791098408,0.00026341393706830196,0.08118295458386696,0.6239558772951421,0.8421504791098408,0.0,0.0
894,0,223,4,M,2,0.1694865462285736,0.16924385441665787,0.1,0.16924385441665787,0.00031510081957017433,0.08118295458386696,0.16948654622857362,0.16924385441665787,0.0,0.0
895,0,223,4,M,3,0.8856976165296685,0.8892497072379776,0.9,0.8892497072379776,0.00025334977477266263,0.08118295458386696,0.8856976165296686,0.8892497072379777,0.0,0.0
896,0,224,4,M,0,0.8526314771470682,0.6278778148418848,0.64,0.6278778148418848,0.0002815684999491891,0.08118295458386696,0.8526314771470682,0.6278778148418848,0.0,0.0
897,0,224,4,M,1,0.6239558772951421,0.8421504791098408,0.1,0.8421504791098408,0.00026341393706830196,0.08118295458386696,0.6239558772951421,0.8421504791098406,0.0,0.0
898,0,224,4,M,2,0.16948654622857362,0.16924385441665787,0.1,0.16924385441665787,0.00031510081957017433,0.08118295458386696,0.1694865462285736,0.16924385441665787,0.0,0.0
899,0,224,4,M,3,0.8856976165296686,0.8892497072379777,0.9,0.8892497072379777,0.00025334977477266263,0.08118295458386696,0.8856976165296686,0.8892497072379777,0.0,0.0
900,0,225,4,M,0,0.8526314771470682,0.6278778148418848,0.64,0.6278778148418848,0.0002815684999491891,0.08118295458386696,0.8526314771470683,0.6278778148418849,0.0,0.0
901,0,225,4,M,1,0.6239558772951421,0.8421504791098406,0.1,0.8421504791098406,0.00026341393706830196,0.08118295458386696,0.6239558772951421,0.8421504791098406,0.0,0.0
902,0,225,4,M,2,0.1694865462285736,0.16924385441665787,0.1,0.16924385441665787,0.00031510081957017433,0.08118295458386696,0.1694865462285736,0.16924385441665787,0.0,0.0
903,0,225,4,M,3,0.8856976165296686,0.8892497072379777,0.9,0.8892497072379777,0.00025334977477266263,0.08118295458386696,0.8856976165296685,0.8892497072379776,0.0,0.0
904,0,226,4,M,0,0.8526314771470683,0.6278778148418849,0.64,0.6278778148418849,0.0002815684999491891,0.08118295458386696,0.8526314771470682,0.6278778148418848,0.0,0.0
905,0,226,4,M,1,0.6239558772951421,0.8421504791098406,0.1,0.8421504791098406,0.00026341393706830196,0.08118295458386696,0.6239558772951421,0.8421504791098408,0.0,0.0
906,0,226,4,M,2,0.1694865462285736,0.16924385441665787,0.1,0.16924385441665787,0.00031510081957017433,0.08118295458386696,0.1694865462285736,0.16924385441665787,0.0,0.0
907,0,226,4,M,3,0.8856976165296685,0.8892497072379776,0.9,0.8892497072379776,0.00025334977477266263,0.08118295458386696,0.8856976165296685,0.8892497072379776,0.0,0.0
908,0,227,4,M,0,0.8526314771470682,0.6278778148418848,0.64,0.6278778148418848,0.0002815684999491891,0.08118295458386696,0.8526314771470682,0.6278778148418848,0.0,0.0
909,0,227,4,M,1,0.6239558772951421,0.8421504791098408,0.1,0.8421504791098408,0.00026341393706830196,0.08118295458386696,0.6239558772951421,0.8421504791098408,0.0,0.0
910,0,227,4,M,2,0.1694865462285736,0.16924385441665787,0.1,0.16924385441665787,0.00031510081957017433,0.08118295458386696,0.16948654622857362,0.16924385441665787,0.0,0.0
911,0,227,4,M,3,0.8856976165296685,0.8892497072379776,0.9,0.8892497072379776,0.00025334977477266263,0.08118295458386696,0.8856976165296686,0.8892497072379777,0.0,0.0
912,0,228,4,M,0,0.8526314771470682,0.6278778148418848,0.64,0.6278778148418848,0.0002815684999491891,0.08118295458386696,0.8526314771470682,0.6278778148418848,0.0,0.0
913,0,228,4,M,1,0.6239558772951421,0.8421504791098408,0.1,0.8421504791098408,0.00026341393706830196,0.08118295458386696,0.6239558772951421,0.8421504791098406,0.0,0.0
914,0,228,4,M,2,0.16948654622857362,0.16924385441665787,0.1,0.16924385441665787,0.00031510081957017433,0.08118295458386696,0.1694865462285736,0.16924385441665787,0.0,0.0
915,0,228,4,M,3,0.8856976165296686,0.8892497072379777,0.9,0.8892497072379777,0.00025334977477266263,0.08118295458386696,0.8856976165296686,0.8892497072379777,0.0,0.0
916,0,229,4,M,0,0.8526314771470682,0.6278778148418848,0.64,0.6278778148418848,0.0002815684999491891,0.08118295458386696,0.8526314771470683,0.6278778148418849,0.0,0.0
917,0,229,4,M,1,0.6239558772951421,0.8421504791098406,0.1,0.8421504791098406,0.00026341393706830196,0.08118295458386696,0.6239558772951421,0.8421504791098406,0.0,0.0
918,0,229,4,M,2,0.1694865462285736,0.16924385441665787,0.1,0.16924385441665787,0.00031510081957017433,0.08118295458386696,0.1694865462285736,0.16924385441665787,0.0,0.0
919,0,229,4,M,3,0.8856976165296686,0.8892497072379777,0.9,0.8892497072379777,0.00025334977477266263,0.08118295458386696,0.8856976165296685,0.8892497072379776,0.0,0.0
920,0,230,4,M,0,0.8526314771470683,0.6278778148418849,0.64,0.6278778148418849,0.0002815684999491891,0.08118295458386696,0.8526314771470682,0.6278778148418848,0.0,0.0
921,0,230,4,M,1,0.6239558772951421,0.8421504791098406,0.1,0.8421504791098406,0.00026341393706830196,0.08118295458386696,0.6239558772951421,0.8421504791098408,0.0,0.0
922,0,230,4,M,2,0.1694865462285736,0.16924385441665787,0.1,0.16924385441665787,0.00031510081957017433,0.08118295458386696,0.1694865462285736,0.16924385441665787,0.0,0.0
923,0,230,4,M,3,0.8856976165296685,0.8892497072379776,0.9,0.8892497072379776,0.00025334977477266263,0.08118295458386696,0.8856976165296685,0.8892497072379776,0.0,0.0
924,0,231,4,M,0,0.8526314771470682,0.6278778148418848,0.64,0.6278778148418848,0.0002815684999491891,0.08118295458386696,0.8526314771470682,0.6278778148418848,0.0,0.0
925,0,231,4,M,1,0.6239558772951421,0.8421504791098408,0.1,0.8421504791098408,0.00026341393706830196,0.08118295458386696,0.6239558772951421,0.8421504791098408,0.0,0.0
926,0,231,4,M,2,0.1694865462285736,0.16924385441665787,0.1,0.16924385441665787,0.00031510081957017433,0.08118295458386696,0.16948654622857362,0.16924385441665787,0.0,0.0
927,0,231,4,M,3,0.8856976165296685,0.8892497072379776,0.9,0.8892497072379776,0.00025334977477266263,0.08118295458386696,0.8856976165296686,0.8892497072379777,0.0,0.0
928,0,232,4,M,0,0.8526314771470682,0.6278778148418848,0.64,0.6278778148418848,0.0002815684999491891,0.08118295458386696,0.8526314771470682,0.6278778148418848,0.0,0.0
929,0,232,4,M,1,0.6239558772951421,0.8421504791098408,0.1,0.8421504791098408,0.00026341393706830196,0.08118295458386696,0.6239558772951421,0.8421504791098406,0.0,0.0
930,0,232,4,M,2,0.16948654622857362,0.16924385441665787,0.1,0.16924385441665787,0.00031510081957017433,0.08118295458386696,0.1694865462285736,0.16924385441665787,0.0,0.0
931,0,232,4,M,3,0.8856976165296686,0.8892497072379777,0.9,0.8892497072379777,0.00025334977477266263,0.08118295458386696,0.8856976165296686,0.8892497072379777,0.0,0.0
932,0,233,4,M,0,0.8526314771470682,0.6278778148418848,0.64,0.6278778148418848,0.0002815684999491891,0.08118295458386696,0.8526314771470683,0.6278778148418849,0.0,0.0
933,0,233,4,M,1,0.6239558772951421,0.8421504791098406,0.1,0.8421504791098406,0.00026341393706830196,0.08118295458386696,0.6239558772951421,0.8421504791098406,0.0,0.0
934,0,233,4,M,2,0.1694865462285736,0.16924385441665787,0.1,0.16924385441665787,0.00031510081957017433,0.08118295458386696,0.1694865462285736,0.16924385441665787,0.0,0.0
935,0,233,4,M,3,0.8856976165296686,0.8892497072379777,0.9,0.8892497072379777,0.00025334977477266263,0.08118295458386696,0.8856976165296685,0.8892497072379776,0.0,0.0
936,0,234,4,M,0,0.8526314771470683,0.6278778148418849,0.64,0.6278778148418849,0.0002815684999491891,0.08118295458386696,0.8526314771470682,0.6278778148418848,0.0,0.0
937,0,234,4,M,1,0.6239558772951421,0.8421504791098406,0.1,0.8421504791098406,0.00026341393706830196,0.08118295458386696,0.6239558772951421,0.8421504791098408,0.0,0.0
938,0,234,4,M,2,0.1694865462285736,0.16924385441665787,0.1,0.16924385441665787,0.00031510081957017433,0.08118295458386696,0.1694865462285736,0.16924385441665787,0.0,0.0
939,0,234,4,M,3,0.8856976165296685,0.8892497072379776,0.9,0.8892497072379776,0.00025334977477266263,0.08118295458386696,0.8856976165296685,0.8892497072379776,0.0,0.0
940,0,235,4,M,0,0.8526314771470682,0.6278778148418848,0.64,0.6278778148418848,0.0002815684999491891,0.08118295458386696,0.8526314771470682,0.6278778148418848,0.0,0.0
941,0,235,4,M,1,0.6239558772951421,0.8421504791098408,0.1,0.8421504791098408,0.00026341393706830196,0.08118295458386696,0.6239558772951421,0.8421504791098408,0.0,0.0
942,0,235,4,M,2,0.1694865462285736,0.16924385441665787,0.1,0.16924385441665787,0.00031510081957017433,0.08118295458386696,0.16948654622857362,0.16924385441665787,0.0,0.0
943,0,235,4,M,3,0.8856976165296685,0.8892497072379776,0.9,0.8892497072379776,0.00025334977477266263,0.08118295458386696,0.8856976165296686,0.8892497072379777,0.0,0.0
944,0,236,4,M,0,0.8526314771470682,0.6278778148418848,0.64,0.6278778148418848,0.0002815684999491891,0.08118295458386696,0.8526314771470682,0.6278778148418848,0.0,0.0
945,0,236,4,M,1,0.6239558772951421,0.8421504791098408,0.1,0.8421504791098408,0.00026341393706830196,0.08118295458386696,0.6239558772951421,0.8421504791098406,0.0,0.0
946,0,236,4,M,2,0.16948654622857362,0.16924385441665787,0.1,0.16924385441665787,0.00031510081957017433,0.08118295458386696,0.1694865462285736,0.16924385441665787,0.0,0.0
947,0,236,4,M,3,0.8856976165296686,0.8892497072379777,0.9,0.8892497072379777,0.00025334977477266263,0.08118295458386696,0.8856976165296686,0.8892497072379777,0.0,0.0
948,0,237,4,M,0,0.8526314771470682,0.6278778148418848,0.64,0.6278778148418848,0.0002815684999491891,0.08118295458386696,0.8526314771470683,0.6278778148418849,0.0,0.0
949,0,237,4,M,1,0.6239558772951421,0.8421504791098406,0.1,0.8421504791098406,0.00026341393706830196,0.08118295458386696,0.6239558772951421,0.8421504791098406,0.0,0.0
950,0,237,4,M,2,0.1694865462285736,0.16924385441665787,0.1,0.16924385441665787,0.00031510081957017433,0.08118295458386696,0.1694865462285736,0.16924385441665787,0.0,0.0
951,0,237,4,M,3,0.8856976165296686,0.8892497072379777,0.9,0.8892497072379777,0.00025334977477266263,0.08118295458386696,0.8856976165296685,0.8892497072379776,0.0,0.0
952,0,238,4,M,0,0.8526314771470683,0.6278778148418849,0.64,0.6278778148418849,0.0002815684999491891,0.08118295458386696,0.8526314771470682,0.6278778148418848,0.0,0.0
953,0,238,4,M,1,0.6239558772951421,0.8421504791098406,0.1,0.8421504791098406,0.00026341393706830196,0.08118295458386696,0.6239558772951421,0.8421504791098408,0.0,0.0
954,0,238,4,M,2,0.1694865462285736,0.16924385441665787,0.1,0.16924385441665787,0.00031510081957017433,0.08118295458386696,0.1694865462285736,0.16924385441665787,0.0,0.0
955,0,238,4,M,3,0.8856976165296685,0.8892497072379776,0.9,0.8892497072379776,0.00025334977477266263,0.08118295458386696,0.8856976165296685,0.8892497072379776,0.0,0.0
956,0,239,4,M,0,0.8526314771470682,0.6278778148418848,0.64,0.6278778148418848,0.0002815684999491891,0.08118295458386696,0.8526314771470682,0.6278778148418848,0.0,0.0
957,0,239,4,M,1,0.6239558772951421,0.8421504791098408,0.1,0.8421504791098408,0.00026341393706830196,0.08118295458386696,0.6239558772951421,0.8421504791098408,0.0,0.0
958,0,239,4,M,2,0.1694865462285736,0.16924385441665787,0.1,0.16924385441665787,0.00031510081957017433,0.08118295458386696,0.16948654622857362,0.16924385441665787,0.0,0.0
959,0,239,4,M,3,0.8856976165296685,0.8892497072379776,0.9,0.8892497072379776,0.00025334977477266263,0.08118295458386696,0.8856976165296686,0.8892497072379777,0.0,0.0
960,0,240,4,M,0,0.8526314771470682,0.6278778148418848,0.64,0.6278778148418848,0.0002815684999491891,0.08118295458386696,0.8526314771470682,0.6278778148418848,0.0,0.0
961,0,240,4,M,1,0.6239558772951421,0.8421504791098408,0.1,0.8421504791098408,0.00026341393706830196,0.08118295458386696,0.6239558772951421,0.8421504791098406,0.0,0.0
962,0,240,4,M,2,0.16948654622857362,0.16924385441665787,0.1,0.16924385441665787,0.00031510081957017433,0.08118295458386696,0.1694865462285736,0.16924385441665787,0.0,0.0
963,0,240,4,M,3,0.8856976165296686,0.8892497072379777,0.9,0.8892497072379777,0.00025334977477266263,0.08118295458386696,0.8856976165296686,0.8892497072379777,0.0,0.0
964,0,241,4,M,0,0.8526314771470682,0.6278778148418848,0.64,0.6278778148418848,0.0002815684999491891,0.08118295458386696,0.8526314771470683,0.6278778148418849,0.0,0.0
965,0,241,4,M,1,0.6239558772951421,0.8421504791098406,0.1,0.8421504791098406,0.00026341393706830196,0.08118295458386696,0.6239558772951421,0.8421504791098406,0.0,0.0
966,0,241,4,M,2,0.1694865462285736,0.16924385441665787,0.1,0.16924385441665787,0.00031510081957017433,0.08118295458386696,0.1694865462285736,0.16924385441665787,0.0,0.0
967,0,241,4,M,3,0.8856976165296686,0.8892497072379777,0.9,0.8892497072379777,0.00025334977477266263,0.08118295458386696,0.8856976165296685,0.8892497072379776,0.0,0.0
968,0,242,4,M,0,0.8526314771470683,0.6278778148418849,0.64,0.6278778148418849,0.0002815684999491891,0.08118295458386696,0.8526314771470682,0.6278778148418848,0.0,0.0
969,0,242,4,M,1,0.6239558772951421,0.8421504791098406,0.1,0.8421504791098406,0.00026341393706830196,0.08118295458386696,0.6239558772951421,0.8421504791098408,0.0,0.0
970,0,242,4,M,2,0.1694865462285736,0.16924385441665787,0.1,0.16924385441665787,0.00031510081957017433,0.08118295458386696,0.1694865462285736,0.16924385441665787,0.0,0.0
971,0,242,4,M,3,0.8856976165296685,0.8892497072379776,0.9,0.8892497072379776,0.00025334977477266263,0.08118295458386696,0.8856976165296685,0.8892497072379776,0.0,0.0
972,0,243,4,M,0,0.8526314771470682,0.6278778148418848,0.64,0.6278778148418848,0.0002815684999491891,0.08118295458386696,0.8526314771470682,0.6278778148418848,0.0,0.0
973,0,243,4,M,1,0.6239558772951421,0.8421504791098408,0.1,0.8421504791098408,0.00026341393706830196,0.08118295458386696,0.6239558772951421,0.8421504791098408,0.0,0.0
974,0,243,4,M,2,0.1694865462285736,0.16924385441665787,0.1,0.16924385441665787,0.00031510081957017433,0.08118295458386696,0.16948654622857362,0.16924385441665787,0.0,0.0
975,0,243,4,M,3,0.8856976165296685,0.8892497072379776,0.9,0.8892497072379776,0.00025334977477266263,0.08118295458386696,0.8856976165296686,0.8892497072379777,0.0,0.0
976,0,244,4,M,0,0.8526314771470682,0.6278778148418848,0.64,0.6278778148418848,0.0002815684999491891,0.08118295458386696,0.8526314771470682,0.6278778148418848,0.0,0.0
977,0,244,4,M,1,0.6239558772951421,0.8421504791098408,0.1,0.8421504791098408,0.00026341393706830196,0.08118295458386696,0.6239558772951421,0.8421504791098406,0.0,0.0
978,0,244,4,M,2,0.16948654622857362,0.16924385441665787,0.1,0.16924385441665787,0.00031510081957017433,0.08118295458386696,0.1694865462285736,0.16924385441665787,0.0,0.0
979,0,244,4,M,3,0.8856976165296686,0.8892497072379777,0.9,0.8892497072379777,0.00025334977477266263,0.08118295458386696,0.8856976165296686,0.8892497072379777,0.0,0.0
980,0,245,4,M,0,0.8526314771470682,0.6278778148418848,0.64,0.6278778148418848,0.0002815684999491891,0.08118295458386696,0.8526314771470683,0.6278778148418849,0.0,0.0
981,0,245,4,M,1,0.6239558772951421,0.8421504791098406,0.1,0.8421504791098406,0.00026341393706830196,0.08118295458386696,0.6239558772951421,0.8421504791098406,0.0,0.0
982,0,245,4,M,2,0.1694865462285736,0.16924385441665787,0.1,0.16924385441665787,0.00031510081957017433,0.08118295458386696,0.1694865462285736,0.16924385441665787,0.0,0.0
983,0,245,4,M,3,0.8856976165296686,0.8892497072379777,0.9,0.8892497072379777,0.00025334977477266263,0.08118295458386696,0.8856976165296685,0.8892497072379776,0.0,0.0
984,0,246,4,M,0,0.8526314771470683,0.6278778148418849,0.64,0.6278778148418849,0.0002815684999491891,0.08118295458386696,0.8526314771470682,0.6278778148418848,0.0,0.0
985,0,246,4,M,1,0.6239558772951421,0.8421504791098406,0.1,0.8421504791098406,0.00026341393706830196,0.08118295458386696,0.6239558772951421,0.8421504791098408,0.0,0.0
986,0,246,4,M,2,0.1694865462285736,0.16924385441665787,0.1,0.16924385441665787,0.00031510081957017433,0.08118295458386696,0.1694865462285736,0.16924385441665787,0.0,0.0
987,0,246,4,M,3,0.8856976165296685,0.8892497072379776,0.9,0.8892497072379776,0.00025334977477266263,0.08118295458386696,0.8856976165296685,0.8892497072379776,0.0,0.0
988,0,247,4,M,0,0.8526314771470682,0.6278778148418848,0.64,0.6278778148418848,0.0002815684999491891,0.08118295458386696,0.8526314771470682,0.6278778148418848,0.0,0.0
989,0,247,4,M,1,0.6239558772951421,0.8421504791098408,0.1,0.8421504791098408,0.00026341393706830196,0.08118295458386696,0.6239558772951421,0.8421504791098408,0.0,0.0
990,0,247,4,M,2,0.1694865462285736,0.16924385441665787,0.1,0.16924385441665787,0.00031510081957017433,0.08118295458386696,0.16948654622857362,0.16924385441665787,0.0,0.0
991,0,247,4,M,3,0.8856976165296685,0.8892497072379776,0.9,0.8892497072379776,0.00025334977477266263,0.08118295458386696,0.8856976165296686,0.8892497072379777,0.0,0.0
992,1,0,0,M,0,0.7992502757403197,0.7439977531396826,1.0,0.7439977531396826,0.04633386588777013,0.08118295458386696,0.5623056708025427,0.7774858415664937,0.0,0.0
993,1,0,0,M,1,0.17405712583291144,0.3451361631569275,0.0,0.3451361631569275,0.046333865887770116,0.08118295458386696,0.1680651485088438,0.6410316203295958,0.0,0.0
994,1,0,0,M,2,0.44617172315590237,0.2245500396042699,1.0,0.2245500396042699,0.0463338658877701,0.08118295458386696,0.6322538135891999,0.20246445419225564,0.0,0.0
995,1,0,0,M,3,0.9835748889290702,0.6410227849883726,1.0,0.6410227849883726,0.04580771775178351,0.08118295458386696,0.9142468339173543,0.3918067907327159,0.0,0.0
996,1,1,0,M,0,0.76,0.76,0.44,0.76,0.043543637894130724,0.08118295458386696,0.6101013612783782,0.7821010447687485,1.0,1.0
997,1,1,0,M,1,0.0,1.0,0.0,1.0,0.04602384984752452,0.08118295458386696,0.19621348777855466,0.5943165729366094,1.0,1.0
998,1,1,0,M,2,0.5,0.0,0.02,0.0,0.045697854550056614,0.08118295458386696,0.636126606231159,0.22007038393226597,1.0,1.0
999,1,1,0,M,3,1.0,0.5,1.0,0.5,0.045706169268331674,0.08118295458386696,0.8751882020183314,0.37320347843724466,1.0,1.0
1000,1,2,0,M,0,0.5,1.0,1.0,1.0,0.04239995219092965,0.08118295458386696,0.6964330665442329,0.7567534383879969,1.0,1.0
1001,1,2,0,M,1,0.24,0.76,0.0,0.76,0.04601366226936602,0.08118295458386696,0.21026991630263286,0.4535070624701708,1.0,1.0
1002,1,2,0,M,2,1.0,0.0,0.08,0.0,0.04451687571211678,0.08118295458386696,0.5720735268696366,0.26388099199662157,1.0,1.0
1003,1,2,0,M,3,0.8751882020183314,0.37320347843724466,0.68,0.37320347843724466,0.03811831961466586,0.08118295458386696,0.8287353030151552,0.4636175200175305,0.0,0.0
1004,1,3,0,M,0,1.0,1.0,0.52,1.0,0.033723560835638655,0.08118295458386696,0.7692702725770059,0.8110597381418233,1.0,1.0
1005,1,3,0,M,1,0.24,0.24,0.0,0.24,0.042392238301650315,0.08118295458386696,0.19360266944393695,0.3654696602691241,1.0,1.0
1006,1,3,0,M,2,0.76,0.24,0.5,0.24,0.03462721726945306,0.08118295458386696,0.4553351152563388,0.2654335769036501,1.0,1.0
1007,1,3,0,M,3,0.8287353030151552,0.4636175200175305,0.58,0.4636175200175305,0.03180810575785616,0.08118295458386696,0.800818670504815,0.5620436847030924,0.0,0.0
1008,1,4,0,M,0,0.7692702725770059,0.8110597381418233,0.24,0.8110597381418233,0.018020293453027678,0.08118295458386696,0.8097847414474422,0.8553103300032716,0.0,0.0
1009,1,4,0,M,1,0.0,0.0,0.0,0.0,0.03903441869289707,0.08118295458386696,0.12731875990628735,0.2865935153207726,1.0,1.0
1010,1,4,0,M,2,0.5,0.5,0.24,0.5,0.018020293453027678,0.08118295458386696,0.3772432930463941,0.1692359117074651,1.0,1.0
1011,1,4,0,M,3,0.800818670504815,0.5620436847030924,1.0,0.5620436847030924,0.017671600080299693,0.08118295458386696,0.8063161933646575,0.595104434534196,0.0,0.0
1012,1,5,0,M,0,0.8097847414474422,0.8553103300032716,0.76,0.8553103300032716,0.0176692224802677,0.08118295458386696,0.8049054940405759,0.8721896154519081,0.0,0.0
1013,1,5,0,M,1,0.0,0.5,0.0,0.5,0.017669222480267685,0.08118295458386696,0.1219158326744453,0.22468586638026694,1.0,1.0
1014,1,5,0,M,2,0.3772432930463941,0.1692359117074651,0.24,0.1692359117074651,0.017669222480267685,0.08118295458386696,0.3397185195905883,0.16044391705570524,0.0,0.0
1015,1,5,0,M,3,0.8063161933646575,0.595104434534196,1.0,0.595104434534196,0.017669222480267685,0.08118295458386696,0.7810016233739093,0.6237516907991937,0.0,0.0
1016,1,6,0,M,0,0.8049054940405759,0.8721896154519081,0.76,0.8721896154519081,0.0176692224802677,0.08118295458386696,0.8139495263088873,0.8797436041472072,0.0,0.0
1017,1,6,0,M,1,0.1219158326744453,0.22468586638026694,0.0,0.22468586638026694,0.017669222480267685,0.08118295458386696,0.11541291124537376,0.2144659795849991,0.0,0.0
1018,1,6,0,M,2,0.3397185195905883,0.16044391705570524,0.24,0.16044391705570524,0.017669222480267685,0.08118295458386696,0.34219858274206066,0.17716173483003061,0.0,0.0
1019,1,6,0,M,3,0.7810016233739093,0.6237516907991937,1.0,0.6237516907991937,0.017669222480267685,0.08118295458386696,0.7639951535311738,0.637713848180534,0.0,0.0
1020,1,7,0,M,0,0.8139495263088873,0.8797436041472072,0.76,0.8797436041472072,0.0176692224802677,0.08118295458386696,0.8235603411037031,0.8834997634092623,0.0,0.0
1021,1,7,0,M,1,0.11541291124537376,0.2144659795849991,0.0,0.2144659795849991,0.017669222480267685,0.08118295458386696,0.11120761004816809,0.2044197313101243,0.0,0.0
1022,1,7,0,M,2,0.34219858274206066,0.17716173483003061,0.24,0.17716173483003061,0.017669222480267685,0.08118295458386696,0.3431457449444714,0.19364157894494377,0.0,0.0
1023,1,7,0,M,3,0.7639951535311738,0.637713848180534,1.0,0.637713848180534,0.017669222480267685,0.08118295458386696,0.7504427216824693,0.6482338959364798,0.0,0.0
1024,1,8,1,M,0,0.8235603411037031,0.8834997634092623,0.76,0.8834997634092623,0.0176692224802677,0.08118295458386696,0.8311992828409633,0.8849321172820466,0.0,0.0
1025,1,8,1,M,1,0.11120761004816809,0.2044197313101243,0.0,0.2044197313101243,0.017669222480267685,0.08118295458386696,0.10957501525168103,0.1944707224996372,0.0,0.0
1026,1,8,1,M,2,0.3431457449444714,0.19364157894494377,0.24,0.19364157894494377,0.017669222480267685,0.08118295458386696,0.34405393398356354,0.20968920820759668,0.0,0.0
1027,1,8,1,M,3,0.7504427216824693,0.6482338959364798,1.0,0.6482338959364798,0.017669222480267685,0.08118295458386696,0.7415192349832088,0.6558465085067301,0.0,0.0
1028,1,9,1,M,0,0.24,1.0,1.0,1.0,0.016861197529468824,0.08118295458386696,0.8361404748722705,0.8853576579194621,1.0,1.0
1029,1,9,1,M,1,0.0,0.24,0.0,0.24,0.015335234534146633,0.08118295458386696,0.10638336205262701,0.17829254616285242,1.0,1.0
1030,1,9,1,M,2,0.5,0.24,0.76,0.24,0.01630826052106965,0.08118295458386696,0.338455365191261,0.22141061587158437,1.0,1.0
1031,1,9,1,M,3,0.74,0.5,1.0,0.5,0.01632705019247517,0.08118295458386696,0.722325224729023,0.6765562565723237,1.0,1.0
1032,1,10,1,M,0,1.0,0.76,0.76,0.76,0.01299553231848452,0.08118295458386696,0.8549667539499288,0.8800687255608134,1.0,1.0
1033,1,10,1,M,1,0.0,0.76,0.24,0.76,0.014138852441477168,0.08118295458386696,0.10454945619692789,0.18133258056862944,1.0,1.0
1034,1,10,1,M,2,0.76,0.0,0.26,0.0,0.013876910568040829,0.08118295458386696,0.31328681823489635,0.2566344914695244,1.0,1.0
1035,1,10,1,M,3,0.5,0.76,1.0,0.76,0.013049924228999824,0.08118295458386696,0.7695089550373464,0.6745251504932057,1.0,1.0
1036,1,11,1,M,0,0.76,1.0,0.88,1.0,0.002525998660881504,0.08118295458386696,0.8466711344199755,0.8904452038396521,1.0,1.0
1037,1,11,1,M,1,0.10454945619692789,0.18133258056862944,0.12,0.18133258056862944,0.00522150319460421,0.08118295458386696,0.10702404786310014,0.15883623729030563,0.0,0.0
1038,1,11,1,M,2,0.24,0.0,0.24,0.0,0.00877070420619308,0.08118295458386696,0.3034035319679688,0.2565248812228139,1.0,1.0
1039,1,11,1,M,3,1.0,0.24,0.4,0.24,0.0029302537942095253,0.08118295458386696,0.7825074511214946,0.688049324221474,1.0,1.0
1040,1,12,1,M,0,0.8466711344199755,0.8904452038396521,0.88,0.8904452038396521,0.002525998660881504,0.08118295458386696,0.8431015513851206,0.8977869636696337,0.0,0.0
1041,1,12,1,M,1,0.10702404786310014,0.15883623729030563,0.1,0.15883623729030563,0.00395631707580936,0.08118295458386696,0.10637880099000396,0.14880179069926058,0.0,0.0
1042,1,12,1,M,2,0.3034035319679688,0.2565248812228139,0.24,0.2565248812228139,0.00877070420619308,0.08118295458386696,0.29244994553340053,0.2658701618423616,0.0,0.0
1043,1,12,1,M,3,0.7825074511214946,0.688049324221474,0.38,0.688049324221474,0.00274065292414738,0.08118295458386696,0.7945056672328166,0.6930706868174654,0.0,0.0
1044,1,13,1,M,0,0.8431015513851206,0.8977869636696337,0.88,0.8977869636696337,0.002525998660881504,0.08118295458386696,0.8400255840441951,0.9017230270409454,0.0,0.0
1045,1,13,1,M,1,0.10637880099000396,0.14880179069926058,0.1,0.14880179069926058,0.0033663202005673187,0.08118295458386696,0.1097191540382176,0.1414130183699484,0.0,0.0
1046,1,13,1,M,2,0.29244994553340053,0.2658701618423616,0.24,0.2658701618423616,0.00877070420619308,0.08118295458386696,0.2857713539361429,0.27597068522226637,0.0,0.0
1047,1,13,1,M,3,0.7945056672328166,0.6930706868174654,0.88,0.6930706868174654,0.0026786981803385568,0.08118295458386696,0.8019213879050257,0.6956840618647564,0.0,0.0
1048,1,14,1,M,0,0.8400255840441951,0.9017230270409454,0.36,0.9017230270409454,0.0025340412753091096,0.08118295458386696,0.8377691650021002,0.9043289049085573,0.0,0.0
1049,1,14,1,M,1,0.1097191540382176,0.1414130183699484,0.08,0.1414130183699484,0.0028592801919070654,0.08118295458386696,0.11488245396324281,0.13387931673159992,0.0,0.0
1050,1,14,1,M,2,0.2857713539361429,0.27597068522226637,0.24,0.27597068522226637,0.00877070420619308,0.08118295458386696,0.2781103587071076,0.28704576424140754,0.0,0.0
1051,1,14,1,M,3,0.8019213879050257,0.6956840618647564,0.88,0.6956840618647564,0.0026786981803385568,0.08118295458386696,0.8065797261549688,0.6978420886942431,0.0,0.0
1052,1,15,1,M,0,0.8377691650021002,0.9043289049085573,0.36,0.9043289049085573,0.0025637522902979826,0.08118295458386696,0.8365187160012557,0.9056978714968142,0.0,0.0
1053,1,15,1,M,1,0.11488245396324281,0.13387931673159992,0.12,0.13387931673159992,0.002665362250372269,0.08118295458386696,0.12213888208641666,0.1261097605838672,0.0,0.0
1054,1,15,1,M,2,0.2781103587071076,0.28704576424140754,0.24,0.28704576424140754,0.00877070420619308,0.08118295458386696,0.2683364509764996,0.29958716536201746,0.0,0.0
1055,1,15,1,M,3,0.8065797261549688,0.6978420886942431,0.88,0.6978420886942431,0.0026786981803385568,0.08118295458386696,0.8089880888707855,0.6991045604070918,0.0,0.0
1056,1,16,1,M,0,0.8365187160012557,0.9056978714968142,0.36,0.9056978714968142,0.0025637522902979826,0.08118295458386696,0.8358250731790283,0.9067748761621615,0.0,0.0
1057,1,16,1,M,1,0.12213888208641666,0.1261097605838672,0.12,0.1261097605838672,0.002665362250372269,0.08118295458386696,0.130730574233125,0.11946962747897075,0.0,0.0
1058,1,16,1,M,2,0.2683364509764996,0.29958716536201746,0.24,0.29958716536201746,0.00877070420619308,0.08118295458386696,0.25708430423400225,0.31211324419373226,0.0,0.0
1059,1,16,1,M,3,0.8089880888707855,0.6991045604070918,0.88,0.6991045604070918,0.0026786981803385568,0.08118295458386696,0.8103041743863953,0.7000661895647935,0.0,0.0
1060,1,17,1,M,0,0.8358250731790283,0.9067748761621615,0.36,0.9067748761621615,0.0025637522902979826,0.08118295458386696,0.8349134808165467,0.9073220551573613,0.0,0.0
1061,1,17,1,M,1,0.130730574233125,0.11946962747897075,0.12,0.11946962747897075,0.002665362250372269,0.08118295458386696,0.13992004463655608,0.11376484789602045,0.0,0.0
1062,1,17,1,M,2,0.25708430423400225,0.31211324419373226,0.24,0.31211324419373226,0.00877070420619308,0.08118295458386696,0.24426525060123766,0.32339218770977646,0.0,0.0
1063,1,17,1,M,3,0.8103041743863953,0.7000661895647935,0.88,0.7000661895647935,0.0026786981803385568,0.08118295458386696,0.8116940930940234,0.7003368476497479,0.0,0.0
1064,1,18,1,M,0,0.8349134808165467,0.9073220551573613,0.36,0.9073220551573613,0.0025637522902979826,0.08118295458386696,0.8344912115262946,0.9070521212641435,0.0,0.0
1065,1,18,1,M,1,0.13992004463655608,0.11376484789602045,0.12,0.11376484789602045,0.002665362250372269,0.08118295458386696,0.14879049682030984,0.11041379042246502,0.0,0.0
1066,1,18,1,M,2,0.24426525060123766,0.32339218770977646,0.24,0.32339218770977646,0.00877070420619308,0.08118295458386696,0.2320020706878308,0.3333452898042342,0.0,0.0
1067,1,18,1,M,3,0.8116940930940234,0.7003368476497479,0.88,0.7003368476497479,0.0026786981803385568,0.08118295458386696,0.8121316261348999,0.6995627158808531,0.0,0.0
1068,1,19,1,M,0,0.8344912115262946,0.9070521212641435,0.36,0.9070521212641435,0.0025637522902979826,0.08118295458386696,0.834420834073491,0.9070270319812038,0.0,0.0
1069,1,19,1,M,1,0.14879049682030984,0.11041379042246502,0.12,0.11041379042246502,0.002665362250372269,0.08118295458386696,0.15509431711490984,0.10872429892231213,0.0,0.0
1070,1,19,1,M,2,0.2320020706878308,0.3333452898042342,0.24,0.3333452898042342,0.00877070420619308,0.08118295458386696,0.22233119396032552,0.33900305487777505,0.0,0.0
1071,1,19,1,M,3,0.8121316261348999,0.6995627158808531,0.88,0.6995627158808531,0.0026786981803385568,0.08118295458386696,0.8119873672328463,0.6991915647747248,0.0,0.0
1072,1,20,1,M,0,0.834420834073491,0.9070270319812038,0.36,0.9070270319812038,0.0025637522902979826,0.08118295458386696,0.8344208340734911,0.9070270319812039,0.0,0.0
1073,1,20,1,M,1,0.15509431711490984,0.10872429892231213,0.12,0.10872429892231213,0.002665362250372269,0.08118295458386696,0.15904719207287682,0.10772086486251639,0.0,0.0
1074,1,20,1,M,2,0.22233119396032552,0.33900305487777505,0.24,0.33900305487777505,0.00877070420619308,0.08118295458386696,0.215946516247837,0.3415198696950913,0.0,0.0
1075,1,20,1,M,3,0.8119873672328463,0.6991915647747248,0.88,0.6991915647747248,0.0026786981803385568,0.08118295458386696,0.8118806028467233,0.6991184013665107,0.0,0.0
1076,1,21,1,M,0,0.8344208340734911,0.9070270319812039,0.36,0.9070270319812039,0.0025637522902979826,0.08118295458386696,0.8344796384869467,0.9070186776920877,0.0,0.0
1077,1,21,1,M,1,0.15904719207287682,0.10772086486251639,0.12,0.10772086486251639,0.002665362250372269,0.08118295458386696,0.1609807954052024,0.10784421701770783,0.0,0.0
1078,1,21,1,M,2,0.215946516247837,0.3415198696950913,0.24,0.3415198696950913,0.00877070420619308,0.08118295458386696,0.21316505201752778,0.3434846134320394,0.0,0.0
1079,1,21,1,M,3,0.8118806028467233,0.6991184013665107,0.88,0.6991184013665107,0.0026786981803385568,0.08118295458386696,0.8118902643266738,0.6990758848476558,0.0,0.0
1080,1,22,1,M,0,0.8344796384869467,0.9070186776920877,0.36,0.9070186776920877,0.0025637522902979826,0.08118295458386696,0.8345098091301358,0.90701526410043,0.0,0.0
1081,1,22,1,M,1,0.1609807954052024,0.10784421701770783,0.12,0.10784421701770783,0.002665362250372269,0.08118295458386696,0.16227847916529042,0.10768733049847323,0.0,0.0
1082,1,22,1,M,2,0.21316505201752778,0.3434846134320394,0.24,0.3434846134320394,0.00877070420619308,0.08118295458386696,0.21109791535016093,0.34425183974113466,0.0,0.0
1083,1,22,1,M,3,0.8118902643266738,0.6990758848476558,0.88,0.6990758848476558,0.0026786981803385568,0.08118295458386696,0.8118911463077678,0.6990892963708855,0.0,0.0
1084,1,23,1,M,0,0.8345098091301358,0.90701526410043,0.36,0.90701526410043,0.0025637522902979826,0.08118295458386696,0.834509809130136,0.9070152641004301,0.0,0.0
1085,1,23,1,M,1,0.16227847916529042,0.10768733049847323,0.12,0.10768733049847323,0.002665362250372269,0.08118295458386696,0.16271395777235856,0.10724718034972981,0.0,0.0
1086,1,23,1,M,2,0.21109791535016093,0.34425183974113466,0.24,0.34425183974113466,0.00877070420619308,0.08118295458386696,0.21019877141032597,0.3438772608742977,0.0,0.0
1087,1,23,1,M,3,0.8118911463077678,0.6990892963708855,0.88,0.6990892963708855,0.0026786981803385568,0.08118295458386696,0.8119185180855679,0.6991362643293743,0.0,0.0
1088,1,24,2,M,0,0.834509809130136,0.9070152641004301,0.36,0.9070152641004301,0.0025637522902979826,0.08118295458386696,0.8345098091301358,0.90701526410043,0.0,0.0
1089,1,24,2,M,1,0.16271395777235856,0.10724718034972981,0.12,0.10724718034972981,0.002665362250372269,0.08118295458386696,0.1632674675053192,0.10667636659200912,0.0,0.0
1090,1,24,2,M,2,0.21019877141032597,0.3438772608742977,0.24,0.3438772608742977,0.00877070420619308,0.08118295458386696,0.20902767205723075,0.3433608085059628,0.0,0.0
1091,1,24,2,M,3,0.8119185180855679,0.6991362643293743,0.88,0.6991362643293743,0.0026786981803385568,0.08118295458386696,0.811919167340472,0.699171080935859,0.0,0.0
1092,1,25,2,M,0,0.8345098091301358,0.90701526410043,0.88,0.90701526410043,0.002521861674917039,0.08118295458386696,0.8333537582354376,0.9070264960203145,0.0,0.0
1093,1,25,2,M,1,0.1632674675053192,0.10667636659200912,0.12,0.10667636659200912,0.0025382337372636815,0.08118295458386696,0.16367302705987977,0.10680802411824339,0.0,0.0
1094,1,25,2,M,2,0.24,0.5,0.12,0.5,0.0025382337372636954,0.08118295458386696,0.20384064211919697,0.32108956111501463,1.0,1.0
1095,1,25,2,M,3,0.811919167340472,0.699171080935859,0.88,0.699171080935859,0.0026502074375587825,0.08118295458386696,0.8095477830163369,0.6983725910105332,0.0,0.0
1096,1,26,2,M,0,0.8333537582354376,0.9070264960203145,0.88,0.9070264960203145,0.002521861674917039,0.08118295458386696,0.8330830967796695,0.9070570279351362,0.0,0.0
1097,1,26,2,M,1,0.16367302705987977,0.10680802411824339,0.12,0.10680802411824339,0.0025382337372636815,0.08118295458386696,0.16329208039867468,0.10194641204380876,0.0,0.0
1098,1,26,2,M,2,0.20384064211919697,0.32108956111501463,0.12,0.32108956111501463,0.0025382337372636954,0.08118295458386696,0.20151542721422866,0.3135221446652415,0.0,0.0
1099,1,26,2,M,3,0.8095477830163369,0.6983725910105332,0.88,0.6983725910105332,0.0026502074375587825,0.08118295458386696,0.8096249422768789,0.6982735945582876,0.0,0.0
1100,1,27,2,M,0,0.8330830967796695,0.9070570279351362,0.88,0.9070570279351362,0.002521861674917039,0.08118295458386696,0.8330830967796694,0.9070570279351362,0.0,0.0
1101,1,27,2,M,1,0.16329208039867468,0.10194641204380876,0.12,0.10194641204380876,0.0025382337372636815,0.08118295458386696,0.16348448883847863,0.09890462648257992,0.0,0.0
1102,1,27,2,M,2,0.20151542721422866,0.3135221446652415,0.12,0.3135221446652415,0.0025382337372636954,0.08118295458386696,0.19948418762562653,0.30931437681161,0.0,0.0
1103,1,27,2,M,3,0.8096249422768789,0.6982735945582876,0.88,0.6982735945582876,0.0026502074375587825,0.08118295458386696,0.8095962443146371,0.6982109532089312,0.0,0.0
1104,1,28,2,M,0,0.8330830967796694,0.9070570279351362,0.88,0.9070570279351362,0.002521861674917039,0.08118295458386696,0.8330719866359253,0.9070565033908403,0.0,0.0
1105,1,28,2,M,1,0.16348448883847863,0.09890462648257992,0.12,0.09890462648257992,0.0025382337372636815,0.08118295458386696,0.1639841297856439,0.09725358609380147,0.0,0.0
1106,1,28,2,M,2,0.19948418762562653,0.30931437681161,0.12,0.30931437681161,0.0025382337372636954,0.08118295458386696,0.19790379620471454,0.3072397831947084,0.0,0.0
1107,1,28,2,M,3,0.8095962443146371,0.6982109532089312,0.88,0.6982109532089312,0.0026502074375587825,0.08118295458386696,0.8095778344480626,0.6982064638149333,0.0,0.0
1108,1,29,2,M,0,0.8330719866359253,0.9070565033908403,0.88,0.9070565033908403,0.002521861674917039,0.08118295458386696,0.8330534229869907,0.9070562825163855,0.0,0.0
1109,1,29,2,M,1,0.1639841297856439,0.09725358609380147,0.12,0.09725358609380147,0.0025382337372636815,0.08118295458386696,0.16396806499866723,0.09602187858340563,0.0,0.0
1110,1,29,2,M,2,0.19790379620471454,0.3072397831947084,0.12,0.3072397831947084,0.0025382337372636954,0.08118295458386696,0.19730985021493544,0.30545866741311334,0.0,0.0
1111,1,29,2,M,3,0.8095778344480626,0.6982064638149333,0.88,0.6982064638149333,0.0026502074375587825,0.08118295458386696,0.8095531294165398,0.698181447620809,0.0,0.0
1112,1,30,2,M,0,0.8330534229869907,0.9070562825163855,0.88,0.9070562825163855,0.002521861674917039,0.08118295458386696,0.8330053298254405,0.9070580742199752,0.0,0.0
1113,1,30,2,M,1,0.16396806499866723,0.09602187858340563,0.12,0.09602187858340563,0.0025382337372636815,0.08118295458386696,0.16421002504697751,0.09536269348231899,0.0,0.0
1114,1,30,2,M,2,0.19730985021493544,0.30545866741311334,0.12,0.30545866741311334,0.0025382337372636954,0.08118295458386696,0.19666143277183087,0.30457110835799417,0.0,0.0
1115,1,30,2,M,3,0.8095531294165398,0.698181447620809,0.88,0.698181447620809,0.0026502074375587825,0.08118295458386696,0.8095556691053257,0.6981808404589774,0.0,0.0
1116,1,31,2,M,0,0.8330053298254405,0.9070580742199752,0.88,0.9070580742199752,0.002521861674917039,0.08118295458386696,0.8329784501660864,0.9070602534685444,0.0,0.0
1117,1,31,2,M,1,0.16421002504697751,0.09536269348231899,0.12,0.09536269348231899,0.0025382337372636815,0.08118295458386696,0.16423829899769854,0.09536030655643252,0.0,0.0
1118,1,31,2,M,2,0.19666143277183087,0.30457110835799417,0.12,0.30457110835799417,0.0025382337372636954,0.08118295458386696,0.19667665535237483,0.30451216604717596,0.0,0.0
1119,1,31,2,M,3,0.8095556691053257,0.6981808404589774,0.88,0.6981808404589774,0.0026502074375587825,0.08118295458386696,0.8095434866307757,0.6982426027340045,0.0,0.0
1120,1,32,2,M,0,0.8329784501660864,0.9070602534685444,0.88,0.9070602534685444,0.002521861674917039,0.08118295458386696,0.8329784501660863,0.9070602534685442,0.0,0.0
1121,1,32,2,M,1,0.16423829899769854,0.09536030655643252,0.12,0.09536030655643252,0.0025382337372636815,0.08118295458386696,0.16423829899769857,0.09536030655643252,0.0,0.0
1122,1,32,2,M,2,0.19667665535237483,0.30451216604717596,0.12,0.30451216604717596,0.0025382337372636954,0.08118295458386696,0.19667665535237486,0.30451216604717596,0.0,0.0
1123,1,32,2,M,3,0.8095434866307757,0.6982426027340045,0.88,0.6982426027340045,0.0026502074375587825,0.08118295458386696,0.8095434866307758,0.6982426027340045,0.0,0.0
1124,1,33,2,M,0,0.8329784501660863,0.9070602534685442,0.88,0.9070602534685442,0.002521861674917039,0.08118295458386696,0.8329784501660864,0.9070602534685444,0.0,0.0
1125,1,33,2,M,1,0.16423829899769857,0.09536030655643252,0.12,0.09536030655643252,0.0025382337372636815,0.08118295458386696,0.1642382989976985,0.0953603065564325,0.0,0.0
1126,1,33,2,M,2,0.19667665535237486,0.30451216604717596,0.12,0.30451216604717596,0.0025382337372636954,0.08118295458386696,0.19667665535237486,0.30451216604717596,0.0,0.0
1127,1,33,2,M,3,0.8095434866307758,0.6982426027340045,0.88,0.6982426027340045,0.0026502074375587825,0.08118295458386696,0.8095434866307757,0.6982426027340045,0.0,0.0
1128,1,34,2,M,0,0.8329784501660864,0.9070602534685444,0.88,0.9070602534685444,0.002521861674917039,0.08118295458386696,0.8329784501660864,0.9070602534685444,0.0,0.0
1129,1,34,2,M,1,0.1642382989976985,0.0953603065564325,0.12,0.0953603065564325,0.0025382337372636815,0.08118295458386696,0.16423829899769854,0.09536030655643252,0.0,0.0
1130,1,34,2,M,2,0.19667665535237486,0.30451216604717596,0.12,0.30451216604717596,0.0025382337372636954,0.08118295458386696,0.19667665535237486,0.30451216604717596,0.0,0.0
1131,1,34,2,M,3,0.8095434866307757,0.6982426027340045,0.88,0.6982426027340045,0.0026502074375587825,0.08118295458386696,0.8095434866307757,0.6982426027340045,0.0,0.0
1132,1,35,2,M,0,0.8329784501660864,0.9070602534685444,0.88,0.9070602534685444,0.002521861674917039,0.08118295458386696,0.8329784501660864,0.9070602534685444,0.0,0.0
1133,1,35,2,M,1,0.16423829899769854,0.09536030655643252,0.12,0.09536030655643252,0.0025382337372636815,0.08118295458386696,0.16423829899769857,0.09536030655643252,0.0,0.0
1134,1,35,2,M,2,0.19667665535237486,0.30451216604717596,0.12,0.30451216604717596,0.0025382337372636954,0.08118295458386696,0.19667665535237486,0.30451216604717596,0.0,0.0
1135,1,35,2,M,3,0.8095434866307757,0.6982426027340045,0.88,0.6982426027340045,0.0026502074375587825,0.08118295458386696,0.8095434866307758,0.6982426027340045,0.0,0.0
1136,1,36,2,M,0,0.8329784501660864,0.9070602534685444,0.88,0.9070602534685444,0.002521861674917039,0.08118295458386696,0.8329784501660864,0.9070602534685444,0.0,0.0
1137,1,36,2,M,1,0.16423829899769857,0.09536030655643252,0.12,0.09536030655643252,0.0025382337372636815,0.08118295458386696,0.1642382989976985,0.0953603065564325,0.0,0.0
1138,1,36,2,M,2,0.19667665535237486,0.30451216604717596,0.12,0.30451216604717596,0.0025382337372636954,0.08118295458386696,0.19667665535237486,0.30451216604717596,0.0,0.0
1139,1,36,2,M,3,0.8095434866307758,0.6982426027340045,0.88,0.6982426027340045,0.0026502074375587825,0.08118295458386696,0.8095434866307757,0.6982426027340044,0.0,0.0
1140,1,37,2,M,0,0.8329784501660864,0.9070602534685444,0.88,0.9070602534685444,0.002521861674917039,0.08118295458386696,0.8329784501660863,0.9070602534685442,0.0,0.0
1141,1,37,2,M,1,0.1642382989976985,0.0953603065564325,0.12,0.0953603065564325,0.0025382337372636815,0.08118295458386696,0.16423829899769857,0.09536030655643253,0.0,0.0
1142,1,37,2,M,2,0.19667665535237486,0.30451216604717596,0.12,0.30451216604717596,0.0025382337372636954,0.08118295458386696,0.19667665535237486,0.30451216604717596,0.0,0.0
1143,1,37,2,M,3,0.8095434866307757,0.6982426027340044,0.88,0.6982426027340044,0.0026502074375587825,0.08118295458386696,0.8095434866307758,0.6982426027340045,0.0,0.0
1144,1,38,2,M,0,0.8329784501660863,0.9070602534685442,0.88,0.9070602534685442,0.002521861674917039,0.08118295458386696,0.8329784501660864,0.9070602534685444,0.0,0.0
1145,1,38,2,M,1,0.16423829899769857,0.09536030655643253,0.12,0.09536030655643253,0.0025382337372636815,0.08118295458386696,0.1642382989976985,0.0953603065564325,0.0,0.0
1146,1,38,2,M,2,0.19667665535237486,0.30451216604717596,0.12,0.30451216604717596,0.0025382337372636954,0.08118295458386696,0.19667665535237486,0.30451216604717596,0.0,0.0
1147,1,38,2,M,3,0.8095434866307758,0.6982426027340045,0.88,0.6982426027340045,0.0026502074375587825,0.08118295458386696,0.8095434866307757,0.6982426027340045,0.0,0.0
1148,1,39,2,M,0,0.8329784501660864,0.9070602534685444,0.88,0.9070602534685444,0.002521861674917039,0.08118295458386696,0.8329784501660864,0.9070602534685444,0.0,0.0
1149,1,39,2,M,1,0.1642382989976985,0.0953603065564325,0.12,0.0953603065564325,0.0025382337372636815,0.08118295458386696,0.16423829899769854,0.09536030655643252,0.0,0.0
1150,1,39,2,M,2,0.19667665535237486,0.30451216604717596,0.12,0.30451216604717596,0.0025382337372636954,0.08118295458386696,0.19667665535237486,0.30451216604717596,0.0,0.0
1151,1,39,2,M,3,0.8095434866307757,0.6982426027340045,0.88,0.6982426027340045,0.0026502074375587825,0.08118295458386696,0.8095434866307757,0.6982426027340045,0.0,0.0
1152,1,40,2,M,0,0.8329784501660864,0.9070602534685444,0.88,0.9070602534685444,0.002521861674917039,0.08118295458386696,0.8329784501660864,0.9070602534685444,0.0,0.0
1153,1,40,2,M,1,0.16423829899769854,0.09536030655643252,0.12,0.09536030655643252,0.0025382337372636815,0.08118295458386696,0.16423829899769857,0.09536030655643252,0.0,0.0
1154,1,40,2,M,2,0.19667665535237486,0.30451216604717596,0.12,0.30451216604717596,0.0025382337372636954,0.08118295458386696,0.19667665535237486,0.30451216604717596,0.0,0.0
1155,1,40,2,M,3,0.8095434866307757,0.6982426027340045,0.88,0.6982426027340045,0.0026502074375587825,0.08118295458386696,0.8095434866307758,0.6982426027340045,0.0,0.0
1156,1,41,2,M,0,0.8329784501660864,0.9070602534685444,0.88,0.9070602534685444,0.002521861674917039,0.08118295458386696,0.8329784501660864,0.9070602534685444,0.0,0.0
1157,1,41,2,M,1,0.16423829899769857,0.09536030655643252,0.12,0.09536030655643252,0.0025382337372636815,0.08118295458386696,0.1642382989976985,0.0953603065564325,0.0,0.0
1158,1,41,2,M,2,0.19667665535237486,0.30451216604717596,0.12,0.30451216604717596,0.0025382337372636954,0.08118295458386696,0.19667665535237486,0.30451216604717596,0.0,0.0
1159,1,41,2,M,3,0.8095434866307758,0.6982426027340045,0.88,0.6982426027340045,0.0026502074375587825,0.08118295458386696,0.8095434866307757,0.6982426027340044,0.0,0.0
1160,1,42,2,M,0,0.8329784501660864,0.9070602534685444,0.88,0.9070602534685444,0.002521861674917039,0.08118295458386696,0.8329784501660863,0.9070602534685442,0.0,0.0
1161,1,42,2,M,1,0.1642382989976985,0.0953603065564325,0.12,0.0953603065564325,0.0025382337372636815,0.08118295458386696,0.16423829899769857,0.09536030655643253,0.0,0.0
1162,1,42,2,M,2,0.19667665535237486,0.30451216604717596,0.12,0.30451216604717596,0.0025382337372636954,0.08118295458386696,0.19667665535237486,0.30451216604717596,0.0,0.0
1163,1,42,2,M,3,0.8095434866307757,0.6982426027340044,0.88,0.6982426027340044,0.0026502074375587825,0.08118295458386696,0.8095434866307758,0.6982426027340045,0.0,0.0
1164,1,43,2,M,0,0.8329784501660863,0.9070602534685442,0.88,0.9070602534685442,0.002521861674917039,0.08118295458386696,0.8329784501660864,0.9070602534685444,0.0,0.0
1165,1,43,2,M,1,0.16423829899769857,0.09536030655643253,0.12,0.09536030655643253,0.0025382337372636815,0.08118295458386696,0.1642382989976985,0.0953603065564325,0.0,0.0
1166,1,43,2,M,2,0.19667665535237486,0.30451216604717596,0.12,0.30451216604717596,0.0025382337372636954,0.08118295458386696,0.19667665535237486,0.30451216604717596,0.0,0.0
1167,1,43,2,M,3,0.8095434866307758,0.6982426027340045,0.88,0.6982426027340045,0.0026502074375587825,0.08118295458386696,0.8095434866307757,0.6982426027340045,0.0,0.0
1168,1,44,2,M,0,0.8329784501660864,0.9070602534685444,0.88,0.9070602534685444,0.002521861674917039,0.08118295458386696,0.8329784501660864,0.9070602534685444,0.0,0.0
1169,1,44,2,M,1,0.1642382989976985,0.0953603065564325,0.12,0.0953603065564325,0.0025382337372636815,0.08118295458386696,0.16423829899769854,0.09536030655643252,0.0,0.0
1170,1,44,2,M,2,0.19667665535237486,0.30451216604717596,0.12,0.30451216604717596,0.0025382337372636954,0.08118295458386696,0.19667665535237486,0.30451216604717596,0.0,0.0
1171,1,44,2,M,3,0.8095434866307757,0.6982426027340045,0.88,0.6982426027340045,0.0026502074375587825,0.08118295458386696,0.8095434866307757,0.6982426027340045,0.0,0.0
1172,1,45,2,M,0,0.8329784501660864,0.9070602534685444,0.88,0.9070602534685444,0.002521861674917039,0.08118295458386696,0.8329784501660864,0.9070602534685444,0.0,0.0
1173,1,45,2,M,1,0.16423829899769854,0.09536030655643252,0.12,0.09536030655643252,0.0025382337372636815,0.08118295458386696,0.16423829899769857,0.09536030655643252,0.0,0.0
1174,1,45,2,M,2,0.19667665535237486,0.30451216604717596,0.12,0.30451216604717596,0.0025382337372636954,0.08118295458386696,0.19667665535237486,0.30451216604717596,0.0,0.0
1175,1,45,2,M,3,0.8095434866307757,0.6982426027340045,0.88,0.6982426027340045,0.0026502074375587825,0.08118295458386696,0.8095434866307758,0.6982426027340045,0.0,0.0
1176,1,46,2,M,0,0.8329784501660864,0.9070602534685444,0.88,0.9070602534685444,0.002521861674917039,0.08118295458386696,0.8329784501660864,0.9070602534685444,0.0,0.0
1177,1,46,2,M,1,0.16423829899769857,0.09536030655643252,0.12,0.09536030655643252,0.0025382337372636815,0.08118295458386696,0.1642382989976985,0.0953603065564325,0.0,0.0
1178,1,46,2,M,2,0.19667665535237486,0.30451216604717596,0.12,0.30451216604717596,0.0025382337372636954,0.08118295458386696,0.19667665535237486,0.30451216604717596,0.0,0.0
1179,1,46,2,M,3,0.8095434866307758,0.6982426027340045,0.88,0.6982426027340045,0.0026502074375587825,0.08118295458386696,0.8095434866307757,0.6982426027340044,0.0,0.0
1180,1,47,2,M,0,0.8329784501660864,0.9070602534685444,0.88,0.9070602534685444,0.002521861674917039,0.08118295458386696,0.8329784501660863,0.9070602534685442,0.0,0.0
1181,1,47,2,M,1,0.1642382989976985,0.0953603065564325,0.12,0.0953603065564325,0.0025382337372636815,0.08118295458386696,0.16423829899769857,0.09536030655643253,0.0,0.0
1182,1,47,2,M,2,0.19667665535237486,0.30451216604717596,0.12,0.30451216604717596,0.0025382337372636954,0.08118295458386696,0.19667665535237486,0.30451216604717596,0.0,0.0
1183,1,47,2,M,3,0.8095434866307757,0.6982426027340044,0.88,0.6982426027340044,0.0026502074375587825,0.08118295458386696,0.8095434866307758,0.6982426027340045,0.0,0.0
1184,1,48,2,M,0,0.8329784501660863,0.9070602534685442,0.88,0.9070602534685442,0.002521861674917039,0.08118295458386696,0.8329784501660864,0.9070602534685444,0.0,0.0
1185,1,48,2,M,1,0.16423829899769857,0.09536030655643253,0.12,0.09536030655643253,0.0025382337372636815,0.08118295458386696,0.1642382989976985,0.0953603065564325,0.0,0.0
1186,1,48,2,M,2,0.19667665535237486,0.30451216604717596,0.12,0.30451216604717596,0.0025382337372636954,0.08118295458386696,0.19667665535237486,0.30451216604717596,0.0,0.0
1187,1,48,2,M,3,0.8095434866307758,0.6982426027340045,0.88,0.6982426027340045,0.0026502074375587825,0.08118295458386696,0.8095434866307757,0.6982426027340045,0.0,0.0
1188,1,49,2,M,0,0.8329784501660864,0.9070602534685444,0.88,0.9070602534685444,0.002521861674917039,0.08118295458386696,0.8329784501660864,0.9070602534685444,0.0,0.0
1189,1,49,2,M,1,0.1642382989976985,0.0953603065564325,0.12,0.0953603065564325,0.0025382337372636815,0.08118295458386696,0.16423829899769854,0.09536030655643252,0.0,0.0
1190,1,49,2,M,2,0.19667665535237486,0.30451216604717596,0.12,0.30451216604717596,0.0025382337372636954,0.08118295458386696,0.19667665535237486,0.30451216604717596,0.0,0.0
1191,1,49,2,M,3,0.8095434866307757,0.6982426027340045,0.88,0.6982426027340045,0.0026502074375587825,0.08118295458386696,0.8095434866307757,0.6982426027340045,0.0,0.0
1192,1,50,2,M,0,0.8329784501660864,0.9070602534685444,0.88,0.9070602534685444,0.002521861674917039,0.08118295458386696,0.8329784501660864,0.9070602534685444,0.0,0.0
1193,1,50,2,M,1,0.16423829899769854,0.09536030655643252,0.12,0.09536030655643252,0.0025382337372636815,0.08118295458386696,0.16423829899769857,0.09536030655643252,0.0,0.0
1194,1,50,2,M,2,0.19667665535237486,0.30451216604717596,0.12,0.30451216604717596,0.0025382337372636954,0.08118295458386696,0.19667665535237486,0.30451216604717596,0.0,0.0
1195,1,50,2,M,3,0.8095434866307757,0.6982426027340045,0.88,0.6982426027340045,0.0026502074375587825,0.08118295458386696,0.8095434866307758,0.6982426027340045,0.0,0.0
1196,1,51,2,M,0,0.8329784501660864,0.9070602534685444,0.88,0.9070602534685444,0.002521861674917039,0.08118295458386696,0.8329784501660864,0.9070602534685444,0.0,0.0
1197,1,51,2,M,1,0.16423829899769857,0.09536030655643252,0.12,0.09536030655643252,0.0025382337372636815,0.08118295458386696,0.1642382989976985,0.0953603065564325,0.0,0.0
1198,1,51,2,M,2,0.19667665535237486,0.30451216604717596,0.12,0.30451216604717596,0.0025382337372636954,0.08118295458386696,0.19667665535237486,0.30451216604717596,0.0,0.0
1199,1,51,2,M,3,0.8095434866307758,0.6982426027340045,0.88,0.6982426027340045,0.0026502074375587825,0.08118295458386696,0.8095434866307757,0.6982426027340044,0.0,0.0
1200,1,52,2,M,0,0.8329784501660864,0.9070602534685444,0.88,0.9070602534685444,0.002521861674917039,0.08118295458386696,0.8329784501660863,0.9070602534685442,0.0,0.0
1201,1,52,2,M,1,0.1642382989976985,0.0953603065564325,0.12,0.0953603065564325,0.0025382337372636815,0.08118295458386696,0.16423829899769857,0.09536030655643253,0.0,0.0
1202,1,52,2,M,2,0.19667665535237486,0.30451216604717596,0.12,0.30451216604717596,0.0025382337372636954,0.08118295458386696,0.19667665535237486,0.30451216604717596,0.0,0.0
1203,1,52,2,M,3,0.8095434866307757,0.6982426027340044,0.88,0.6982426027340044,0.0026502074375587825,0.08118295458386696,0.8095434866307758,0.6982426027340045,0.0,0.0
1204,1,53,2,M,0,0.8329784501660863,0.9070602534685442,0.88,0.9070602534685442,0.002521861674917039,0.08118295458386696,0.8329784501660864,0.9070602534685444,0.0,0.0
1205,1,53,2,M,1,0.16423829899769857,0.09536030655643253,0.12,0.09536030655643253,0.0025382337372636815,0.08118295458386696,0.1642382989976985,0.0953603065564325,0.0,0.0
1206,1,53,2,M,2,0.19667665535237486,0.30451216604717596,0.12,0.30451216604717596,0.0025382337372636954,0.08118295458386696,0.19667665535237486,0.30451216604717596,0.0,0.0
1207,1,53,2,M,3,0.8095434866307758,0.6982426027340045,0.88,0.6982426027340045,0.0026502074375587825,0.08118295458386696,0.8095434866307757,0.6982426027340045,0.0,0.0
1208,1,54,2,M,0,0.8329784501660864,0.9070602534685444,0.88,0.9070602534685444,0.002521861674917039,0.08118295458386696,0.8329784501660864,0.9070602534685444,0.0,0.0
1209,1,54,2,M,1,0.1642382989976985,0.0953603065564325,0.12,0.0953603065564325,0.0025382337372636815,0.08118295458386696,0.16423829899769854,0.09536030655643252,0.0,0.0
1210,1,54,2,M,2,0.19667665535237486,0.30451216604717596,0.12,0.30451216604717596,0.0025382337372636954,0.08118295458386696,0.19667665535237486,0.30451216604717596,0.0,0.0
1211,1,54,2,M,3,0.8095434866307757,0.6982426027340045,0.88,0.6982426027340045,0.0026502074375587825,0.08118295458386696,0.8095434866307757,0.6982426027340045,0.0,0.0
1212,1,55,2,M,0,0.8329784501660864,0.9070602534685444,0.88,0.9070602534685444,0.002521861674917039,0.08118295458386696,0.8329784501660864,0.9070602534685444,0.0,0.0
1213,1,55,2,M,1,0.16423829899769854,0.09536030655643252,0.12,0.09536030655643252,0.0025382337372636815,0.08118295458386696,0.16423829899769857,0.09536030655643252,0.0,0.0
1214,1,55,2,M,2,0.19667665535237486,0.30451216604717596,0.12,0.30451216604717596,0.0025382337372636954,0.08118295458386696,0.19667665535237486,0.30451216604717596,0.0,0.0
1215,1,55,2,M,3,0.8095434866307757,0.6982426027340045,0.88,0.6982426027340045,0.0026502074375587825,0.08118295458386696,0.8095434866307758,0.6982426027340045,0.0,0.0
1216,1,56,3,M,0,0.8329784501660864,0.9070602534685444,0.88,0.9070602534685444,0.002521861674917039,0.08118295458386696,0.8329784501660864,0.9070602534685444,0.0,0.0
1217,1,56,3,M,1,0.16423829899769857,0.09536030655643252,0.12,0.09536030655643252,0.0025382337372636815,0.08118295458386696,0.1642382989976985,0.0953603065564325,0.0,0.0
1218,1,56,3,M,2,0.19667665535237486,0.30451216604717596,0.12,0.30451216604717596,0.0025382337372636954,0.08118295458386696,0.19667665535237486,0.30451216604717596,0.0,0.0
1219,1,56,3,M,3,0.8095434866307758,0.6982426027340045,0.88,0.6982426027340045,0.0026502074375587825,0.08118295458386696,0.8095434866307757,0.6982426027340044,0.0,0.0
1220,1,57,3,M,0,0.62,0.9,0.88,0.9,0.002360835627518626,0.08118295458386696,0.8423473936739385,0.9073579577467359,1.0,1.0
1221,1,57,3,M,1,0.62,0.1,0.36,0.1,0.0021578994158978904,0.08118295458386696,0.172421374735316,0.095424995947338,1.0,1.0
1222,1,57,3,M,2,0.1,0.62,0.12,0.62,0.002323984879146826,0.08118295458386696,0.1928937530490365,0.3040930972976843,1.0,1.0
1223,1,57,3,M,3,0.9,0.1,0.9,0.1,0.0020673579258738556,0.08118295458386696,0.8060392524050021,0.6991589655662442,1.0,1.0
1224,1,58,3,M,0,0.9,0.9,0.38,0.9,0.0018142348753519139,0.08118295458386696,0.8399412727304232,0.9046973276644319,1.0,1.0
1225,1,58,3,M,1,0.36,0.1,0.1,0.1,0.0018848632294887063,0.08118295458386696,0.1718399383918542,0.09467755309943315,1.0,1.0
1226,1,58,3,M,2,0.1,0.38,0.1,0.38,0.0019804524359558484,0.08118295458386696,0.2000006511797991,0.2882117316530673,1.0,1.0
1227,1,58,3,M,3,0.88,0.38,0.9,0.38,0.0018252130154147866,0.08118295458386696,0.8098506499782526,0.6879099503077944,1.0,1.0
1228,1,59,3,M,0,0.36,0.9,1.0,0.9,0.0004922988269058515,0.08118295458386696,0.8375362821903026,0.9020493840503585,1.0,1.0
1229,1,59,3,M,1,0.12,0.12,0.0,0.12,0.00048986355362933,0.08118295458386696,0.16110292051695516,0.09327953875372808,1.0,1.0
1230,1,59,3,M,2,0.12,0.9,0.38,0.9,0.0007490857097680881,0.08118295458386696,0.1877074254671946,0.31254593993519386,1.0,1.0
1231,1,59,3,M,3,0.88,0.62,0.62,0.62,0.0007649895292151793,0.08118295458386696,0.809745597801756,0.6763469040127934,1.0,1.0
1232,1,60,3,M,0,0.8375362821903026,0.9020493840503585,1.0,0.9020493840503585,0.0004922988269058515,0.08118295458386696,0.8366180452313018,0.8987650222861764,0.0,0.0
1233,1,60,3,M,1,0.16110292051695516,0.09327953875372808,0.0,0.09327953875372808,0.00048986355362933,0.08118295458386696,0.16268571686990513,0.09722806310617207,0.0,0.0
1234,1,60,3,M,2,0.1877074254671946,0.31254593993519386,0.38,0.31254593993519386,0.0007490857097680881,0.08118295458386696,0.18532930831948663,0.3224564849072525,0.0,0.0
1235,1,60,3,M,3,0.809745597801756,0.6763469040127934,0.62,0.6763469040127934,0.0007649895292151793,0.08118295458386696,0.8108775534369342,0.6671967791834822,0.0,0.0
1236,1,61,3,M,0,0.8366180452313018,0.8987650222861764,1.0,0.8987650222861764,0.0004922988269058515,0.08118295458386696,0.8353659914260924,0.8967974572053508,0.0,0.0
1237,1,61,3,M,1,0.16268571686990513,0.09722806310617207,0.0,0.09722806310617207,0.00048986355362933,0.08118295458386696,0.163960122373001,0.10030704720123074,0.0,0.0
1238,1,61,3,M,2,0.18532930831948663,0.3224564849072525,0.38,0.3224564849072525,0.0007490857097680881,0.08118295458386696,0.18360585641896082,0.33011145019319543,0.0,0.0
1239,1,61,3,M,3,0.8108775534369342,0.6671967791834822,0.62,0.6671967791834822,0.0007649895292151793,0.08118295458386696,0.8129634007106478,0.6615677433893726,0.0,0.0
1240,1,62,3,M,0,0.8353659914260924,0.8967974572053508,1.0,0.8967974572053508,0.0004922988269058515,0.08118295458386696,0.8342955315479064,0.8953529319058362,0.0,0.0
1241,1,62,3,M,1,0.163960122373001,0.10030704720123074,0.0,0.10030704720123074,0.00048986355362933,0.08118295458386696,0.1649455106827235,0.10243243814870605,0.0,0.0
1242,1,62,3,M,2,0.18360585641896082,0.33011145019319543,0.38,0.33011145019319543,0.0007490857097680881,0.08118295458386696,0.18222624817219193,0.3357252625736205,0.0,0.0
1243,1,62,3,M,3,0.8129634007106478,0.6615677433893726,0.62,0.6615677433893726,0.0007649895292151793,0.08118295458386696,0.8152022601290049,0.6574442477201387,0.0,0.0
1244,1,63,3,M,0,0.8342955315479064,0.8953529319058362,1.0,0.8953529319058362,0.0004922988269058515,0.08118295458386696,0.8332311129267744,0.8942607372889086,0.0,0.0
1245,1,63,3,M,1,0.1649455106827235,0.10243243814870605,0.0,0.10243243814870605,0.00048986355362933,0.08118295458386696,0.16562215156558496,0.10444525499439153,0.0,0.0
1246,1,63,3,M,2,0.18222624817219193,0.3357252625736205,0.38,0.3357252625736205,0.0007490857097680881,0.08118295458386696,0.1807987053772135,0.3408470460630383,0.0,0.0
1247,1,63,3,M,3,0.8152022601290049,0.6574442477201387,0.62,0.6574442477201387,0.0007649895292151793,0.08118295458386696,0.8171452561799046,0.653835195709075,0.0,0.0
1248,1,64,3,M,0,0.8332311129267744,0.8942607372889086,1.0,0.8942607372889086,0.0004922988269058515,0.08118295458386696,0.8324132791594739,0.8934776424421315,0.0,0.0
1249,1,64,3,M,1,0.16562215156558496,0.10444525499439153,0.0,0.10444525499439153,0.00048986355362933,0.08118295458386696,0.16626595698734262,0.10551912234958741,0.0,0.0
1250,1,64,3,M,2,0.1807987053772135,0.3408470460630383,0.38,0.3408470460630383,0.0007490857097680881,0.08118295458386696,0.1795243092220564,0.34371888845044885,0.0,0.0
1251,1,64,3,M,3,0.8171452561799046,0.653835195709075,0.62,0.653835195709075,0.0007649895292151793,0.08118295458386696,0.8188920572543604,0.651577497061158,0.0,0.0
1252,1,65,3,M,0,0.8324132791594739,0.8934776424421315,1.0,0.8934776424421315,0.0004922988269058515,0.08118295458386696,0.8316898917343123,0.8929216109652628,0.0,0.0
1253,1,65,3,M,1,0.16626595698734262,0.10551912234958741,0.0,0.10551912234958741,0.00048986355362933,0.08118295458386696,0.16693162794104197,0.1063386327728434,0.0,0.0
1254,1,65,3,M,2,0.1795243092220564,0.34371888845044885,0.38,0.34371888845044885,0.0007490857097680881,0.08118295458386696,0.17852869884678174,0.3465031400205507,0.0,0.0
1255,1,65,3,M,3,0.8188920572543604,0.651577497061158,0.62,0.651577497061158,0.0007649895292151793,0.08118295458386696,0.8212109171818217,0.6499383206863664,0.0,0.0
1256,1,66,3,M,0,0.8316898917343123,0.8929216109652628,1.0,0.8929216109652628,0.0004922988269058515,0.08118295458386696,0.831016113327329,0.8924303234161969,0.0,0.0
1257,1,66,3,M,1,0.16693162794104197,0.1063386327728434,0.0,0.1063386327728434,0.00048986355362933,0.08118295458386696,0.16784336914736378,0.10717777463449187,0.0,0.0
1258,1,66,3,M,2,0.17852869884678174,0.3465031400205507,0.38,0.3465031400205507,0.0007490857097680881,0.08118295458386696,0.17672530705433653,0.3490032041823045,0.0,0.0
1259,1,66,3,M,3,0.8212109171818217,0.6499383206863664,0.62,0.6499383206863664,0.0007649895292151793,0.08118295458386696,0.8230317520468204,0.6486241252638882,0.0,0.0
1260,1,67,3,M,0,0.831016113327329,0.8924303234161969,1.0,0.8924303234161969,0.0004922988269058515,0.08118295458386696,0.8302587609312126,0.8920781984075423,0.0,0.0
1261,1,67,3,M,1,0.16784336914736378,0.10717777463449187,0.0,0.10717777463449187,0.00048986355362933,0.08118295458386696,0.16876031789299362,0.10776206056907255,0.0,0.0
1262,1,67,3,M,2,0.17672530705433653,0.3490032041823045,0.38,0.3490032041823045,0.0007490857097680881,0.08118295458386696,0.17444583824110593,0.3506652866106897,0.0,0.0
1263,1,67,3,M,3,0.8230317520468204,0.6486241252638882,0.62,0.6486241252638882,0.0007649895292151793,0.08118295458386696,0.824728153395776,0.647476588147852,0.0,0.0
1264,1,68,3,M,0,0.8302587609312126,0.8920781984075423,1.0,0.8920781984075423,0.0004922988269058515,0.08118295458386696,0.8297184163264071,0.8919131683324428,0.0,0.0
1265,1,68,3,M,1,0.16876031789299362,0.10776206056907255,0.0,0.10776206056907255,0.00048986355362933,0.08118295458386696,0.16967274527140727,0.10811931582983841,0.0,0.0
1266,1,68,3,M,2,0.17444583824110593,0.3506652866106897,0.38,0.3506652866106897,0.0007490857097680881,0.08118295458386696,0.17213004680514665,0.35184831546832634,0.0,0.0
1267,1,68,3,M,3,0.824728153395776,0.647476588147852,0.62,0.647476588147852,0.0007649895292151793,0.08118295458386696,0.8260655957965357,0.6468063744179379,0.0,0.0
1268,1,69,3,M,0,0.8297184163264071,0.8919131683324428,1.0,0.8919131683324428,0.0004922988269058515,0.08118295458386696,0.8297184163264072,0.8919131683324428,0.0,0.0
1269,1,69,3,M,1,0.16967274527140727,0.10811931582983841,0.0,0.10811931582983841,0.00048986355362933,0.08118295458386696,0.169868483190325,0.10817031564880077,0.0,0.0
1270,1,69,3,M,2,0.17213004680514665,0.35184831546832634,0.38,0.35184831546832634,0.0007490857097680881,0.08118295458386696,0.17146757653739858,0.35201045793755154,0.0,0.0
1271,1,69,3,M,3,0.8260655957965357,0.6468063744179379,0.62,0.6468063744179379,0.0007649895292151793,0.08118295458386696,0.8259559847711696,0.6466607970499187,0.0,0.0
1272,1,70,3,M,0,0.8297184163264072,0.8919131683324428,1.0,0.8919131683324428,0.0004922988269058515,0.08118295458386696,0.829718416326407,0.8919131683324427,0.0,0.0
1273,1,70,3,M,1,0.169868483190325,0.10817031564880077,0.0,0.10817031564880077,0.00048986355362933,0.08118295458386696,0.169868483190325,0.10817031564880077,0.0,0.0
1274,1,70,3,M,2,0.17146757653739858,0.35201045793755154,0.38,0.35201045793755154,0.0007490857097680881,0.08118295458386696,0.17146757653739858,0.3520104579375516,0.0,0.0
1275,1,70,3,M,3,0.8259559847711696,0.6466607970499187,0.62,0.6466607970499187,0.0007649895292151793,0.08118295458386696,0.8259559847711697,0.6466607970499187,0.0,0.0
1276,1,71,3,M,0,0.829718416326407,0.8919131683324427,1.0,0.8919131683324427,0.0004922988269058515,0.08118295458386696,0.829718416326407,0.8919131683324427,0.0,0.0
1277,1,71,3,M,1,0.169868483190325,0.10817031564880077,0.0,0.10817031564880077,0.00048986355362933,0.08118295458386696,0.169868483190325,0.10817031564880077,0.0,0.0
1278,1,71,3,M,2,0.17146757653739858,0.3520104579375516,0.38,0.3520104579375516,0.0007490857097680881,0.08118295458386696,0.17146757653739858,0.3520104579375516,0.0,0.0
1279,1,71,3,M,3,0.8259559847711697,0.6466607970499187,0.62,0.6466607970499187,0.0007649895292151793,0.08118295458386696,0.8259559847711696,0.6466607970499187,0.0,0.0
1280,1,72,3,M,0,0.829718416326407,0.8919131683324427,1.0,0.8919131683324427,0.0004922988269058515,0.08118295458386696,0.8297184163264072,0.8919131683324428,0.0,0.0
1281,1,72,3,M,1,0.169868483190325,0.10817031564880077,0.0,0.10817031564880077,0.00048986355362933,0.08118295458386696,0.169868483190325,0.10817031564880078,0.0,0.0
1282,1,72,3,M,2,0.17146757653739858,0.3520104579375516,0.38,0.3520104579375516,0.0007490857097680881,0.08118295458386696,0.17146757653739858,0.3520104579375516,0.0,0.0
1283,1,72,3,M,3,0.8259559847711696,0.6466607970499187,0.62,0.6466607970499187,0.0007649895292151793,0.08118295458386696,0.8259559847711697,0.6466607970499187,0.0,0.0
1284,1,73,3,M,0,0.8297184163264072,0.8919131683324428,1.0,0.8919131683324428,0.0004922988269058515,0.08118295458386696,0.829718416326407,0.8919131683324427,0.0,0.0
1285,1,73,3,M,1,0.169868483190325,0.10817031564880078,0.0,0.10817031564880078,0.00048986355362933,0.08118295458386696,0.16986848319032496,0.10817031564880078,0.0,0.0
1286,1,73,3,M,2,0.17146757653739858,0.3520104579375516,0.38,0.3520104579375516,0.0007490857097680881,0.08118295458386696,0.17146757653739858,0.3520104579375516,0.0,0.0
1287,1,73,3,M,3,0.8259559847711697,0.6466607970499187,0.62,0.6466607970499187,0.0007649895292151793,0.08118295458386696,0.8259559847711696,0.6466607970499187,0.0,0.0
1288,1,74,3,M,0,0.829718416326407,0.8919131683324427,1.0,0.8919131683324427,0.0004922988269058515,0.08118295458386696,0.8297184163264072,0.8919131683324428,0.0,0.0
1289,1,74,3,M,1,0.16986848319032496,0.10817031564880078,0.0,0.10817031564880078,0.00048986355362933,0.08118295458386696,0.169868483190325,0.10817031564880077,0.0,0.0
1290,1,74,3,M,2,0.17146757653739858,0.3520104579375516,0.38,0.3520104579375516,0.0007490857097680881,0.08118295458386696,0.17146757653739858,0.3520104579375516,0.0,0.0
1291,1,74,3,M,3,0.8259559847711696,0.6466607970499187,0.62,0.6466607970499187,0.0007649895292151793,0.08118295458386696,0.8259559847711696,0.6466607970499187,0.0,0.0
1292,1,75,3,M,0,0.8297184163264072,0.8919131683324428,1.0,0.8919131683324428,0.0004922988269058515,0.08118295458386696,0.829718416326407,0.8919131683324427,0.0,0.0
1293,1,75,3,M,1,0.169868483190325,0.10817031564880077,0.0,0.10817031564880077,0.00048986355362933,0.08118295458386696,0.169868483190325,0.10817031564880078,0.0,0.0
1294,1,75,3,M,2,0.17146757653739858,0.3520104579375516,0.38,0.3520104579375516,0.0007490857097680881,0.08118295458386696,0.17146757653739858,0.3520104579375516,0.0,0.0
1295,1,75,3,M,3,0.8259559847711696,0.6466607970499187,0.62,0.6466607970499187,0.0007649895292151793,0.08118295458386696,0.8259559847711696,0.6466607970499187,0.0,0.0
1296,1,76,3,M,0,0.829718416326407,0.8919131683324427,1.0,0.8919131683324427,0.0004922988269058515,0.08118295458386696,0.8297184163264072,0.8919131683324428,0.0,0.0
1297,1,76,3,M,1,0.169868483190325,0.10817031564880078,0.0,0.10817031564880078,0.00048986355362933,0.08118295458386696,0.169868483190325,0.10817031564880078,0.0,0.0
1298,1,76,3,M,2,0.17146757653739858,0.3520104579375516,0.38,0.3520104579375516,0.0007490857097680881,0.08118295458386696,0.17146757653739858,0.3520104579375516,0.0,0.0
1299,1,76,3,M,3,0.8259559847711696,0.6466607970499187,0.62,0.6466607970499187,0.0007649895292151793,0.08118295458386696,0.8259559847711697,0.6466607970499187,0.0,0.0
1300,1,77,3,M,0,0.8297184163264072,0.8919131683324428,1.0,0.8919131683324428,0.0004922988269058515,0.08118295458386696,0.829718416326407,0.8919131683324427,0.0,0.0
1301,1,77,3,M,1,0.169868483190325,0.10817031564880078,0.0,0.10817031564880078,0.00048986355362933,0.08118295458386696,0.16986848319032496,0.10817031564880078,0.0,0.0
1302,1,77,3,M,2,0.17146757653739858,0.3520104579375516,0.38,0.3520104579375516,0.0007490857097680881,0.08118295458386696,0.17146757653739858,0.3520104579375516,0.0,0.0
1303,1,77,3,M,3,0.8259559847711697,0.6466607970499187,0.62,0.6466607970499187,0.0007649895292151793,0.08118295458386696,0.8259559847711696,0.6466607970499187,0.0,0.0
1304,1,78,3,M,0,0.829718416326407,0.8919131683324427,1.0,0.8919131683324427,0.0004922988269058515,0.08118295458386696,0.8297184163264072,0.8919131683324428,0.0,0.0
1305,1,78,3,M,1,0.16986848319032496,0.10817031564880078,0.0,0.10817031564880078,0.00048986355362933,0.08118295458386696,0.169868483190325,0.10817031564880077,0.0,0.0
1306,1,78,3,M,2,0.17146757653739858,0.3520104579375516,0.38,0.3520104579375516,0.0007490857097680881,0.08118295458386696,0.17146757653739858,0.3520104579375516,0.0,0.0
1307,1,78,3,M,3,0.8259559847711696,0.6466607970499187,0.62,0.6466607970499187,0.0007649895292151793,0.08118295458386696,0.8259559847711696,0.6466607970499187,0.0,0.0
1308,1,79,3,M,0,0.8297184163264072,0.8919131683324428,1.0,0.8919131683324428,0.0004922988269058515,0.08118295458386696,0.829718416326407,0.8919131683324427,0.0,0.0
1309,1,79,3,M,1,0.169868483190325,0.10817031564880077,0.0,0.10817031564880077,0.00048986355362933,0.08118295458386696,0.169868483190325,0.10817031564880078,0.0,0.0
1310,1,79,3,M,2,0.17146757653739858,0.3520104579375516,0.38,0.3520104579375516,0.0007490857097680881,0.08118295458386696,0.17146757653739858,0.3520104579375516,0.0,0.0
1311,1,79,3,M,3,0.8259559847711696,0.6466607970499187,0.62,0.6466607970499187,0.0007649895292151793,0.08118295458386696,0.8259559847711696,0.6466607970499187,0.0,0.0
1312,1,80,3,M,0,0.829718416326407,0.8919131683324427,1.0,0.8919131683324427,0.0004922988269058515,0.08118295458386696,0.8297184163264072,0.8919131683324428,0.0,0.0
1313,1,80,3,M,1,0.169868483190325,0.10817031564880078,0.0,0.10817031564880078,0.00048986355362933,0.08118295458386696,0.169868483190325,0.10817031564880078,0.0,0.0
1314,1,80,3,M,2,0.17146757653739858,0.3520104579375516,0.38,0.3520104579375516,0.0007490857097680881,0.08118295458386696,0.17146757653739858,0.3520104579375516,0.0,0.0
1315,1,80,3,M,3,0.8259559847711696,0.6466607970499187,0.62,0.6466607970499187,0.0007649895292151793,0.08118295458386696,0.8259559847711697,0.6466607970499187,0.0,0.0
1316,1,81,3,M,0,0.8297184163264072,0.8919131683324428,1.0,0.8919131683324428,0.0004922988269058515,0.08118295458386696,0.829718416326407,0.8919131683324427,0.0,0.0
1317,1,81,3,M,1,0.169868483190325,0.10817031564880078,0.0,0.10817031564880078,0.00048986355362933,0.08118295458386696,0.16986848319032496,0.10817031564880078,0.0,0.0
1318,1,81,3,M,2,0.17146757653739858,0.3520104579375516,0.38,0.3520104579375516,0.0007490857097680881,0.08118295458386696,0.17146757653739858,0.3520104579375516,0.0,0.0
1319,1,81,3,M,3,0.8259559847711697,0.6466607970499187,0.62,0.6466607970499187,0.0007649895292151793,0.08118295458386696,0.8259559847711696,0.6466607970499187,0.0,0.0
1320,1,82,3,M,0,0.829718416326407,0.8919131683324427,1.0,0.8919131683324427,0.0004922988269058515,0.08118295458386696,0.8297184163264072,0.8919131683324428,0.0,0.0
1321,1,82,3,M,1,0.16986848319032496,0.10817031564880078,0.0,0.10817031564880078,0.00048986355362933,0.08118295458386696,0.169868483190325,0.10817031564880077,0.0,0.0
1322,1,82,3,M,2,0.17146757653739858,0.3520104579375516,0.38,0.3520104579375516,0.0007490857097680881,0.08118295458386696,0.17146757653739858,0.3520104579375516,0.0,0.0
1323,1,82,3,M,3,0.8259559847711696,0.6466607970499187,0.62,0.6466607970499187,0.0007649895292151793,0.08118295458386696,0.8259559847711696,0.6466607970499187,0.0,0.0
1324,1,83,3,M,0,0.8297184163264072,0.8919131683324428,1.0,0.8919131683324428,0.0004922988269058515,0.08118295458386696,0.829718416326407,0.8919131683324427,0.0,0.0
1325,1,83,3,M,1,0.169868483190325,0.10817031564880077,0.0,0.10817031564880077,0.00048986355362933,0.08118295458386696,0.169868483190325,0.10817031564880078,0.0,0.0
1326,1,83,3,M,2,0.17146757653739858,0.3520104579375516,0.38,0.3520104579375516,0.0007490857097680881,0.08118295458386696,0.17146757653739858,0.3520104579375516,0.0,0.0
1327,1,83,3,M,3,0.8259559847711696,0.6466607970499187,0.62,0.6466607970499187,0.0007649895292151793,0.08118295458386696,0.8259559847711696,0.6466607970499187,0.0,0.0
1328,1,84,3,M,0,0.829718416326407,0.8919131683324427,1.0,0.8919131683324427,0.0004922988269058515,0.08118295458386696,0.8297184163264072,0.8919131683324428,0.0,0.0
1329,1,84,3,M,1,0.169868483190325,0.10817031564880078,0.0,0.10817031564880078,0.00048986355362933,0.08118295458386696,0.169868483190325,0.10817031564880078,0.0,0.0
1330,1,84,3,M,2,0.17146757653739858,0.3520104579375516,0.38,0.3520104579375516,0.0007490857097680881,0.08118295458386696,0.17146757653739858,0.3520104579375516,0.0,0.0
1331,1,84,3,M,3,0.8259559847711696,0.6466607970499187,0.62,0.6466607970499187,0.0007649895292151793,0.08118295458386696,0.8259559847711697,0.6466607970499187,0.0,0.0
1332,1,85,3,M,0,0.8297184163264072,0.8919131683324428,1.0,0.8919131683324428,0.0004922988269058515,0.08118295458386696,0.829718416326407,0.8919131683324427,0.0,0.0
1333,1,85,3,M,1,0.169868483190325,0.10817031564880078,0.0,0.10817031564880078,0.00048986355362933,0.08118295458386696,0.16986848319032496,0.10817031564880078,0.0,0.0
1334,1,85,3,M,2,0.17146757653739858,0.3520104579375516,0.38,0.3520104579375516,0.0007490857097680881,0.08118295458386696,0.17146757653739858,0.3520104579375516,0.0,0.0
1335,1,85,3,M,3,0.8259559847711697,0.6466607970499187,0.62,0.6466607970499187,0.0007649895292151793,0.08118295458386696,0.8259559847711696,0.6466607970499187,0.0,0.0
1336,1,86,3,M,0,0.829718416326407,0.8919131683324427,1.0,0.8919131683324427,0.0004922988269058515,0.08118295458386696,0.8297184163264072,0.8919131683324428,0.0,0.0
1337,1,86,3,M,1,0.16986848319032496,0.10817031564880078,0.0,0.10817031564880078,0.00048986355362933,0.08118295458386696,0.169868483190325,0.10817031564880077,0.0,0.0
1338,1,86,3,M,2,0.17146757653739858,0.3520104579375516,0.38,0.3520104579375516,0.0007490857097680881,0.08118295458386696,0.17146757653739858,0.3520104579375516,0.0,0.0
1339,1,86,3,M,3,0.8259559847711696,0.6466607970499187,0.62,0.6466607970499187,0.0007649895292151793,0.08118295458386696,0.8259559847711696,0.6466607970499187,0.0,0.0
1340,1,87,3,M,0,0.8297184163264072,0.8919131683324428,1.0,0.8919131683324428,0.0004922988269058515,0.08118295458386696,0.829718416326407,0.8919131683324427,0.0,0.0
1341,1,87,3,M,1,0.169868483190325,0.10817031564880077,0.0,0.10817031564880077,0.00048986355362933,0.08118295458386696,0.169868483190325,0.10817031564880078,0.0,0.0
1342,1,87,3,M,2,0.17146757653739858,0.3520104579375516,0.38,0.3520104579375516,0.0007490857097680881,0.08118295458386696,0.17146757653739858,0.3520104579375516,0.0,0.0
1343,1,87,3,M,3,0.8259559847711696,0.6466607970499187,0.62,0.6466607970499187,0.0007649895292151793,0.08118295458386696,0.8259559847711696,0.6466607970499187,0.0,0.0
1344,1,88,3,M,0,0.829718416326407,0.8919131683324427,1.0,0.8919131683324427,0.0004922988269058515,0.08118295458386696,0.8297184163264072,0.8919131683324428,0.0,0.0
1345,1,88,3,M,1,0.169868483190325,0.10817031564880078,0.0,0.10817031564880078,0.00048986355362933,0.08118295458386696,0.169868483190325,0.10817031564880078,0.0,0.0
1346,1,88,3,M,2,0.17146757653739858,0.3520104579375516,0.38,0.3520104579375516,0.0007490857097680881,0.08118295458386696,0.17146757653739858,0.3520104579375516,0.0,0.0
1347,1,88,3,M,3,0.8259559847711696,0.6466607970499187,0.62,0.6466607970499187,0.0007649895292151793,0.08118295458386696,0.8259559847711697,0.6466607970499187,0.0,0.0
1348,1,89,3,M,0,0.8297184163264072,0.8919131683324428,1.0,0.8919131683324428,0.0004922988269058515,0.08118295458386696,0.829718416326407,0.8919131683324427,0.0,0.0
1349,1,89,3,M,1,0.169868483190325,0.10817031564880078,0.0,0.10817031564880078,0.00048986355362933,0.08118295458386696,0.16986848319032496,0.10817031564880078,0.0,0.0
1350,1,89,3,M,2,0.17146757653739858,0.3520104579375516,0.38,0.3520104579375516,0.0007490857097680881,0.08118295458386696,0.17146757653739858,0.3520104579375516,0.0,0.0
1351,1,89,3,M,3,0.8259559847711697,0.6466607970499187,0.62,0.6466607970499187,0.0007649895292151793,0.08118295458386696,0.8259559847711696,0.6466607970499187,0.0,0.0
1352,1,90,3,M,0,0.829718416326407,0.8919131683324427,1.0,0.8919131683324427,0.0004922988269058515,0.08118295458386696,0.8297184163264072,0.8919131683324428,0.0,0.0
1353,1,90,3,M,1,0.16986848319032496,0.10817031564880078,0.0,0.10817031564880078,0.00048986355362933,0.08118295458386696,0.169868483190325,0.10817031564880077,0.0,0.0
1354,1,90,3,M,2,0.17146757653739858,0.3520104579375516,0.38,0.3520104579375516,0.0007490857097680881,0.08118295458386696,0.17146757653739858,0.3520104579375516,0.0,0.0
1355,1,90,3,M,3,0.8259559847711696,0.6466607970499187,0.62,0.6466607970499187,0.0007649895292151793,0.08118295458386696,0.8259559847711696,0.6466607970499187,0.0,0.0
1356,1,91,3,M,0,0.8297184163264072,0.8919131683324428,1.0,0.8919131683324428,0.0004922988269058515,0.08118295458386696,0.829718416326407,0.8919131683324427,0.0,0.0
1357,1,91,3,M,1,0.169868483190325,0.10817031564880077,0.0,0.10817031564880077,0.00048986355362933,0.08118295458386696,0.169868483190325,0.10817031564880078,0.0,0.0
1358,1,91,3,M,2,0.17146757653739858,0.3520104579375516,0.38,0.3520104579375516,0.0007490857097680881,0.08118295458386696,0.17146757653739858,0.3520104579375516,0.0,0.0
1359,1,91,3,M,3,0.8259559847711696,0.6466607970499187,0.62,0.6466607970499187,0.0007649895292151793,0.08118295458386696,0.8259559847711696,0.6466607970499187,0.0,0.0
1360,1,92,3,M,0,0.829718416326407,0.8919131683324427,1.0,0.8919131683324427,0.0004922988269058515,0.08118295458386696,0.8297184163264072,0.8919131683324428,0.0,0.0
1361,1,92,3,M,1,0.169868483190325,0.10817031564880078,0.0,0.10817031564880078,0.00048986355362933,0.08118295458386696,0.169868483190325,0.10817031564880078,0.0,0.0
1362,1,92,3,M,2,0.17146757653739858,0.3520104579375516,0.38,0.3520104579375516,0.0007490857097680881,0.08118295458386696,0.17146757653739858,0.3520104579375516,0.0,0.0
1363,1,92,3,M,3,0.8259559847711696,0.6466607970499187,0.62,0.6466607970499187,0.0007649895292151793,0.08118295458386696,0.8259559847711697,0.6466607970499187,0.0,0.0
1364,1,93,3,M,0,0.8297184163264072,0.8919131683324428,1.0,0.8919131683324428,0.0004922988269058515,0.08118295458386696,0.829718416326407,0.8919131683324427,0.0,0.0
1365,1,93,3,M,1,0.169868483190325,0.10817031564880078,0.0,0.10817031564880078,0.00048986355362933,0.08118295458386696,0.16986848319032496,0.10817031564880078,0.0,0.0
1366,1,93,3,M,2,0.17146757653739858,0.3520104579375516,0.38,0.3520104579375516,0.0007490857097680881,0.08118295458386696,0.17146757653739858,0.3520104579375516,0.0,0.0
1367,1,93,3,M,3,0.8259559847711697,0.6466607970499187,0.62,0.6466607970499187,0.0007649895292151793,0.08118295458386696,0.8259559847711696,0.6466607970499187,0.0,0.0
1368,1,94,3,M,0,0.829718416326407,0.8919131683324427,1.0,0.8919131683324427,0.0004922988269058515,0.08118295458386696,0.8297184163264072,0.8919131683324428,0.0,0.0
1369,1,94,3,M,1,0.16986848319032496,0.10817031564880078,0.0,0.10817031564880078,0.00048986355362933,0.08118295458386696,0.169868483190325,0.10817031564880077,0.0,0.0
1370,1,94,3,M,2,0.17146757653739858,0.3520104579375516,0.38,0.3520104579375516,0.0007490857097680881,0.08118295458386696,0.17146757653739858,0.3520104579375516,0.0,0.0
1371,1,94,3,M,3,0.8259559847711696,0.6466607970499187,0.62,0.6466607970499187,0.0007649895292151793,0.08118295458386696,0.8259559847711696,0.6466607970499187,0.0,0.0
1372,1,95,3,M,0,0.8297184163264072,0.8919131683324428,1.0,0.8919131683324428,0.0004922988269058515,0.08118295458386696,0.829718416326407,0.8919131683324427,0.0,0.0
1373,1,95,3,M,1,0.169868483190325,0.10817031564880077,0.0,0.10817031564880077,0.00048986355362933,0.08118295458386696,0.169868483190325,0.10817031564880078,0.0,0.0
1374,1,95,3,M,2,0.17146757653739858,0.3520104579375516,0.38,0.3520104579375516,0.0007490857097680881,0.08118295458386696,0.17146757653739858,0.3520104579375516,0.0,0.0
1375,1,95,3,M,3,0.8259559847711696,0.6466607970499187,0.62,0.6466607970499187,0.0007649895292151793,0.08118295458386696,0.8259559847711696,0.6466607970499187,0.0,0.0
1376,1,96,3,M,0,0.829718416326407,0.8919131683324427,1.0,0.8919131683324427,0.0004922988269058515,0.08118295458386696,0.8297184163264072,0.8919131683324428,0.0,0.0
1377,1,96,3,M,1,0.169868483190325,0.10817031564880078,0.0,0.10817031564880078,0.00048986355362933,0.08118295458386696,0.169868483190325,0.10817031564880078,0.0,0.0
1378,1,96,3,M,2,0.17146757653739858,0.3520104579375516,0.38,0.3520104579375516,0.0007490857097680881,0.08118295458386696,0.17146757653739858,0.3520104579375516,0.0,0.0
1379,1,96,3,M,3,0.8259559847711696,0.6466607970499187,0.62,0.6466607970499187,0.0007649895292151793,0.08118295458386696,0.8259559847711697,0.6466607970499187,0.0,0.0
1380,1,97,3,M,0,0.8297184163264072,0.8919131683324428,1.0,0.8919131683324428,0.0004922988269058515,0.08118295458386696,0.829718416326407,0.8919131683324427,0.0,0.0
1381,1,97,3,M,1,0.169868483190325,0.10817031564880078,0.0,0.10817031564880078,0.00048986355362933,0.08118295458386696,0.16986848319032496,0.10817031564880078,0.0,0.0
1382,1,97,3,M,2,0.17146757653739858,0.3520104579375516,0.38,0.3520104579375516,0.0007490857097680881,0.08118295458386696,0.17146757653739858,0.3520104579375516,0.0,0.0
1383,1,97,3,M,3,0.8259559847711697,0.6466607970499187,0.62,0.6466607970499187,0.0007649895292151793,0.08118295458386696,0.8259559847711696,0.6466607970499187,0.0,0.0
1384,1,98,3,M,0,0.829718416326407,0.8919131683324427,1.0,0.8919131683324427,0.0004922988269058515,0.08118295458386696,0.8297184163264072,0.8919131683324428,0.0,0.0
1385,1,98,3,M,1,0.16986848319032496,0.10817031564880078,0.0,0.10817031564880078,0.00048986355362933,0.08118295458386696,0.169868483190325,0.10817031564880077,0.0,0.0
1386,1,98,3,M,2,0.17146757653739858,0.3520104579375516,0.38,0.3520104579375516,0.0007490857097680881,0.08118295458386696,0.17146757653739858,0.3520104579375516,0.0,0.0
1387,1,98,3,M,3,0.8259559847711696,0.6466607970499187,0.62,0.6466607970499187,0.0007649895292151793,0.08118295458386696,0.8259559847711696,0.6466607970499187,0.0,0.0
1388,1,99,3,M,0,0.8297184163264072,0.8919131683324428,1.0,0.8919131683324428,0.0004922988269058515,0.08118295458386696,0.829718416326407,0.8919131683324427,0.0,0.0
1389,1,99,3,M,1,0.169868483190325,0.10817031564880077,0.0,0.10817031564880077,0.00048986355362933,0.08118295458386696,0.169868483190325,0.10817031564880078,0.0,0.0
1390,1,99,3,M,2,0.17146757653739858,0.3520104579375516,0.38,0.3520104579375516,0.0007490857097680881,0.08118295458386696,0.17146757653739858,0.3520104579375516,0.0,0.0
1391,1,99,3,M,3,0.8259559847711696,0.6466607970499187,0.62,0.6466607970499187,0.0007649895292151793,0.08118295458386696,0.8259559847711696,0.6466607970499187,0.0,0.0
1392,1,100,3,M,0,0.829718416326407,0.8919131683324427,1.0,0.8919131683324427,0.0004922988269058515,0.08118295458386696,0.8297184163264072,0.8919131683324428,0.0,0.0
1393,1,100,3,M,1,0.169868483190325,0.10817031564880078,0.0,0.10817031564880078,0.00048986355362933,0.08118295458386696,0.169868483190325,0.10817031564880078,0.0,0.0
1394,1,100,3,M,2,0.17146757653739858,0.3520104579375516,0.38,0.3520104579375516,0.0007490857097680881,0.08118295458386696,0.17146757653739858,0.3520104579375516,0.0,0.0
1395,1,100,3,M,3,0.8259559847711696,0.6466607970499187,0.62,0.6466607970499187,0.0007649895292151793,0.08118295458386696,0.8259559847711697,0.6466607970499187,0.0,0.0
1396,1,101,3,M,0,0.8297184163264072,0.8919131683324428,1.0,0.8919131683324428,0.0004922988269058515,0.08118295458386696,0.829718416326407,0.8919131683324427,0.0,0.0
1397,1,101,3,M,1,0.169868483190325,0.10817031564880078,0.0,0.10817031564880078,0.00048986355362933,0.08118295458386696,0.16986848319032496,0.10817031564880078,0.0,0.0
1398,1,101,3,M,2,0.17146757653739858,0.3520104579375516,0.38,0.3520104579375516,0.0007490857097680881,0.08118295458386696,0.17146757653739858,0.3520104579375516,0.0,0.0
1399,1,101,3,M,3,0.8259559847711697,0.6466607970499187,0.62,0.6466607970499187,0.0007649895292151793,0.08118295458386696,0.8259559847711696,0.6466607970499187,0.0,0.0
1400,1,102,3,M,0,0.829718416326407,0.8919131683324427,1.0,0.8919131683324427,0.0004922988269058515,0.08118295458386696,0.8297184163264072,0.8919131683324428,0.0,0.0
1401,1,102,3,M,1,0.16986848319032496,0.10817031564880078,0.0,0.10817031564880078,0.00048986355362933,0.08118295458386696,0.169868483190325,0.10817031564880077,0.0,0.0
1402,1,102,3,M,2,0.17146757653739858,0.3520104579375516,0.38,0.3520104579375516,0.0007490857097680881,0.08118295458386696,0.17146757653739858,0.3520104579375516,0.0,0.0
1403,1,102,3,M,3,0.8259559847711696,0.6466607970499187,0.62,0.6466607970499187,0.0007649895292151793,0.08118295458386696,0.8259559847711696,0.6466607970499187,0.0,0.0
1404,1,103,3,M,0,0.8297184163264072,0.8919131683324428,1.0,0.8919131683324428,0.0004922988269058515,0.08118295458386696,0.829718416326407,0.8919131683324427,0.0,0.0
1405,1,103,3,M,1,0.169868483190325,0.10817031564880077,0.0,0.10817031564880077,0.00048986355362933,0.08118295458386696,0.169868483190325,0.10817031564880078,0.0,0.0
1406,1,103,3,M,2,0.17146757653739858,0.3520104579375516,0.38,0.3520104579375516,0.0007490857097680881,0.08118295458386696,0.17146757653739858,0.3520104579375516,0.0,0.0
1407,1,103,3,M,3,0.8259559847711696,0.6466607970499187,0.62,0.6466607970499187,0.0007649895292151793,0.08118295458386696,0.8259559847711696,0.6466607970499187,0.0,0.0
1408,1,104,3,M,0,0.829718416326407,0.8919131683324427,1.0,0.8919131683324427,0.0004922988269058515,0.08118295458386696,0.8297184163264072,0.8919131683324428,0.0,0.0
1409,1,104,3,M,1,0.169868483190325,0.10817031564880078,0.0,0.10817031564880078,0.00048986355362933,0.08118295458386696,0.169868483190325,0.10817031564880078,0.0,0.0
1410,1,104,3,M,2,0.17146757653739858,0.3520104579375516,0.38,0.3520104579375516,0.0007490857097680881,0.08118295458386696,0.17146757653739858,0.3520104579375516,0.0,0.0
1411,1,104,3,M,3,0.8259559847711696,0.6466607970499187,0.62,0.6466607970499187,0.0007649895292151793,0.08118295458386696,0.8259559847711697,0.6466607970499187,0.0,0.0
1412,1,105,3,M,0,0.8297184163264072,0.8919131683324428,1.0,0.8919131683324428,0.0004922988269058515,0.08118295458386696,0.829718416326407,0.8919131683324427,0.0,0.0
1413,1,105,3,M,1,0.169868483190325,0.10817031564880078,0.0,0.10817031564880078,0.00048986355362933,0.08118295458386696,0.16986848319032496,0.10817031564880078,0.0,0.0
1414,1,105,3,M,2,0.17146757653739858,0.3520104579375516,0.38,0.3520104579375516,0.0007490857097680881,0.08118295458386696,0.17146757653739858,0.3520104579375516,0.0,0.0
1415,1,105,3,M,3,0.8259559847711697,0.6466607970499187,0.62,0.6466607970499187,0.0007649895292151793,0.08118295458386696,0.8259559847711696,0.6466607970499187,0.0,0.0
1416,1,106,3,M,0,0.829718416326407,0.8919131683324427,1.0,0.8919131683324427,0.0004922988269058515,0.08118295458386696,0.8297184163264072,0.8919131683324428,0.0,0.0
1417,1,106,3,M,1,0.16986848319032496,0.10817031564880078,0.0,0.10817031564880078,0.00048986355362933,0.08118295458386696,0.169868483190325,0.10817031564880077,0.0,0.0
1418,1,106,3,M,2,0.17146757653739858,0.3520104579375516,0.38,0.3520104579375516,0.0007490857097680881,0.08118295458386696,0.17146757653739858,0.3520104579375516,0.0,0.0
1419,1,106,3,M,3,0.8259559847711696,0.6466607970499187,0.62,0.6466607970499187,0.0007649895292151793,0.08118295458386696,0.8259559847711696,0.6466607970499187,0.0,0.0
1420,1,107,3,M,0,0.8297184163264072,0.8919131683324428,1.0,0.8919131683324428,0.0004922988269058515,0.08118295458386696,0.829718416326407,0.8919131683324427,0.0,0.0
1421,1,107,3,M,1,0.169868483190325,0.10817031564880077,0.0,0.10817031564880077,0.00048986355362933,0.08118295458386696,0.169868483190325,0.10817031564880078,0.0,0.0
1422,1,107,3,M,2,0.17146757653739858,0.3520104579375516,0.38,0.3520104579375516,0.0007490857097680881,0.08118295458386696,0.17146757653739858,0.3520104579375516,0.0,0.0
1423,1,107,3,M,3,0.8259559847711696,0.6466607970499187,0.62,0.6466607970499187,0.0007649895292151793,0.08118295458386696,0.8259559847711696,0.6466607970499187,0.0,0.0
1424,1,108,3,M,0,0.829718416326407,0.8919131683324427,1.0,0.8919131683324427,0.0004922988269058515,0.08118295458386696,0.8297184163264072,0.8919131683324428,0.0,0.0
1425,1,108,3,M,1,0.169868483190325,0.10817031564880078,0.0,0.10817031564880078,0.00048986355362933,0.08118295458386696,0.169868483190325,0.10817031564880078,0.0,0.0
1426,1,108,3,M,2,0.17146757653739858,0.3520104579375516,0.38,0.3520104579375516,0.0007490857097680881,0.08118295458386696,0.17146757653739858,0.3520104579375516,0.0,0.0
1427,1,108,3,M,3,0.8259559847711696,0.6466607970499187,0.62,0.6466607970499187,0.0007649895292151793,0.08118295458386696,0.8259559847711697,0.6466607970499187,0.0,0.0
1428,1,109,3,M,0,0.8297184163264072,0.8919131683324428,1.0,0.8919131683324428,0.0004922988269058515,0.08118295458386696,0.829718416326407,0.8919131683324427,0.0,0.0
1429,1,109,3,M,1,0.169868483190325,0.10817031564880078,0.0,0.10817031564880078,0.00048986355362933,0.08118295458386696,0.16986848319032496,0.10817031564880078,0.0,0.0
1430,1,109,3,M,2,0.17146757653739858,0.3520104579375516,0.38,0.3520104579375516,0.0007490857097680881,0.08118295458386696,0.17146757653739858,0.3520104579375516,0.0,0.0
1431,1,109,3,M,3,0.8259559847711697,0.6466607970499187,0.62,0.6466607970499187,0.0007649895292151793,0.08118295458386696,0.8259559847711696,0.6466607970499187,0.0,0.0
1432,1,110,3,M,0,0.829718416326407,0.8919131683324427,1.0,0.8919131683324427,0.0004922988269058515,0.08118295458386696,0.8297184163264072,0.8919131683324428,0.0,0.0
1433,1,110,3,M,1,0.16986848319032496,0.10817031564880078,0.0,0.10817031564880078,0.00048986355362933,0.08118295458386696,0.169868483190325,0.10817031564880077,0.0,0.0
1434,1,110,3,M,2,0.17146757653739858,0.3520104579375516,0.38,0.3520104579375516,0.0007490857097680881,0.08118295458386696,0.17146757653739858,0.3520104579375516,0.0,0.0
1435,1,110,3,M,3,0.8259559847711696,0.6466607970499187,0.62,0.6466607970499187,0.0007649895292151793,0.08118295458386696,0.8259559847711696,0.6466607970499187,0.0,0.0
1436,1,111,3,M,0,0.8297184163264072,0.8919131683324428,1.0,0.8919131683324428,0.0004922988269058515,0.08118295458386696,0.829718416326407,0.8919131683324427,0.0,0.0
1437,1,111,3,M,1,0.169868483190325,0.10817031564880077,0.0,0.10817031564880077,0.00048986355362933,0.08118295458386696,0.169868483190325,0.10817031564880078,0.0,0.0
1438,1,111,3,M,2,0.17146757653739858,0.3520104579375516,0.38,0.3520104579375516,0.0007490857097680881,0.08118295458386696,0.17146757653739858,0.3520104579375516,0.0,0.0
1439,1,111,3,M,3,0.8259559847711696,0.6466607970499187,0.62,0.6466607970499187,0.0007649895292151793,0.08118295458386696,0.8259559847711696,0.6466607970499187,0.0,0.0
1440,1,112,3,M,0,0.829718416326407,0.8919131683324427,1.0,0.8919131683324427,0.0004922988269058515,0.08118295458386696,0.8297184163264072,0.8919131683324428,0.0,0.0
1441,1,112,3,M,1,0.169868483190325,0.10817031564880078,0.0,0.10817031564880078,0.00048986355362933,0.08118295458386696,0.169868483190325,0.10817031564880078,0.0,0.0
1442,1,112,3,M,2,0.17146757653739858,0.3520104579375516,0.38,0.3520104579375516,0.0007490857097680881,0.08118295458386696,0.17146757653739858,0.3520104579375516,0.0,0.0
1443,1,112,3,M,3,0.8259559847711696,0.6466607970499187,0.62,0.6466607970499187,0.0007649895292151793,0.08118295458386696,0.8259559847711697,0.6466607970499187,0.0,0.0
1444,1,113,3,M,0,0.8297184163264072,0.8919131683324428,1.0,0.8919131683324428,0.0004922988269058515,0.08118295458386696,0.829718416326407,0.8919131683324427,0.0,0.0
1445,1,113,3,M,1,0.169868483190325,0.10817031564880078,0.0,0.10817031564880078,0.00048986355362933,0.08118295458386696,0.16986848319032496,0.10817031564880078,0.0,0.0
1446,1,113,3,M,2,0.17146757653739858,0.3520104579375516,0.38,0.3520104579375516,0.0007490857097680881,0.08118295458386696,0.17146757653739858,0.3520104579375516,0.0,0.0
1447,1,113,3,M,3,0.8259559847711697,0.6466607970499187,0.62,0.6466607970499187,0.0007649895292151793,0.08118295458386696,0.8259559847711696,0.6466607970499187,0.0,0.0
1448,1,114,3,M,0,0.829718416326407,0.8919131683324427,1.0,0.8919131683324427,0.0004922988269058515,0.08118295458386696,0.8297184163264072,0.8919131683324428,0.0,0.0
1449,1,114,3,M,1,0.16986848319032496,0.10817031564880078,0.0,0.10817031564880078,0.00048986355362933,0.08118295458386696,0.169868483190325,0.10817031564880077,0.0,0.0
1450,1,114,3,M,2,0.17146757653739858,0.3520104579375516,0.38,0.3520104579375516,0.0007490857097680881,0.08118295458386696,0.17146757653739858,0.3520104579375516,0.0,0.0
1451,1,114,3,M,3,0.8259559847711696,0.6466607970499187,0.62,0.6466607970499187,0.0007649895292151793,0.08118295458386696,0.8259559847711696,0.6466607970499187,0.0,0.0
1452,1,115,3,M,0,0.8297184163264072,0.8919131683324428,1.0,0.8919131683324428,0.0004922988269058515,0.08118295458386696,0.829718416326407,0.8919131683324427,0.0,0.0
1453,1,115,3,M,1,0.169868483190325,0.10817031564880077,0.0,0.10817031564880077,0.00048986355362933,0.08118295458386696,0.169868483190325,0.10817031564880078,0.0,0.0
1454,1,115,3,M,2,0.17146757653739858,0.3520104579375516,0.38,0.3520104579375516,0.0007490857097680881,0.08118295458386696,0.17146757653739858,0.3520104579375516,0.0,0.0
1455,1,115,3,M,3,0.8259559847711696,0.6466607970499187,0.62,0.6466607970499187,0.0007649895292151793,0.08118295458386696,0.8259559847711696,0.6466607970499187,0.0,0.0
1456,1,116,3,M,0,0.829718416326407,0.8919131683324427,1.0,0.8919131683324427,0.0004922988269058515,0.08118295458386696,0.8297184163264072,0.8919131683324428,0.0,0.0
1457,1,116,3,M,1,0.169868483190325,0.10817031564880078,0.0,0.10817031564880078,0.00048986355362933,0.08118295458386696,0.169868483190325,0.10817031564880078,0.0,0.0
1458,1,116,3,M,2,0.17146757653739858,0.3520104579375516,0.38,0.3520104579375516,0.0007490857097680881,0.08118295458386696,0.17146757653739858,0.3520104579375516,0.0,0.0
1459,1,116,3,M,3,0.8259559847711696,0.6466607970499187,0.62,0.6466607970499187,0.0007649895292151793,0.08118295458386696,0.8259559847711697,0.6466607970499187,0.0,0.0
1460,1,117,3,M,0,0.8297184163264072,0.8919131683324428,1.0,0.8919131683324428,0.0004922988269058515,0.08118295458386696,0.829718416326407,0.8919131683324427,0.0,0.0
1461,1,117,3,M,1,0.169868483190325,0.10817031564880078,0.0,0.10817031564880078,0.00048986355362933,0.08118295458386696,0.16986848319032496,0.10817031564880078,0.0,0.0
1462,1,117,3,M,2,0.17146757653739858,0.3520104579375516,0.38,0.3520104579375516,0.0007490857097680881,0.08118295458386696,0.17146757653739858,0.3520104579375516,0.0,0.0
1463,1,117,3,M,3,0.8259559847711697,0.6466607970499187,0.62,0.6466607970499187,0.0007649895292151793,0.08118295458386696,0.8259559847711696,0.6466607970499187,0.0,0.0
1464,1,118,3,M,0,0.829718416326407,0.8919131683324427,1.0,0.8919131683324427,0.0004922988269058515,0.08118295458386696,0.8297184163264072,0.8919131683324428,0.0,0.0
1465,1,118,3,M,1,0.16986848319032496,0.10817031564880078,0.0,0.10817031564880078,0.00048986355362933,0.08118295458386696,0.169868483190325,0.10817031564880077,0.0,0.0
1466,1,118,3,M,2,0.17146757653739858,0.3520104579375516,0.38,0.3520104579375516,0.0007490857097680881,0.08118295458386696,0.17146757653739858,0.3520104579375516,0.0,0.0
1467,1,118,3,M,3,0.8259559847711696,0.6466607970499187,0.62,0.6466607970499187,0.0007649895292151793,0.08118295458386696,0.8259559847711696,0.6466607970499187,0.0,0.0
1468,1,119,3,M,0,0.8297184163264072,0.8919131683324428,1.0,0.8919131683324428,0.0004922988269058515,0.08118295458386696,0.829718416326407,0.8919131683324427,0.0,0.0
1469,1,119,3,M,1,0.169868483190325,0.10817031564880077,0.0,0.10817031564880077,0.00048986355362933,0.08118295458386696,0.169868483190325,0.10817031564880078,0.0,0.0
1470,1,119,3,M,2,0.17146757653739858,0.3520104579375516,0.38,0.3520104579375516,0.0007490857097680881,0.08118295458386696,0.17146757653739858,0.3520104579375516,0.0,0.0
1471,1,119,3,M,3,0.8259559847711696,0.6466607970499187,0.62,0.6466607970499187,0.0007649895292151793,0.08118295458386696,0.8259559847711696,0.6466607970499187,0.0,0.0
1472,1,120,4,M,0,0.829718416326407,0.8919131683324427,1.0,0.8919131683324427,0.0004922988269058515,0.08118295458386696,0.8297184163264072,0.8919131683324428,0.0,0.0
1473,1,120,4,M,1,0.169868483190325,0.10817031564880078,0.0,0.10817031564880078,0.00048986355362933,0.08118295458386696,0.169868483190325,0.10817031564880078,0.0,0.0
1474,1,120,4,M,2,0.17146757653739858,0.3520104579375516,0.38,0.3520104579375516,0.0007490857097680881,0.08118295458386696,0.17146757653739858,0.3520104579375516,0.0,0.0
1475,1,120,4,M,3,0.8259559847711696,0.6466607970499187,0.62,0.6466607970499187,0.0007649895292151793,0.08118295458386696,0.8259559847711697,0.6466607970499187,0.0,0.0
1476,1,121,4,M,0,1.0,0.9,0.9,0.9,0.0002836172161007622,0.08118295458386696,0.829531274655532,0.8919224975695041,1.0,1.0
1477,1,121,4,M,1,0.0,0.1,0.1,0.1,0.0003537493206535042,0.08118295458386696,0.1699653523169395,0.10816293880381495,1.0,1.0
1478,1,121,4,M,2,0.0,0.9,0.38,0.9,0.0007099115524813876,0.08118295458386696,0.17113723519395044,0.352309221984506,1.0,1.0
1479,1,121,4,M,3,1.0,0.1,0.62,0.1,0.0007135073156697841,0.08118295458386696,0.8263322978536801,0.6464184224846882,1.0,1.0
1480,1,122,4,M,0,0.829531274655532,0.8919224975695041,0.9,0.8919224975695041,0.00025559895920293507,0.08118295458386696,0.829704870992243,0.8920506424048839,0.0,0.0
1481,1,122,4,M,1,0.1699653523169395,0.10816293880381495,0.1,0.10816293880381495,0.0003483258790241833,0.08118295458386696,0.17000007977966822,0.1081132662209686,0.0,0.0
1482,1,122,4,M,2,0.38,0.62,0.38,0.62,0.0005585933327849762,0.08118295458386696,0.1671284004050343,0.3466217737859261,1.0,1.0
1483,1,122,4,M,3,0.62,0.64,0.64,0.64,0.0005038063713243418,0.08118295458386696,0.8233918020595061,0.6473643611534173,1.0,1.0
1484,1,123,4,M,0,0.829704870992243,0.8920506424048839,0.9,0.8920506424048839,0.0002533497747726765,0.08118295458386696,0.8296936073517608,0.89213685310709,0.0,0.0
1485,1,123,4,M,1,0.17000007977966822,0.1081132662209686,0.1,0.1081132662209686,0.00031510081957021596,0.08118295458386696,0.1699667909898843,0.10795418168717313,0.0,0.0
1486,1,123,4,M,2,0.36,0.36,0.1,0.36,0.00026341393706826033,0.08118295458386696,0.1728917186148982,0.34730901003991743,1.0,1.0
1487,1,123,4,M,3,0.8233918020595061,0.6473643611534173,0.64,0.6473643611534173,0.00028156849994909194,0.08118295458386696,0.826554973999407,0.6520310122483849,0.0,0.0
1488,1,124,4,M,0,0.8296936073517608,0.89213685310709,0.9,0.89213685310709,0.0002533497747726765,0.08118295458386696,0.8296003603700736,0.8921123648644488,0.0,0.0
1489,1,124,4,M,1,0.1699667909898843,0.10795418168717313,0.1,0.10795418168717313,0.00031510081957021596,0.08118295458386696,0.17004720158724115,0.10795833509284905,0.0,0.0
1490,1,124,4,M,2,0.1728917186148982,0.34730901003991743,0.1,0.34730901003991743,0.00026341393706826033,0.08118295458386696,0.17344582277718837,0.34741653810770945,0.0,0.0
1491,1,124,4,M,3,0.826554973999407,0.6520310122483849,0.64,0.6520310122483849,0.00028156849994909194,0.08118295458386696,0.8272744769271838,0.6525139556562108,0.0,0.0
1492,1,125,4,M,0,0.8296003603700736,0.8921123648644488,0.9,0.8921123648644488,0.0002533497747726765,0.08118295458386696,0.8296003603700736,0.8921123648644488,0.0,0.0
1493,1,125,4,M,1,0.17004720158724115,0.10795833509284905,0.1,0.10795833509284905,0.00031510081957021596,0.08118295458386696,0.17007403392882584,0.1079553455479769,0.0,0.0
1494,1,125,4,M,2,0.17344582277718837,0.34741653810770945,0.1,0.34741653810770945,0.00026341393706826033,0.08118295458386696,0.1735083024984883,0.3474457319531383,0.0,0.0
1495,1,125,4,M,3,0.8272744769271838,0.6525139556562108,0.64,0.6525139556562108,0.00028156849994909194,0.08118295458386696,0.8273423125749397,0.6526086843024967,0.0,0.0
1496,1,126,4,M,0,0.8296003603700736,0.8921123648644488,0.9,0.8921123648644488,0.0002533497747726765,0.08118295458386696,0.8296003603700736,0.8921123648644487,0.0,0.0
1497,1,126,4,M,1,0.17007403392882584,0.1079553455479769,0.1,0.1079553455479769,0.00031510081957021596,0.08118295458386696,0.1700740339288258,0.10795534554797688,0.0,0.0
1498,1,126,4,M,2,0.1735083024984883,0.3474457319531383,0.1,0.3474457319531383,0.00026341393706826033,0.08118295458386696,0.1735083024984883,0.3474457319531383,0.0,0.0
1499,1,126,4,M,3,0.8273423125749397,0.6526086843024967,0.64,0.6526086843024967,0.00028156849994909194,0.08118295458386696,0.8273423125749397,0.6526086843024967,0.0,0.0
1500,1,127,4,M,0,0.8296003603700736,0.8921123648644487,0.9,0.8921123648644487,0.0002533497747726765,0.08118295458386696,0.8296003603700736,0.8921123648644487,0.0,0.0
1501,1,127,4,M,1,0.1700740339288258,0.10795534554797688,0.1,0.10795534554797688,0.00031510081957021596,0.08118295458386696,0.1700740339288258,0.1079553455479769,0.0,0.0
1502,1,127,4,M,2,0.1735083024984883,0.3474457319531383,0.1,0.3474457319531383,0.00026341393706826033,0.08118295458386696,0.1735083024984883,0.3474457319531384,0.0,0.0
1503,1,127,4,M,3,0.8273423125749397,0.6526086843024967,0.64,0.6526086843024967,0.00028156849994909194,0.08118295458386696,0.8273423125749398,0.6526086843024967,0.0,0.0
1504,1,128,4,M,0,0.8296003603700736,0.8921123648644487,0.9,0.8921123648644487,0.0002533497747726765,0.08118295458386696,0.8296003603700736,0.8921123648644487,0.0,0.0
1505,1,128,4,M,1,0.1700740339288258,0.1079553455479769,0.1,0.1079553455479769,0.00031510081957021596,0.08118295458386696,0.1700740339288258,0.1079553455479769,0.0,0.0
1506,1,128,4,M,2,0.1735083024984883,0.3474457319531384,0.1,0.3474457319531384,0.00026341393706826033,0.08118295458386696,0.17350830249848834,0.3474457319531383,0.0,0.0
1507,1,128,4,M,3,0.8273423125749398,0.6526086843024967,0.64,0.6526086843024967,0.00028156849994909194,0.08118295458386696,0.8273423125749398,0.6526086843024967,0.0,0.0
1508,1,129,4,M,0,0.8296003603700736,0.8921123648644487,0.9,0.8921123648644487,0.0002533497747726765,0.08118295458386696,0.8296003603700736,0.8921123648644487,0.0,0.0
1509,1,129,4,M,1,0.1700740339288258,0.1079553455479769,0.1,0.1079553455479769,0.00031510081957021596,0.08118295458386696,0.1700740339288258,0.10795534554797688,0.0,0.0
1510,1,129,4,M,2,0.17350830249848834,0.3474457319531383,0.1,0.3474457319531383,0.00026341393706826033,0.08118295458386696,0.17350830249848834,0.3474457319531384,0.0,0.0
1511,1,129,4,M,3,0.8273423125749398,0.6526086843024967,0.64,0.6526086843024967,0.00028156849994909194,0.08118295458386696,0.8273423125749398,0.6526086843024967,0.0,0.0
1512,1,130,4,M,0,0.8296003603700736,0.8921123648644487,0.9,0.8921123648644487,0.0002533497747726765,0.08118295458386696,0.8296003603700736,0.8921123648644487,0.0,0.0
1513,1,130,4,M,1,0.1700740339288258,0.10795534554797688,0.1,0.10795534554797688,0.00031510081957021596,0.08118295458386696,0.1700740339288258,0.1079553455479769,0.0,0.0
1514,1,130,4,M,2,0.17350830249848834,0.3474457319531384,0.1,0.3474457319531384,0.00026341393706826033,0.08118295458386696,0.17350830249848834,0.3474457319531384,0.0,0.0
1515,1,130,4,M,3,0.8273423125749398,0.6526086843024967,0.64,0.6526086843024967,0.00028156849994909194,0.08118295458386696,0.8273423125749398,0.6526086843024967,0.0,0.0
1516,1,131,4,M,0,0.8296003603700736,0.8921123648644487,0.9,0.8921123648644487,0.0002533497747726765,0.08118295458386696,0.8296003603700736,0.8921123648644487,0.0,0.0
1517,1,131,4,M,1,0.1700740339288258,0.1079553455479769,0.1,0.1079553455479769,0.00031510081957021596,0.08118295458386696,0.1700740339288258,0.1079553455479769,0.0,0.0
1518,1,131,4,M,2,0.17350830249848834,0.3474457319531384,0.1,0.3474457319531384,0.00026341393706826033,0.08118295458386696,0.17350830249848834,0.3474457319531384,0.0,0.0
1519,1,131,4,M,3,0.8273423125749398,0.6526086843024967,0.64,0.6526086843024967,0.00028156849994909194,0.08118295458386696,0.8273423125749398,0.6526086843024967,0.0,0.0
1520,1,132,4,M,0,0.8296003603700736,0.8921123648644487,0.9,0.8921123648644487,0.0002533497747726765,0.08118295458386696,0.8296003603700736,0.8921123648644487,0.0,0.0
1521,1,132,4,M,1,0.1700740339288258,0.1079553455479769,0.1,0.1079553455479769,0.00031510081957021596,0.08118295458386696,0.1700740339288258,0.1079553455479769,0.0,0.0
1522,1,132,4,M,2,0.17350830249848834,0.3474457319531384,0.1,0.3474457319531384,0.00026341393706826033,0.08118295458386696,0.17350830249848834,0.3474457319531384,0.0,0.0
1523,1,132,4,M,3,0.8273423125749398,0.6526086843024967,0.64,0.6526086843024967,0.00028156849994909194,0.08118295458386696,0.8273423125749398,0.6526086843024967,0.0,0.0
1524,1,133,4,M,0,0.8296003603700736,0.8921123648644487,0.9,0.8921123648644487,0.0002533497747726765,0.08118295458386696,0.8296003603700736,0.8921123648644487,0.0,0.0
1525,1,133,4,M,1,0.1700740339288258,0.1079553455479769,0.1,0.1079553455479769,0.00031510081957021596,0.08118295458386696,0.1700740339288258,0.1079553455479769,0.0,0.0
1526,1,133,4,M,2,0.17350830249848834,0.3474457319531384,0.1,0.3474457319531384,0.00026341393706826033,0.08118295458386696,0.17350830249848834,0.3474457319531384,0.0,0.0
1527,1,133,4,M,3,0.8273423125749398,0.6526086843024967,0.64,0.6526086843024967,0.00028156849994909194,0.08118295458386696,0.8273423125749398,0.6526086843024967,0.0,0.0
1528,1,134,4,M,0,0.8296003603700736,0.8921123648644487,0.9,0.8921123648644487,0.0002533497747726765,0.08118295458386696,0.8296003603700736,0.8921123648644487,0.0,0.0
1529,1,134,4,M,1,0.1700740339288258,0.1079553455479769,0.1,0.1079553455479769,0.00031510081957021596,0.08118295458386696,0.1700740339288258,0.1079553455479769,0.0,0.0
1530,1,134,4,M,2,0.17350830249848834,0.3474457319531384,0.1,0.3474457319531384,0.00026341393706826033,0.08118295458386696,0.17350830249848834,0.3474457319531384,0.0,0.0
1531,1,134,4,M,3,0.8273423125749398,0.6526086843024967,0.64,0.6526086843024967,0.00028156849994909194,0.08118295458386696,0.8273423125749398,0.6526086843024967,0.0,0.0
1532,1,135,4,M,0,0.8296003603700736,0.8921123648644487,0.9,0.8921123648644487,0.0002533497747726765,0.08118295458386696,0.8296003603700736,0.8921123648644487,0.0,0.0
1533,1,135,4,M,1,0.1700740339288258,0.1079553455479769,0.1,0.1079553455479769,0.00031510081957021596,0.08118295458386696,0.1700740339288258,0.1079553455479769,0.0,0.0
1534,1,135,4,M,2,0.17350830249848834,0.3474457319531384,0.1,0.3474457319531384,0.00026341393706826033,0.08118295458386696,0.17350830249848834,0.3474457319531384,0.0,0.0
1535,1,135,4,M,3,0.8273423125749398,0.6526086843024967,0.64,0.6526086843024967,0.00028156849994909194,0.08118295458386696,0.8273423125749398,0.6526086843024967,0.0,0.0
1536,1,136,4,M,0,0.8296003603700736,0.8921123648644487,0.9,0.8921123648644487,0.0002533497747726765,0.08118295458386696,0.8296003603700736,0.8921123648644487,0.0,0.0
1537,1,136,4,M,1,0.1700740339288258,0.1079553455479769,0.1,0.1079553455479769,0.00031510081957021596,0.08118295458386696,0.1700740339288258,0.1079553455479769,0.0,0.0
1538,1,136,4,M,2,0.17350830249848834,0.3474457319531384,0.1,0.3474457319531384,0.00026341393706826033,0.08118295458386696,0.17350830249848834,0.3474457319531384,0.0,0.0
1539,1,136,4,M,3,0.8273423125749398,0.6526086843024967,0.64,0.6526086843024967,0.00028156849994909194,0.08118295458386696,0.8273423125749398,0.6526086843024967,0.0,0.0
1540,1,137,4,M,0,0.8296003603700736,0.8921123648644487,0.9,0.8921123648644487,0.0002533497747726765,0.08118295458386696,0.8296003603700736,0.8921123648644487,0.0,0.0
1541,1,137,4,M,1,0.1700740339288258,0.1079553455479769,0.1,0.1079553455479769,0.00031510081957021596,0.08118295458386696,0.1700740339288258,0.1079553455479769,0.0,0.0
1542,1,137,4,M,2,0.17350830249848834,0.3474457319531384,0.1,0.3474457319531384,0.00026341393706826033,0.08118295458386696,0.17350830249848834,0.3474457319531384,0.0,0.0
1543,1,137,4,M,3,0.8273423125749398,0.6526086843024967,0.64,0.6526086843024967,0.00028156849994909194,0.08118295458386696,0.8273423125749398,0.6526086843024967,0.0,0.0
1544,1,138,4,M,0,0.8296003603700736,0.8921123648644487,0.9,0.8921123648644487,0.0002533497747726765,0.08118295458386696,0.8296003603700736,0.8921123648644487,0.0,0.0
1545,1,138,4,M,1,0.1700740339288258,0.1079553455479769,0.1,0.1079553455479769,0.00031510081957021596,0.08118295458386696,0.1700740339288258,0.1079553455479769,0.0,0.0
1546,1,138,4,M,2,0.17350830249848834,0.3474457319531384,0.1,0.3474457319531384,0.00026341393706826033,0.08118295458386696,0.17350830249848834,0.3474457319531384,0.0,0.0
1547,1,138,4,M,3,0.8273423125749398,0.6526086843024967,0.64,0.6526086843024967,0.00028156849994909194,0.08118295458386696,0.8273423125749398,0.6526086843024967,0.0,0.0
1548,1,139,4,M,0,0.8296003603700736,0.8921123648644487,0.9,0.8921123648644487,0.0002533497747726765,0.08118295458386696,0.8296003603700736,0.8921123648644487,0.0,0.0
1549,1,139,4,M,1,0.1700740339288258,0.1079553455479769,0.1,0.1079553455479769,0.00031510081957021596,0.08118295458386696,0.1700740339288258,0.1079553455479769,0.0,0.0
1550,1,139,4,M,2,0.17350830249848834,0.3474457319531384,0.1,0.3474457319531384,0.00026341393706826033,0.08118295458386696,0.17350830249848834,0.3474457319531384,0.0,0.0
1551,1,139,4,M,3,0.8273423125749398,0.6526086843024967,0.64,0.6526086843024967,0.00028156849994909194,0.08118295458386696,0.8273423125749398,0.6526086843024967,0.0,0.0
1552,1,140,4,M,0,0.8296003603700736,0.8921123648644487,0.9,0.8921123648644487,0.0002533497747726765,0.08118295458386696,0.8296003603700736,0.8921123648644487,0.0,0.0
1553,1,140,4,M,1,0.1700740339288258,0.1079553455479769,0.1,0.1079553455479769,0.00031510081957021596,0.08118295458386696,0.1700740339288258,0.1079553455479769,0.0,0.0
1554,1,140,4,M,2,0.17350830249848834,0.3474457319531384,0.1,0.3474457319531384,0.00026341393706826033,0.08118295458386696,0.17350830249848834,0.3474457319531384,0.0,0.0
1555,1,140,4,M,3,0.8273423125749398,0.6526086843024967,0.64,0.6526086843024967,0.00028156849994909194,0.08118295458386696,0.8273423125749398,0.6526086843024967,0.0,0.0
1556,1,141,4,M,0,0.8296003603700736,0.8921123648644487,0.9,0.8921123648644487,0.0002533497747726765,0.08118295458386696,0.8296003603700736,0.8921123648644487,0.0,0.0
1557,1,141,4,M,1,0.1700740339288258,0.1079553455479769,0.1,0.1079553455479769,0.00031510081957021596,0.08118295458386696,0.1700740339288258,0.1079553455479769,0.0,0.0
1558,1,141,4,M,2,0.17350830249848834,0.3474457319531384,0.1,0.3474457319531384,0.00026341393706826033,0.08118295458386696,0.17350830249848834,0.3474457319531384,0.0,0.0
1559,1,141,4,M,3,0.8273423125749398,0.6526086843024967,0.64,0.6526086843024967,0.00028156849994909194,0.08118295458386696,0.8273423125749398,0.6526086843024967,0.0,0.0
1560,1,142,4,M,0,0.8296003603700736,0.8921123648644487,0.9,0.8921123648644487,0.0002533497747726765,0.08118295458386696,0.8296003603700736,0.8921123648644487,0.0,0.0
1561,1,142,4,M,1,0.1700740339288258,0.1079553455479769,0.1,0.1079553455479769,0.00031510081957021596,0.08118295458386696,0.1700740339288258,0.1079553455479769,0.0,0.0
1562,1,142,4,M,2,0.17350830249848834,0.3474457319531384,0.1,0.3474457319531384,0.00026341393706826033,0.08118295458386696,0.17350830249848834,0.3474457319531384,0.0,0.0
1563,1,142,4,M,3,0.8273423125749398,0.6526086843024967,0.64,0.6526086843024967,0.00028156849994909194,0.08118295458386696,0.8273423125749398,0.6526086843024967,0.0,0.0
1564,1,143,4,M,0,0.8296003603700736,0.8921123648644487,0.9,0.8921123648644487,0.0002533497747726765,0.08118295458386696,0.8296003603700736,0.8921123648644487,0.0,0.0
1565,1,143,4,M,1,0.1700740339288258,0.1079553455479769,0.1,0.1079553455479769,0.00031510081957021596,0.08118295458386696,0.1700740339288258,0.1079553455479769,0.0,0.0
1566,1,143,4,M,2,0.17350830249848834,0.3474457319531384,0.1,0.3474457319531384,0.00026341393706826033,0.08118295458386696,0.17350830249848834,0.3474457319531384,0.0,0.0
1567,1,143,4,M,3,0.8273423125749398,0.6526086843024967,0.64,0.6526086843024967,0.00028156849994909194,0.08118295458386696,0.8273423125749398,0.6526086843024967,0.0,0.0
1568,1,144,4,M,0,0.8296003603700736,0.8921123648644487,0.9,0.8921123648644487,0.0002533497747726765,0.08118295458386696,0.8296003603700736,0.8921123648644487,0.0,0.0
1569,1,144,4,M,1,0.1700740339288258,0.1079553455479769,0.1,0.1079553455479769,0.00031510081957021596,0.08118295458386696,0.1700740339288258,0.1079553455479769,0.0,0.0
1570,1,144,4,M,2,0.17350830249848834,0.3474457319531384,0.1,0.3474457319531384,0.00026341393706826033,0.08118295458386696,0.17350830249848834,0.3474457319531384,0.0,0.0
1571,1,144,4,M,3,0.8273423125749398,0.6526086843024967,0.64,0.6526086843024967,0.00028156849994909194,0.08118295458386696,0.8273423125749398,0.6526086843024967,0.0,0.0
1572,1,145,4,M,0,0.8296003603700736,0.8921123648644487,0.9,0.8921123648644487,0.0002533497747726765,0.08118295458386696,0.8296003603700736,0.8921123648644487,0.0,0.0
1573,1,145,4,M,1,0.1700740339288258,0.1079553455479769,0.1,0.1079553455479769,0.00031510081957021596,0.08118295458386696,0.1700740339288258,0.1079553455479769,0.0,0.0
1574,1,145,4,M,2,0.17350830249848834,0.3474457319531384,0.1,0.3474457319531384,0.00026341393706826033,0.08118295458386696,0.17350830249848834,0.3474457319531384,0.0,0.0
1575,1,145,4,M,3,0.8273423125749398,0.6526086843024967,0.64,0.6526086843024967,0.00028156849994909194,0.08118295458386696,0.8273423125749398,0.6526086843024967,0.0,0.0
1576,1,146,4,M,0,0.8296003603700736,0.8921123648644487,0.9,0.8921123648644487,0.0002533497747726765,0.08118295458386696,0.8296003603700736,0.8921123648644487,0.0,0.0
1577,1,146,4,M,1,0.1700740339288258,0.1079553455479769,0.1,0.1079553455479769,0.00031510081957021596,0.08118295458386696,0.1700740339288258,0.1079553455479769,0.0,0.0
1578,1,146,4,M,2,0.17350830249848834,0.3474457319531384,0.1,0.3474457319531384,0.00026341393706826033,0.08118295458386696,0.17350830249848834,0.3474457319531384,0.0,0.0
1579,1,146,4,M,3,0.8273423125749398,0.6526086843024967,0.64,0.6526086843024967,0.00028156849994909194,0.08118295458386696,0.8273423125749398,0.6526086843024967,0.0,0.0
1580,1,147,4,M,0,0.8296003603700736,0.8921123648644487,0.9,0.8921123648644487,0.0002533497747726765,0.08118295458386696,0.8296003603700736,0.8921123648644487,0.0,0.0
1581,1,147,4,M,1,0.1700740339288258,0.1079553455479769,0.1,0.1079553455479769,0.00031510081957021596,0.08118295458386696,0.1700740339288258,0.1079553455479769,0.0,0.0
1582,1,147,4,M,2,0.17350830249848834,0.3474457319531384,0.1,0.3474457319531384,0.00026341393706826033,0.08118295458386696,0.17350830249848834,0.3474457319531384,0.0,0.0
1583,1,147,4,M,3,0.8273423125749398,0.6526086843024967,0.64,0.6526086843024967,0.00028156849994909194,0.08118295458386696,0.8273423125749398,0.6526086843024967,0.0,0.0
1584,1,148,4,M,0,0.8296003603700736,0.8921123648644487,0.9,0.8921123648644487,0.0002533497747726765,0.08118295458386696,0.8296003603700736,0.8921123648644487,0.0,0.0
1585,1,148,4,M,1,0.1700740339288258,0.1079553455479769,0.1,0.1079553455479769,0.00031510081957021596,0.08118295458386696,0.1700740339288258,0.1079553455479769,0.0,0.0
1586,1,148,4,M,2,0.17350830249848834,0.3474457319531384,0.1,0.3474457319531384,0.00026341393706826033,0.08118295458386696,0.17350830249848834,0.3474457319531384,0.0,0.0
1587,1,148,4,M,3,0.8273423125749398,0.6526086843024967,0.64,0.6526086843024967,0.00028156849994909194,0.08118295458386696,0.8273423125749398,0.6526086843024967,0.0,0.0
1588,1,149,4,M,0,0.8296003603700736,0.8921123648644487,0.9,0.8921123648644487,0.0002533497747726765,0.08118295458386696,0.8296003603700736,0.8921123648644487,0.0,0.0
1589,1,149,4,M,1,0.1700740339288258,0.1079553455479769,0.1,0.1079553455479769,0.00031510081957021596,0.08118295458386696,0.1700740339288258,0.1079553455479769,0.0,0.0
1590,1,149,4,M,2,0.17350830249848834,0.3474457319531384,0.1,0.3474457319531384,0.00026341393706826033,0.08118295458386696,0.17350830249848834,0.3474457319531384,0.0,0.0
1591,1,149,4,M,3,0.8273423125749398,0.6526086843024967,0.64,0.6526086843024967,0.00028156849994909194,0.08118295458386696,0.8273423125749398,0.6526086843024967,0.0,0.0
1592,1,150,4,M,0,0.8296003603700736,0.8921123648644487,0.9,0.8921123648644487,0.0002533497747726765,0.08118295458386696,0.8296003603700736,0.8921123648644487,0.0,0.0
1593,1,150,4,M,1,0.1700740339288258,0.1079553455479769,0.1,0.1079553455479769,0.00031510081957021596,0.08118295458386696,0.1700740339288258,0.1079553455479769,0.0,0.0
1594,1,150,4,M,2,0.17350830249848834,0.3474457319531384,0.1,0.3474457319531384,0.00026341393706826033,0.08118295458386696,0.17350830249848834,0.3474457319531384,0.0,0.0
1595,1,150,4,M,3,0.8273423125749398,0.6526086843024967,0.64,0.6526086843024967,0.00028156849994909194,0.08118295458386696,0.8273423125749398,0.6526086843024967,0.0,0.0
1596,1,151,4,M,0,0.8296003603700736,0.8921123648644487,0.9,0.8921123648644487,0.0002533497747726765,0.08118295458386696,0.8296003603700736,0.8921123648644487,0.0,0.0
1597,1,151,4,M,1,0.1700740339288258,0.1079553455479769,0.1,0.1079553455479769,0.00031510081957021596,0.08118295458386696,0.1700740339288258,0.1079553455479769,0.0,0.0
1598,1,151,4,M,2,0.17350830249848834,0.3474457319531384,0.1,0.3474457319531384,0.00026341393706826033,0.08118295458386696,0.17350830249848834,0.3474457319531384,0.0,0.0
1599,1,151,4,M,3,0.8273423125749398,0.6526086843024967,0.64,0.6526086843024967,0.00028156849994909194,0.08118295458386696,0.8273423125749398,0.6526086843024967,0.0,0.0
1600,1,152,4,M,0,0.8296003603700736,0.8921123648644487,0.9,0.8921123648644487,0.0002533497747726765,0.08118295458386696,0.8296003603700736,0.8921123648644487,0.0,0.0
1601,1,152,4,M,1,0.1700740339288258,0.1079553455479769,0.1,0.1079553455479769,0.00031510081957021596,0.08118295458386696,0.1700740339288258,0.1079553455479769,0.0,0.0
1602,1,152,4,M,2,0.17350830249848834,0.3474457319531384,0.1,0.3474457319531384,0.00026341393706826033,0.08118295458386696,0.17350830249848834,0.3474457319531384,0.0,0.0
1603,1,152,4,M,3,0.8273423125749398,0.6526086843024967,0.64,0.6526086843024967,0.00028156849994909194,0.08118295458386696,0.8273423125749398,0.6526086843024967,0.0,0.0
1604,1,153,4,M,0,0.8296003603700736,0.8921123648644487,0.9,0.8921123648644487,0.0002533497747726765,0.08118295458386696,0.8296003603700736,0.8921123648644487,0.0,0.0
1605,1,153,4,M,1,0.1700740339288258,0.1079553455479769,0.1,0.1079553455479769,0.00031510081957021596,0.08118295458386696,0.1700740339288258,0.1079553455479769,0.0,0.0
1606,1,153,4,M,2,0.17350830249848834,0.3474457319531384,0.1,0.3474457319531384,0.00026341393706826033,0.08118295458386696,0.17350830249848834,0.3474457319531384,0.0,0.0
1607,1,153,4,M,3,0.8273423125749398,0.6526086843024967,0.64,0.6526086843024967,0.00028156849994909194,0.08118295458386696,0.8273423125749398,0.6526086843024967,0.0,0.0
1608,1,154,4,M,0,0.8296003603700736,0.8921123648644487,0.9,0.8921123648644487,0.0002533497747726765,0.08118295458386696,0.8296003603700736,0.8921123648644487,0.0,0.0
1609,1,154,4,M,1,0.1700740339288258,0.1079553455479769,0.1,0.1079553455479769,0.00031510081957021596,0.08118295458386696,0.1700740339288258,0.1079553455479769,0.0,0.0
1610,1,154,4,M,2,0.17350830249848834,0.3474457319531384,0.1,0.3474457319531384,0.00026341393706826033,0.08118295458386696,0.17350830249848834,0.3474457319531384,0.0,0.0
1611,1,154,4,M,3,0.8273423125749398,0.6526086843024967,0.64,0.6526086843024967,0.00028156849994909194,0.08118295458386696,0.8273423125749398,0.6526086843024967,0.0,0.0
1612,1,155,4,M,0,0.8296003603700736,0.8921123648644487,0.9,0.8921123648644487,0.0002533497747726765,0.08118295458386696,0.8296003603700736,0.8921123648644487,0.0,0.0
1613,1,155,4,M,1,0.1700740339288258,0.1079553455479769,0.1,0.1079553455479769,0.00031510081957021596,0.08118295458386696,0.1700740339288258,0.1079553455479769,0.0,0.0
1614,1,155,4,M,2,0.17350830249848834,0.3474457319531384,0.1,0.3474457319531384,0.00026341393706826033,0.08118295458386696,0.17350830249848834,0.3474457319531384,0.0,0.0
1615,1,155,4,M,3,0.8273423125749398,0.6526086843024967,0.64,0.6526086843024967,0.00028156849994909194,0.08118295458386696,0.8273423125749398,0.6526086843024967,0.0,0.0
1616,1,156,4,M,0,0.8296003603700736,0.8921123648644487,0.9,0.8921123648644487,0.0002533497747726765,0.08118295458386696,0.8296003603700736,0.8921123648644487,0.0,0.0
1617,1,156,4,M,1,0.1700740339288258,0.1079553455479769,0.1,0.1079553455479769,0.00031510081957021596,0.08118295458386696,0.1700740339288258,0.1079553455479769,0.0,0.0
1618,1,156,4,M,2,0.17350830249848834,0.3474457319531384,0.1,0.3474457319531384,0.00026341393706826033,0.08118295458386696,0.17350830249848834,0.3474457319531384,0.0,0.0
1619,1,156,4,M,3,0.8273423125749398,0.6526086843024967,0.64,0.6526086843024967,0.00028156849994909194,0.08118295458386696,0.8273423125749398,0.6526086843024967,0.0,0.0
1620,1,157,4,M,0,0.8296003603700736,0.8921123648644487,0.9,0.8921123648644487,0.0002533497747726765,0.08118295458386696,0.8296003603700736,0.8921123648644487,0.0,0.0
1621,1,157,4,M,1,0.1700740339288258,0.1079553455479769,0.1,0.1079553455479769,0.00031510081957021596,0.08118295458386696,0.1700740339288258,0.1079553455479769,0.0,0.0
1622,1,157,4,M,2,0.17350830249848834,0.3474457319531384,0.1,0.3474457319531384,0.00026341393706826033,0.08118295458386696,0.17350830249848834,0.3474457319531384,0.0,0.0
1623,1,157,4,M,3,0.8273423125749398,0.6526086843024967,0.64,0.6526086843024967,0.00028156849994909194,0.08118295458386696,0.8273423125749398,0.6526086843024967,0.0,0.0
1624,1,158,4,M,0,0.8296003603700736,0.8921123648644487,0.9,0.8921123648644487,0.0002533497747726765,0.08118295458386696,0.8296003603700736,0.8921123648644487,0.0,0.0
1625,1,158,4,M,1,0.1700740339288258,0.1079553455479769,0.1,0.1079553455479769,0.00031510081957021596,0.08118295458386696,0.1700740339288258,0.1079553455479769,0.0,0.0
1626,1,158,4,M,2,0.17350830249848834,0.3474457319531384,0.1,0.3474457319531384,0.00026341393706826033,0.08118295458386696,0.17350830249848834,0.3474457319531384,0.0,0.0
1627,1,158,4,M,3,0.8273423125749398,0.6526086843024967,0.64,0.6526086843024967,0.00028156849994909194,0.08118295458386696,0.8273423125749398,0.6526086843024967,0.0,0.0
1628,1,159,4,M,0,0.8296003603700736,0.8921123648644487,0.9,0.8921123648644487,0.0002533497747726765,0.08118295458386696,0.8296003603700736,0.8921123648644487,0.0,0.0
1629,1,159,4,M,1,0.1700740339288258,0.1079553455479769,0.1,0.1079553455479769,0.00031510081957021596,0.08118295458386696,0.1700740339288258,0.1079553455479769,0.0,0.0
1630,1,159,4,M,2,0.17350830249848834,0.3474457319531384,0.1,0.3474457319531384,0.00026341393706826033,0.08118295458386696,0.17350830249848834,0.3474457319531384,0.0,0.0
1631,1,159,4,M,3,0.8273423125749398,0.6526086843024967,0.64,0.6526086843024967,0.00028156849994909194,0.08118295458386696,0.8273423125749398,0.6526086843024967,0.0,0.0
1632,1,160,4,M,0,0.8296003603700736,0.8921123648644487,0.9,0.8921123648644487,0.0002533497747726765,0.08118295458386696,0.8296003603700736,0.8921123648644487,0.0,0.0
1633,1,160,4,M,1,0.1700740339288258,0.1079553455479769,0.1,0.1079553455479769,0.00031510081957021596,0.08118295458386696,0.1700740339288258,0.1079553455479769,0.0,0.0
1634,1,160,4,M,2,0.17350830249848834,0.3474457319531384,0.1,0.3474457319531384,0.00026341393706826033,0.08118295458386696,0.17350830249848834,0.3474457319531384,0.0,0.0
1635,1,160,4,M,3,0.8273423125749398,0.6526086843024967,0.64,0.6526086843024967,0.00028156849994909194,0.08118295458386696,0.8273423125749398,0.6526086843024967,0.0,0.0
1636,1,161,4,M,0,0.8296003603700736,0.8921123648644487,0.9,0.8921123648644487,0.0002533497747726765,0.08118295458386696,0.8296003603700736,0.8921123648644487,0.0,0.0
1637,1,161,4,M,1,0.1700740339288258,0.1079553455479769,0.1,0.1079553455479769,0.00031510081957021596,0.08118295458386696,0.1700740339288258,0.1079553455479769,0.0,0.0
1638,1,161,4,M,2,0.17350830249848834,0.3474457319531384,0.1,0.3474457319531384,0.00026341393706826033,0.08118295458386696,0.17350830249848834,0.3474457319531384,0.0,0.0
1639,1,161,4,M,3,0.8273423125749398,0.6526086843024967,0.64,0.6526086843024967,0.00028156849994909194,0.08118295458386696,0.8273423125749398,0.6526086843024967,0.0,0.0
1640,1,162,4,M,0,0.8296003603700736,0.8921123648644487,0.9,0.8921123648644487,0.0002533497747726765,0.08118295458386696,0.8296003603700736,0.8921123648644487,0.0,0.0
1641,1,162,4,M,1,0.1700740339288258,0.1079553455479769,0.1,0.1079553455479769,0.00031510081957021596,0.08118295458386696,0.1700740339288258,0.1079553455479769,0.0,0.0
1642,1,162,4,M,2,0.17350830249848834,0.3474457319531384,0.1,0.3474457319531384,0.00026341393706826033,0.08118295458386696,0.17350830249848834,0.3474457319531384,0.0,0.0
1643,1,162,4,M,3,0.8273423125749398,0.6526086843024967,0.64,0.6526086843024967,0.00028156849994909194,0.08118295458386696,0.8273423125749398,0.6526086843024967,0.0,0.0
1644,1,163,4,M,0,0.8296003603700736,0.8921123648644487,0.9,0.8921123648644487,0.0002533497747726765,0.08118295458386696,0.8296003603700736,0.8921123648644487,0.0,0.0
1645,1,163,4,M,1,0.1700740339288258,0.1079553455479769,0.1,0.1079553455479769,0.00031510081957021596,0.08118295458386696,0.1700740339288258,0.1079553455479769,0.0,0.0
1646,1,163,4,M,2,0.17350830249848834,0.3474457319531384,0.1,0.3474457319531384,0.00026341393706826033,0.08118295458386696,0.17350830249848834,0.3474457319531384,0.0,0.0
1647,1,163,4,M,3,0.8273423125749398,0.6526086843024967,0.64,0.6526086843024967,0.00028156849994909194,0.08118295458386696,0.8273423125749398,0.6526086843024967,0.0,0.0
1648,1,164,4,M,0,0.8296003603700736,0.8921123648644487,0.9,0.8921123648644487,0.0002533497747726765,0.08118295458386696,0.8296003603700736,0.8921123648644487,0.0,0.0
1649,1,164,4,M,1,0.1700740339288258,0.1079553455479769,0.1,0.1079553455479769,0.00031510081957021596,0.08118295458386696,0.1700740339288258,0.1079553455479769,0.0,0.0
1650,1,164,4,M,2,0.17350830249848834,0.3474457319531384,0.1,0.3474457319531384,0.00026341393706826033,0.08118295458386696,0.17350830249848834,0.3474457319531384,0.0,0.0
1651,1,164,4,M,3,0.8273423125749398,0.6526086843024967,0.64,0.6526086843024967,0.00028156849994909194,0.08118295458386696,0.8273423125749398,0.6526086843024967,0.0,0.0
1652,1,165,4,M,0,0.8296003603700736,0.8921123648644487,0.9,0.8921123648644487,0.0002533497747726765,0.08118295458386696,0.8296003603700736,0.8921123648644487,0.0,0.0
1653,1,165,4,M,1,0.1700740339288258,0.1079553455479769,0.1,0.1079553455479769,0.00031510081957021596,0.08118295458386696,0.1700740339288258,0.1079553455479769,0.0,0.0
1654,1,165,4,M,2,0.17350830249848834,0.3474457319531384,0.1,0.3474457319531384,0.00026341393706826033,0.08118295458386696,0.17350830249848834,0.3474457319531384,0.0,0.0
1655,1,165,4,M,3,0.8273423125749398,0.6526086843024967,0.64,0.6526086843024967,0.00028156849994909194,0.08118295458386696,0.8273423125749398,0.6526086843024967,0.0,0.0
1656,1,166,4,M,0,0.8296003603700736,0.8921123648644487,0.9,0.8921123648644487,0.0002533497747726765,0.08118295458386696,0.8296003603700736,0.8921123648644487,0.0,0.0
1657,1,166,4,M,1,0.1700740339288258,0.1079553455479769,0.1,0.1079553455479769,0.00031510081957021596,0.08118295458386696,0.1700740339288258,0.1079553455479769,0.0,0.0
1658,1,166,4,M,2,0.17350830249848834,0.3474457319531384,0.1,0.3474457319531384,0.00026341393706826033,0.08118295458386696,0.17350830249848834,0.3474457319531384,0.0,0.0
1659,1,166,4,M,3,0.8273423125749398,0.6526086843024967,0.64,0.6526086843024967,0.00028156849994909194,0.08118295458386696,0.8273423125749398,0.6526086843024967,0.0,0.0
1660,1,167,4,M,0,0.8296003603700736,0.8921123648644487,0.9,0.8921123648644487,0.0002533497747726765,0.08118295458386696,0.8296003603700736,0.8921123648644487,0.0,0.0
1661,1,167,4,M,1,0.1700740339288258,0.1079553455479769,0.1,0.1079553455479769,0.00031510081957021596,0.08118295458386696,0.1700740339288258,0.1079553455479769,0.0,0.0
1662,1,167,4,M,2,0.17350830249848834,0.3474457319531384,0.1,0.3474457319531384,0.00026341393706826033,0.08118295458386696,0.17350830249848834,0.3474457319531384,0.0,0.0
1663,1,167,4,M,3,0.8273423125749398,0.6526086843024967,0.64,0.6526086843024967,0.00028156849994909194,0.08118295458386696,0.8273423125749398,0.6526086843024967,0.0,0.0
1664,1,168,4,M,0,0.8296003603700736,0.8921123648644487,0.9,0.8921123648644487,0.0002533497747726765,0.08118295458386696,0.8296003603700736,0.8921123648644487,0.0,0.0
1665,1,168,4,M,1,0.1700740339288258,0.1079553455479769,0.1,0.1079553455479769,0.00031510081957021596,0.08118295458386696,0.1700740339288258,0.1079553455479769,0.0,0.0
1666,1,168,4,M,2,0.17350830249848834,0.3474457319531384,0.1,0.3474457319531384,0.00026341393706826033,0.08118295458386696,0.17350830249848834,0.3474457319531384,0.0,0.0
1667,1,168,4,M,3,0.8273423125749398,0.6526086843024967,0.64,0.6526086843024967,0.00028156849994909194,0.08118295458386696,0.8273423125749398,0.6526086843024967,0.0,0.0
1668,1,169,4,M,0,0.8296003603700736,0.8921123648644487,0.9,0.8921123648644487,0.0002533497747726765,0.08118295458386696,0.8296003603700736,0.8921123648644487,0.0,0.0
1669,1,169,4,M,1,0.1700740339288258,0.1079553455479769,0.1,0.1079553455479769,0.00031510081957021596,0.08118295458386696,0.1700740339288258,0.1079553455479769,0.0,0.0
1670,1,169,4,M,2,0.17350830249848834,0.3474457319531384,0.1,0.3474457319531384,0.00026341393706826033,0.08118295458386696,0.17350830249848834,0.3474457319531384,0.0,0.0
1671,1,169,4,M,3,0.8273423125749398,0.6526086843024967,0.64,0.6526086843024967,0.00028156849994909194,0.08118295458386696,0.8273423125749398,0.6526086843024967,0.0,0.0
1672,1,170,4,M,0,0.8296003603700736,0.8921123648644487,0.9,0.8921123648644487,0.0002533497747726765,0.08118295458386696,0.8296003603700736,0.8921123648644487,0.0,0.0
1673,1,170,4,M,1,0.1700740339288258,0.1079553455479769,0.1,0.1079553455479769,0.00031510081957021596,0.08118295458386696,0.1700740339288258,0.1079553455479769,0.0,0.0
1674,1,170,4,M,2,0.17350830249848834,0.3474457319531384,0.1,0.3474457319531384,0.00026341393706826033,0.08118295458386696,0.17350830249848834,0.3474457319531384,0.0,0.0
1675,1,170,4,M,3,0.8273423125749398,0.6526086843024967,0.64,0.6526086843024967,0.00028156849994909194,0.08118295458386696,0.8273423125749398,0.6526086843024967,0.0,0.0
1676,1,171,4,M,0,0.8296003603700736,0.8921123648644487,0.9,0.8921123648644487,0.0002533497747726765,0.08118295458386696,0.8296003603700736,0.8921123648644487,0.0,0.0
1677,1,171,4,M,1,0.1700740339288258,0.1079553455479769,0.1,0.1079553455479769,0.00031510081957021596,0.08118295458386696,0.1700740339288258,0.1079553455479769,0.0,0.0
1678,1,171,4,M,2,0.17350830249848834,0.3474457319531384,0.1,0.3474457319531384,0.00026341393706826033,0.08118295458386696,0.17350830249848834,0.3474457319531384,0.0,0.0
1679,1,171,4,M,3,0.8273423125749398,0.6526086843024967,0.64,0.6526086843024967,0.00028156849994909194,0.08118295458386696,0.8273423125749398,0.6526086843024967,0.0,0.0
1680,1,172,4,M,0,0.8296003603700736,0.8921123648644487,0.9,0.8921123648644487,0.0002533497747726765,0.08118295458386696,0.8296003603700736,0.8921123648644487,0.0,0.0
1681,1,172,4,M,1,0.1700740339288258,0.1079553455479769,0.1,0.1079553455479769,0.00031510081957021596,0.08118295458386696,0.1700740339288258,0.1079553455479769,0.0,0.0
1682,1,172,4,M,2,0.17350830249848834,0.3474457319531384,0.1,0.3474457319531384,0.00026341393706826033,0.08118295458386696,0.17350830249848834,0.3474457319531384,0.0,0.0
1683,1,172,4,M,3,0.8273423125749398,0.6526086843024967,0.64,0.6526086843024967,0.00028156849994909194,0.08118295458386696,0.8273423125749398,0.6526086843024967,0.0,0.0
1684,1,173,4,M,0,0.8296003603700736,0.8921123648644487,0.9,0.8921123648644487,0.0002533497747726765,0.08118295458386696,0.8296003603700736,0.8921123648644487,0.0,0.0
1685,1,173,4,M,1,0.1700740339288258,0.1079553455479769,0.1,0.1079553455479769,0.00031510081957021596,0.08118295458386696,0.1700740339288258,0.1079553455479769,0.0,0.0
1686,1,173,4,M,2,0.17350830249848834,0.3474457319531384,0.1,0.3474457319531384,0.00026341393706826033,0.08118295458386696,0.17350830249848834,0.3474457319531384,0.0,0.0
1687,1,173,4,M,3,0.8273423125749398,0.6526086843024967,0.64,0.6526086843024967,0.00028156849994909194,0.08118295458386696,0.8273423125749398,0.6526086843024967,0.0,0.0
1688,1,174,4,M,0,0.8296003603700736,0.8921123648644487,0.9,0.8921123648644487,0.0002533497747726765,0.08118295458386696,0.8296003603700736,0.8921123648644487,0.0,0.0
1689,1,174,4,M,1,0.1700740339288258,0.1079553455479769,0.1,0.1079553455479769,0.00031510081957021596,0.08118295458386696,0.1700740339288258,0.1079553455479769,0.0,0.0
1690,1,174,4,M,2,0.17350830249848834,0.3474457319531384,0.1,0.3474457319531384,0.00026341393706826033,0.08118295458386696,0.17350830249848834,0.3474457319531384,0.0,0.0
1691,1,174,4,M,3,0.8273423125749398,0.6526086843024967,0.64,0.6526086843024967,0.00028156849994909194,0.08118295458386696,0.8273423125749398,0.6526086843024967,0.0,0.0
1692,1,175,4,M,0,0.8296003603700736,0.8921123648644487,0.9,0.8921123648644487,0.0002533497747726765,0.08118295458386696,0.8296003603700736,0.8921123648644487,0.0,0.0
1693,1,175,4,M,1,0.1700740339288258,0.1079553455479769,0.1,0.1079553455479769,0.00031510081957021596,0.08118295458386696,0.1700740339288258,0.1079553455479769,0.0,0.0
1694,1,175,4,M,2,0.17350830249848834,0.3474457319531384,0.1,0.3474457319531384,0.00026341393706826033,0.08118295458386696,0.17350830249848834,0.3474457319531384,0.0,0.0
1695,1,175,4,M,3,0.8273423125749398,0.6526086843024967,0.64,0.6526086843024967,0.00028156849994909194,0.08118295458386696,0.8273423125749398,0.6526086843024967,0.0,0.0
1696,1,176,4,M,0,0.8296003603700736,0.8921123648644487,0.9,0.8921123648644487,0.0002533497747726765,0.08118295458386696,0.8296003603700736,0.8921123648644487,0.0,0.0
1697,1,176,4,M,1,0.1700740339288258,0.1079553455479769,0.1,0.1079553455479769,0.00031510081957021596,0.08118295458386696,0.1700740339288258,0.1079553455479769,0.0,0.0
1698,1,176,4,M,2,0.17350830249848834,0.3474457319531384,0.1,0.3474457319531384,0.00026341393706826033,0.08118295458386696,0.17350830249848834,0.3474457319531384,0.0,0.0
1699,1,176,4,M,3,0.8273423125749398,0.6526086843024967,0.64,0.6526086843024967,0.00028156849994909194,0.08118295458386696,0.8273423125749398,0.6526086843024967,0.0,0.0
1700,1,177,4,M,0,0.8296003603700736,0.8921123648644487,0.9,0.8921123648644487,0.0002533497747726765,0.08118295458386696,0.8296003603700736,0.8921123648644487,0.0,0.0
1701,1,177,4,M,1,0.1700740339288258,0.1079553455479769,0.1,0.1079553455479769,0.00031510081957021596,0.08118295458386696,0.1700740339288258,0.1079553455479769,0.0,0.0
1702,1,177,4,M,2,0.17350830249848834,0.3474457319531384,0.1,0.3474457319531384,0.00026341393706826033,0.08118295458386696,0.17350830249848834,0.3474457319531384,0.0,0.0
1703,1,177,4,M,3,0.8273423125749398,0.6526086843024967,0.64,0.6526086843024967,0.00028156849994909194,0.08118295458386696,0.8273423125749398,0.6526086843024967,0.0,0.0
1704,1,178,4,M,0,0.8296003603700736,0.8921123648644487,0.9,0.8921123648644487,0.0002533497747726765,0.08118295458386696,0.8296003603700736,0.8921123648644487,0.0,0.0
1705,1,178,4,M,1,0.1700740339288258,0.1079553455479769,0.1,0.1079553455479769,0.00031510081957021596,0.08118295458386696,0.1700740339288258,0.1079553455479769,0.0,0.0
1706,1,178,4,M,2,0.17350830249848834,0.3474457319531384,0.1,0.3474457319531384,0.00026341393706826033,0.08118295458386696,0.17350830249848834,0.3474457319531384,0.0,0.0
1707,1,178,4,M,3,0.8273423125749398,0.6526086843024967,0.64,0.6526086843024967,0.00028156849994909194,0.08118295458386696,0.8273423125749398,0.6526086843024967,0.0,0.0
1708,1,179,4,M,0,0.8296003603700736,0.8921123648644487,0.9,0.8921123648644487,0.0002533497747726765,0.08118295458386696,0.8296003603700736,0.8921123648644487,0.0,0.0
1709,1,179,4,M,1,0.1700740339288258,0.1079553455479769,0.1,0.1079553455479769,0.00031510081957021596,0.08118295458386696,0.1700740339288258,0.1079553455479769,0.0,0.0
1710,1,179,4,M,2,0.17350830249848834,0.3474457319531384,0.1,0.3474457319531384,0.00026341393706826033,0.08118295458386696,0.17350830249848834,0.3474457319531384,0.0,0.0
1711,1,179,4,M,3,0.8273423125749398,0.6526086843024967,0.64,0.6526086843024967,0.00028156849994909194,0.08118295458386696,0.8273423125749398,0.6526086843024967,0.0,0.0
1712,1,180,4,M,0,0.8296003603700736,0.8921123648644487,0.9,0.8921123648644487,0.0002533497747726765,0.08118295458386696,0.8296003603700736,0.8921123648644487,0.0,0.0
1713,1,180,4,M,1,0.1700740339288258,0.1079553455479769,0.1,0.1079553455479769,0.00031510081957021596,0.08118295458386696,0.1700740339288258,0.1079553455479769,0.0,0.0
1714,1,180,4,M,2,0.17350830249848834,0.3474457319531384,0.1,0.3474457319531384,0.00026341393706826033,0.08118295458386696,0.17350830249848834,0.3474457319531384,0.0,0.0
1715,1,180,4,M,3,0.8273423125749398,0.6526086843024967,0.64,0.6526086843024967,0.00028156849994909194,0.08118295458386696,0.8273423125749398,0.6526086843024967,0.0,0.0
1716,1,181,4,M,0,0.8296003603700736,0.8921123648644487,0.9,0.8921123648644487,0.0002533497747726765,0.08118295458386696,0.8296003603700736,0.8921123648644487,0.0,0.0
1717,1,181,4,M,1,0.1700740339288258,0.1079553455479769,0.1,0.1079553455479769,0.00031510081957021596,0.08118295458386696,0.1700740339288258,0.1079553455479769,0.0,0.0
1718,1,181,4,M,2,0.17350830249848834,0.3474457319531384,0.1,0.3474457319531384,0.00026341393706826033,0.08118295458386696,0.17350830249848834,0.3474457319531384,0.0,0.0
1719,1,181,4,M,3,0.8273423125749398,0.6526086843024967,0.64,0.6526086843024967,0.00028156849994909194,0.08118295458386696,0.8273423125749398,0.6526086843024967,0.0,0.0
1720,1,182,4,M,0,0.8296003603700736,0.8921123648644487,0.9,0.8921123648644487,0.0002533497747726765,0.08118295458386696,0.8296003603700736,0.8921123648644487,0.0,0.0
1721,1,182,4,M,1,0.1700740339288258,0.1079553455479769,0.1,0.1079553455479769,0.00031510081957021596,0.08118295458386696,0.1700740339288258,0.1079553455479769,0.0,0.0
1722,1,182,4,M,2,0.17350830249848834,0.3474457319531384,0.1,0.3474457319531384,0.00026341393706826033,0.08118295458386696,0.17350830249848834,0.3474457319531384,0.0,0.0
1723,1,182,4,M,3,0.8273423125749398,0.6526086843024967,0.64,0.6526086843024967,0.00028156849994909194,0.08118295458386696,0.8273423125749398,0.6526086843024967,0.0,0.0
1724,1,183,4,M,0,0.8296003603700736,0.8921123648644487,0.9,0.8921123648644487,0.0002533497747726765,0.08118295458386696,0.8296003603700736,0.8921123648644487,0.0,0.0
1725,1,183,4,M,1,0.1700740339288258,0.1079553455479769,0.1,0.1079553455479769,0.00031510081957021596,0.08118295458386696,0.1700740339288258,0.1079553455479769,0.0,0.0
1726,1,183,4,M,2,0.17350830249848834,0.3474457319531384,0.1,0.3474457319531384,0.00026341393706826033,0.08118295458386696,0.17350830249848834,0.3474457319531384,0.0,0.0
1727,1,183,4,M,3,0.8273423125749398,0.6526086843024967,0.64,0.6526086843024967,0.00028156849994909194,0.08118295458386696,0.8273423125749398,0.6526086843024967,0.0,0.0
1728,1,184,4,M,0,0.8296003603700736,0.8921123648644487,0.9,0.8921123648644487,0.0002533497747726765,0.08118295458386696,0.8296003603700736,0.8921123648644487,0.0,0.0
1729,1,184,4,M,1,0.1700740339288258,0.1079553455479769,0.1,0.1079553455479769,0.00031510081957021596,0.08118295458386696,0.1700740339288258,0.1079553455479769,0.0,0.0
1730,1,184,4,M,2,0.17350830249848834,0.3474457319531384,0.1,0.3474457319531384,0.00026341393706826033,0.08118295458386696,0.17350830249848834,0.3474457319531384,0.0,0.0
1731,1,184,4,M,3,0.8273423125749398,0.6526086843024967,0.64,0.6526086843024967,0.00028156849994909194,0.08118295458386696,0.8273423125749398,0.6526086843024967,0.0,0.0
1732,1,185,4,M,0,0.8296003603700736,0.8921123648644487,0.9,0.8921123648644487,0.0002533497747726765,0.08118295458386696,0.8296003603700736,0.8921123648644487,0.0,0.0
1733,1,185,4,M,1,0.1700740339288258,0.1079553455479769,0.1,0.1079553455479769,0.00031510081957021596,0.08118295458386696,0.1700740339288258,0.1079553455479769,0.0,0.0
1734,1,185,4,M,2,0.17350830249848834,0.3474457319531384,0.1,0.3474457319531384,0.00026341393706826033,0.08118295458386696,0.17350830249848834,0.3474457319531384,0.0,0.0
1735,1,185,4,M,3,0.8273423125749398,0.6526086843024967,0.64,0.6526086843024967,0.00028156849994909194,0.08118295458386696,0.8273423125749398,0.6526086843024967,0.0,0.0
1736,1,186,4,M,0,0.8296003603700736,0.8921123648644487,0.9,0.8921123648644487,0.0002533497747726765,0.08118295458386696,0.8296003603700736,0.8921123648644487,0.0,0.0
1737,1,186,4,M,1,0.1700740339288258,0.1079553455479769,0.1,0.1079553455479769,0.00031510081957021596,0.08118295458386696,0.1700740339288258,0.1079553455479769,0.0,0.0
1738,1,186,4,M,2,0.17350830249848834,0.3474457319531384,0.1,0.3474457319531384,0.00026341393706826033,0.08118295458386696,0.17350830249848834,0.3474457319531384,0.0,0.0
1739,1,186,4,M,3,0.8273423125749398,0.6526086843024967,0.64,0.6526086843024967,0.00028156849994909194,0.08118295458386696,0.8273423125749398,0.6526086843024967,0.0,0.0
1740,1,187,4,M,0,0.8296003603700736,0.8921123648644487,0.9,0.8921123648644487,0.0002533497747726765,0.08118295458386696,0.8296003603700736,0.8921123648644487,0.0,0.0
1741,1,187,4,M,1,0.1700740339288258,0.1079553455479769,0.1,0.1079553455479769,0.00031510081957021596,0.08118295458386696,0.1700740339288258,0.1079553455479769,0.0,0.0
1742,1,187,4,M,2,0.17350830249848834,0.3474457319531384,0.1,0.3474457319531384,0.00026341393706826033,0.08118295458386696,0.17350830249848834,0.3474457319531384,0.0,0.0
1743,1,187,4,M,3,0.8273423125749398,0.6526086843024967,0.64,0.6526086843024967,0.00028156849994909194,0.08118295458386696,0.8273423125749398,0.6526086843024967,0.0,0.0
1744,1,188,4,M,0,0.8296003603700736,0.8921123648644487,0.9,0.8921123648644487,0.0002533497747726765,0.08118295458386696,0.8296003603700736,0.8921123648644487,0.0,0.0
1745,1,188,4,M,1,0.1700740339288258,0.1079553455479769,0.1,0.1079553455479769,0.00031510081957021596,0.08118295458386696,0.1700740339288258,0.1079553455479769,0.0,0.0
1746,1,188,4,M,2,0.17350830249848834,0.3474457319531384,0.1,0.3474457319531384,0.00026341393706826033,0.08118295458386696,0.17350830249848834,0.3474457319531384,0.0,0.0
1747,1,188,4,M,3,0.8273423125749398,0.6526086843024967,0.64,0.6526086843024967,0.00028156849994909194,0.08118295458386696,0.8273423125749398,0.6526086843024967,0.0,0.0
1748,1,189,4,M,0,0.8296003603700736,0.8921123648644487,0.9,0.8921123648644487,0.0002533497747726765,0.08118295458386696,0.8296003603700736,0.8921123648644487,0.0,0.0
1749,1,189,4,M,1,0.1700740339288258,0.1079553455479769,0.1,0.1079553455479769,0.00031510081957021596,0.08118295458386696,0.1700740339288258,0.1079553455479769,0.0,0.0
1750,1,189,4,M,2,0.17350830249848834,0.3474457319531384,0.1,0.3474457319531384,0.00026341393706826033,0.08118295458386696,0.17350830249848834,0.3474457319531384,0.0,0.0
1751,1,189,4,M,3,0.8273423125749398,0.6526086843024967,0.64,0.6526086843024967,0.00028156849994909194,0.08118295458386696,0.8273423125749398,0.6526086843024967,0.0,0.0
1752,1,190,4,M,0,0.8296003603700736,0.8921123648644487,0.9,0.8921123648644487,0.0002533497747726765,0.08118295458386696,0.8296003603700736,0.8921123648644487,0.0,0.0
1753,1,190,4,M,1,0.1700740339288258,0.1079553455479769,0.1,0.1079553455479769,0.00031510081957021596,0.08118295458386696,0.1700740339288258,0.1079553455479769,0.0,0.0
1754,1,190,4,M,2,0.17350830249848834,0.3474457319531384,0.1,0.3474457319531384,0.00026341393706826033,0.08118295458386696,0.17350830249848834,0.3474457319531384,0.0,0.0
1755,1,190,4,M,3,0.8273423125749398,0.6526086843024967,0.64,0.6526086843024967,0.00028156849994909194,0.08118295458386696,0.8273423125749398,0.6526086843024967,0.0,0.0
1756,1,191,4,M,0,0.8296003603700736,0.8921123648644487,0.9,0.8921123648644487,0.0002533497747726765,0.08118295458386696,0.8296003603700736,0.8921123648644487,0.0,0.0
1757,1,191,4,M,1,0.1700740339288258,0.1079553455479769,0.1,0.1079553455479769,0.00031510081957021596,0.08118295458386696,0.1700740339288258,0.1079553455479769,0.0,0.0
1758,1,191,4,M,2,0.17350830249848834,0.3474457319531384,0.1,0.3474457319531384,0.00026341393706826033,0.08118295458386696,0.17350830249848834,0.3474457319531384,0.0,0.0
1759,1,191,4,M,3,0.8273423125749398,0.6526086843024967,0.64,0.6526086843024967,0.00028156849994909194,0.08118295458386696,0.8273423125749398,0.6526086843024967,0.0,0.0
1760,1,192,4,M,0,0.8296003603700736,0.8921123648644487,0.9,0.8921123648644487,0.0002533497747726765,0.08118295458386696,0.8296003603700736,0.8921123648644487,0.0,0.0
1761,1,192,4,M,1,0.1700740339288258,0.1079553455479769,0.1,0.1079553455479769,0.00031510081957021596,0.08118295458386696,0.1700740339288258,0.1079553455479769,0.0,0.0
1762,1,192,4,M,2,0.17350830249848834,0.3474457319531384,0.1,0.3474457319531384,0.00026341393706826033,0.08118295458386696,0.17350830249848834,0.3474457319531384,0.0,0.0
1763,1,192,4,M,3,0.8273423125749398,0.6526086843024967,0.64,0.6526086843024967,0.00028156849994909194,0.08118295458386696,0.8273423125749398,0.6526086843024967,0.0,0.0
1764,1,193,4,M,0,0.8296003603700736,0.8921123648644487,0.9,0.8921123648644487,0.0002533497747726765,0.08118295458386696,0.8296003603700736,0.8921123648644487,0.0,0.0
1765,1,193,4,M,1,0.1700740339288258,0.1079553455479769,0.1,0.1079553455479769,0.00031510081957021596,0.08118295458386696,0.1700740339288258,0.1079553455479769,0.0,0.0
1766,1,193,4,M,2,0.17350830249848834,0.3474457319531384,0.1,0.3474457319531384,0.00026341393706826033,0.08118295458386696,0.17350830249848834,0.3474457319531384,0.0,0.0
1767,1,193,4,M,3,0.8273423125749398,0.6526086843024967,0.64,0.6526086843024967,0.00028156849994909194,0.08118295458386696,0.8273423125749398,0.6526086843024967,0.0,0.0
1768,1,194,4,M,0,0.8296003603700736,0.8921123648644487,0.9,0.8921123648644487,0.0002533497747726765,0.08118295458386696,0.8296003603700736,0.8921123648644487,0.0,0.0
1769,1,194,4,M,1,0.1700740339288258,0.1079553455479769,0.1,0.1079553455479769,0.00031510081957021596,0.08118295458386696,0.1700740339288258,0.1079553455479769,0.0,0.0
1770,1,194,4,M,2,0.17350830249848834,0.3474457319531384,0.1,0.3474457319531384,0.00026341393706826033,0.08118295458386696,0.17350830249848834,0.3474457319531384,0.0,0.0
1771,1,194,4,M,3,0.8273423125749398,0.6526086843024967,0.64,0.6526086843024967,0.00028156849994909194,0.08118295458386696,0.8273423125749398,0.6526086843024967,0.0,0.0
1772,1,195,4,M,0,0.8296003603700736,0.8921123648644487,0.9,0.8921123648644487,0.0002533497747726765,0.08118295458386696,0.8296003603700736,0.8921123648644487,0.0,0.0
1773,1,195,4,M,1,0.1700740339288258,0.1079553455479769,0.1,0.1079553455479769,0.00031510081957021596,0.08118295458386696,0.1700740339288258,0.1079553455479769,0.0,0.0
1774,1,195,4,M,2,0.17350830249848834,0.3474457319531384,0.1,0.3474457319531384,0.00026341393706826033,0.08118295458386696,0.17350830249848834,0.3474457319531384,0.0,0.0
1775,1,195,4,M,3,0.8273423125749398,0.6526086843024967,0.64,0.6526086843024967,0.00028156849994909194,0.08118295458386696,0.8273423125749398,0.6526086843024967,0.0,0.0
1776,1,196,4,M,0,0.8296003603700736,0.8921123648644487,0.9,0.8921123648644487,0.0002533497747726765,0.08118295458386696,0.8296003603700736,0.8921123648644487,0.0,0.0
1777,1,196,4,M,1,0.1700740339288258,0.1079553455479769,0.1,0.1079553455479769,0.00031510081957021596,0.08118295458386696,0.1700740339288258,0.1079553455479769,0.0,0.0
1778,1,196,4,M,2,0.17350830249848834,0.3474457319531384,0.1,0.3474457319531384,0.00026341393706826033,0.08118295458386696,0.17350830249848834,0.3474457319531384,0.0,0.0
1779,1,196,4,M,3,0.8273423125749398,0.6526086843024967,0.64,0.6526086843024967,0.00028156849994909194,0.08118295458386696,0.8273423125749398,0.6526086843024967,0.0,0.0
1780,1,197,4,M,0,0.8296003603700736,0.8921123648644487,0.9,0.8921123648644487,0.0002533497747726765,0.08118295458386696,0.8296003603700736,0.8921123648644487,0.0,0.0
1781,1,197,4,M,1,0.1700740339288258,0.1079553455479769,0.1,0.1079553455479769,0.00031510081957021596,0.08118295458386696,0.1700740339288258,0.1079553455479769,0.0,0.0
1782,1,197,4,M,2,0.17350830249848834,0.3474457319531384,0.1,0.3474457319531384,0.00026341393706826033,0.08118295458386696,0.17350830249848834,0.3474457319531384,0.0,0.0
1783,1,197,4,M,3,0.8273423125749398,0.6526086843024967,0.64,0.6526086843024967,0.00028156849994909194,0.08118295458386696,0.8273423125749398,0.6526086843024967,0.0,0.0
1784,1,198,4,M,0,0.8296003603700736,0.8921123648644487,0.9,0.8921123648644487,0.0002533497747726765,0.08118295458386696,0.8296003603700736,0.8921123648644487,0.0,0.0
1785,1,198,4,M,1,0.1700740339288258,0.1079553455479769,0.1,0.1079553455479769,0.00031510081957021596,0.08118295458386696,0.1700740339288258,0.1079553455479769,0.0,0.0
1786,1,198,4,M,2,0.17350830249848834,0.3474457319531384,0.1,0.3474457319531384,0.00026341393706826033,0.08118295458386696,0.17350830249848834,0.3474457319531384,0.0,0.0
1787,1,198,4,M,3,0.8273423125749398,0.6526086843024967,0.64,0.6526086843024967,0.00028156849994909194,0.08118295458386696,0.8273423125749398,0.6526086843024967,0.0,0.0
1788,1,199,4,M,0,0.8296003603700736,0.8921123648644487,0.9,0.8921123648644487,0.0002533497747726765,0.08118295458386696,0.8296003603700736,0.8921123648644487,0.0,0.0
1789,1,199,4,M,1,0.1700740339288258,0.1079553455479769,0.1,0.1079553455479769,0.00031510081957021596,0.08118295458386696,0.1700740339288258,0.1079553455479769,0.0,0.0
1790,1,199,4,M,2,0.17350830249848834,0.3474457319531384,0.1,0.3474457319531384,0.00026341393706826033,0.08118295458386696,0.17350830249848834,0.3474457319531384,0.0,0.0
1791,1,199,4,M,3,0.8273423125749398,0.6526086843024967,0.64,0.6526086843024967,0.00028156849994909194,0.08118295458386696,0.8273423125749398,0.6526086843024967,0.0,0.0
1792,1,200,4,M,0,0.8296003603700736,0.8921123648644487,0.9,0.8921123648644487,0.0002533497747726765,0.08118295458386696,0.8296003603700736,0.8921123648644487,0.0,0.0
1793,1,200,4,M,1,0.1700740339288258,0.1079553455479769,0.1,0.1079553455479769,0.00031510081957021596,0.08118295458386696,0.1700740339288258,0.1079553455479769,0.0,0.0
1794,1,200,4,M,2,0.17350830249848834,0.3474457319531384,0.1,0.3474457319531384,0.00026341393706826033,0.08118295458386696,0.17350830249848834,0.3474457319531384,0.0,0.0
1795,1,200,4,M,3,0.8273423125749398,0.6526086843024967,0.64,0.6526086843024967,0.00028156849994909194,0.08118295458386696,0.8273423125749398,0.6526086843024967,0.0,0.0
1796,1,201,4,M,0,0.8296003603700736,0.8921123648644487,0.9,0.8921123648644487,0.0002533497747726765,0.08118295458386696,0.8296003603700736,0.8921123648644487,0.0,0.0
1797,1,201,4,M,1,0.1700740339288258,0.1079553455479769,0.1,0.1079553455479769,0.00031510081957021596,0.08118295458386696,0.1700740339288258,0.1079553455479769,0.0,0.0
1798,1,201,4,M,2,0.17350830249848834,0.3474457319531384,0.1,0.3474457319531384,0.00026341393706826033,0.08118295458386696,0.17350830249848834,0.3474457319531384,0.0,0.0
1799,1,201,4,M,3,0.8273423125749398,0.6526086843024967,0.64,0.6526086843024967,0.00028156849994909194,0.08118295458386696,0.8273423125749398,0.6526086843024967,0.0,0.0
1800,1,202,4,M,0,0.8296003603700736,0.8921123648644487,0.9,0.8921123648644487,0.0002533497747726765,0.08118295458386696,0.8296003603700736,0.8921123648644487,0.0,0.0
1801,1,202,4,M,1,0.1700740339288258,0.1079553455479769,0.1,0.1079553455479769,0.00031510081957021596,0.08118295458386696,0.1700740339288258,0.1079553455479769,0.0,0.0
1802,1,202,4,M,2,0.17350830249848834,0.3474457319531384,0.1,0.3474457319531384,0.00026341393706826033,0.08118295458386696,0.17350830249848834,0.3474457319531384,0.0,0.0
1803,1,202,4,M,3,0.8273423125749398,0.6526086843024967,0.64,0.6526086843024967,0.00028156849994909194,0.08118295458386696,0.8273423125749398,0.6526086843024967,0.0,0.0
1804,1,203,4,M,0,0.8296003603700736,0.8921123648644487,0.9,0.8921123648644487,0.0002533497747726765,0.08118295458386696,0.8296003603700736,0.8921123648644487,0.0,0.0
1805,1,203,4,M,1,0.1700740339288258,0.1079553455479769,0.1,0.1079553455479769,0.00031510081957021596,0.08118295458386696,0.1700740339288258,0.1079553455479769,0.0,0.0
1806,1,203,4,M,2,0.17350830249848834,0.3474457319531384,0.1,0.3474457319531384,0.00026341393706826033,0.08118295458386696,0.17350830249848834,0.3474457319531384,0.0,0.0
1807,1,203,4,M,3,0.8273423125749398,0.6526086843024967,0.64,0.6526086843024967,0.00028156849994909194,0.08118295458386696,0.8273423125749398,0.6526086843024967,0.0,0.0
1808,1,204,4,M,0,0.8296003603700736,0.8921123648644487,0.9,0.8921123648644487,0.0002533497747726765,0.08118295458386696,0.8296003603700736,0.8921123648644487,0.0,0.0
1809,1,204,4,M,1,0.1700740339288258,0.1079553455479769,0.1,0.1079553455479769,0.00031510081957021596,0.08118295458386696,0.1700740339288258,0.1079553455479769,0.0,0.0
1810,1,204,4,M,2,0.17350830249848834,0.3474457319531384,0.1,0.3474457319531384,0.00026341393706826033,0.08118295458386696,0.17350830249848834,0.3474457319531384,0.0,0.0
1811,1,204,4,M,3,0.8273423125749398,0.6526086843024967,0.64,0.6526086843024967,0.00028156849994909194,0.08118295458386696,0.8273423125749398,0.6526086843024967,0.0,0.0
1812,1,205,4,M,0,0.8296003603700736,0.8921123648644487,0.9,0.8921123648644487,0.0002533497747726765,0.08118295458386696,0.8296003603700736,0.8921123648644487,0.0,0.0
1813,1,205,4,M,1,0.1700740339288258,0.1079553455479769,0.1,0.1079553455479769,0.00031510081957021596,0.08118295458386696,0.1700740339288258,0.1079553455479769,0.0,0.0
1814,1,205,4,M,2,0.17350830249848834,0.3474457319531384,0.1,0.3474457319531384,0.00026341393706826033,0.08118295458386696,0.17350830249848834,0.3474457319531384,0.0,0.0
1815,1,205,4,M,3,0.8273423125749398,0.6526086843024967,0.64,0.6526086843024967,0.00028156849994909194,0.08118295458386696,0.8273423125749398,0.6526086843024967,0.0,0.0
1816,1,206,4,M,0,0.8296003603700736,0.8921123648644487,0.9,0.8921123648644487,0.0002533497747726765,0.08118295458386696,0.8296003603700736,0.8921123648644487,0.0,0.0
1817,1,206,4,M,1,0.1700740339288258,0.1079553455479769,0.1,0.1079553455479769,0.00031510081957021596,0.08118295458386696,0.1700740339288258,0.1079553455479769,0.0,0.0
1818,1,206,4,M,2,0.17350830249848834,0.3474457319531384,0.1,0.3474457319531384,0.00026341393706826033,0.08118295458386696,0.17350830249848834,0.3474457319531384,0.0,0.0
1819,1,206,4,M,3,0.8273423125749398,0.6526086843024967,0.64,0.6526086843024967,0.00028156849994909194,0.08118295458386696,0.8273423125749398,0.6526086843024967,0.0,0.0
1820,1,207,4,M,0,0.8296003603700736,0.8921123648644487,0.9,0.8921123648644487,0.0002533497747726765,0.08118295458386696,0.8296003603700736,0.8921123648644487,0.0,0.0
1821,1,207,4,M,1,0.1700740339288258,0.1079553455479769,0.1,0.1079553455479769,0.00031510081957021596,0.08118295458386696,0.1700740339288258,0.1079553455479769,0.0,0.0
1822,1,207,4,M,2,0.17350830249848834,0.3474457319531384,0.1,0.3474457319531384,0.00026341393706826033,0.08118295458386696,0.17350830249848834,0.3474457319531384,0.0,0.0
1823,1,207,4,M,3,0.8273423125749398,0.6526086843024967,0.64,0.6526086843024967,0.00028156849994909194,0.08118295458386696,0.8273423125749398,0.6526086843024967,0.0,0.0
1824,1,208,4,M,0,0.8296003603700736,0.8921123648644487,0.9,0.8921123648644487,0.0002533497747726765,0.08118295458386696,0.8296003603700736,0.8921123648644487,0.0,0.0
1825,1,208,4,M,1,0.1700740339288258,0.1079553455479769,0.1,0.1079553455479769,0.00031510081957021596,0.08118295458386696,0.1700740339288258,0.1079553455479769,0.0,0.0
1826,1,208,4,M,2,0.17350830249848834,0.3474457319531384,0.1,0.3474457319531384,0.00026341393706826033,0.08118295458386696,0.17350830249848834,0.3474457319531384,0.0,0.0
1827,1,208,4,M,3,0.8273423125749398,0.6526086843024967,0.64,0.6526086843024967,0.00028156849994909194,0.08118295458386696,0.8273423125749398,0.6526086843024967,0.0,0.0
1828,1,209,4,M,0,0.8296003603700736,0.8921123648644487,0.9,0.8921123648644487,0.0002533497747726765,0.08118295458386696,0.8296003603700736,0.8921123648644487,0.0,0.0
1829,1,209,4,M,1,0.1700740339288258,0.1079553455479769,0.1,0.1079553455479769,0.00031510081957021596,0.08118295458386696,0.1700740339288258,0.1079553455479769,0.0,0.0
1830,1,209,4,M,2,0.17350830249848834,0.3474457319531384,0.1,0.3474457319531384,0.00026341393706826033,0.08118295458386696,0.17350830249848834,0.3474457319531384,0.0,0.0
1831,1,209,4,M,3,0.8273423125749398,0.6526086843024967,0.64,0.6526086843024967,0.00028156849994909194,0.08118295458386696,0.8273423125749398,0.6526086843024967,0.0,0.0
1832,1,210,4,M,0,0.8296003603700736,0.8921123648644487,0.9,0.8921123648644487,0.0002533497747726765,0.08118295458386696,0.8296003603700736,0.8921123648644487,0.0,0.0
1833,1,210,4,M,1,0.1700740339288258,0.1079553455479769,0.1,0.1079553455479769,0.00031510081957021596,0.08118295458386696,0.1700740339288258,0.1079553455479769,0.0,0.0
1834,1,210,4,M,2,0.17350830249848834,0.3474457319531384,0.1,0.3474457319531384,0.00026341393706826033,0.08118295458386696,0.17350830249848834,0.3474457319531384,0.0,0.0
1835,1,210,4,M,3,0.8273423125749398,0.6526086843024967,0.64,0.6526086843024967,0.00028156849994909194,0.08118295458386696,0.8273423125749398,0.6526086843024967,0.0,0.0
1836,1,211,4,M,0,0.8296003603700736,0.8921123648644487,0.9,0.8921123648644487,0.0002533497747726765,0.08118295458386696,0.8296003603700736,0.8921123648644487,0.0,0.0
1837,1,211,4,M,1,0.1700740339288258,0.1079553455479769,0.1,0.1079553455479769,0.00031510081957021596,0.08118295458386696,0.1700740339288258,0.1079553455479769,0.0,0.0
1838,1,211,4,M,2,0.17350830249848834,0.3474457319531384,0.1,0.3474457319531384,0.00026341393706826033,0.08118295458386696,0.17350830249848834,0.3474457319531384,0.0,0.0
1839,1,211,4,M,3,0.8273423125749398,0.6526086843024967,0.64,0.6526086843024967,0.00028156849994909194,0.08118295458386696,0.8273423125749398,0.6526086843024967,0.0,0.0
1840,1,212,4,M,0,0.8296003603700736,0.8921123648644487,0.9,0.8921123648644487,0.0002533497747726765,0.08118295458386696,0.8296003603700736,0.8921123648644487,0.0,0.0
1841,1,212,4,M,1,0.1700740339288258,0.1079553455479769,0.1,0.1079553455479769,0.00031510081957021596,0.08118295458386696,0.1700740339288258,0.1079553455479769,0.0,0.0
1842,1,212,4,M,2,0.17350830249848834,0.3474457319531384,0.1,0.3474457319531384,0.00026341393706826033,0.08118295458386696,0.17350830249848834,0.3474457319531384,0.0,0.0
1843,1,212,4,M,3,0.8273423125749398,0.6526086843024967,0.64,0.6526086843024967,0.00028156849994909194,0.08118295458386696,0.8273423125749398,0.6526086843024967,0.0,0.0
1844,1,213,4,M,0,0.8296003603700736,0.8921123648644487,0.9,0.8921123648644487,0.0002533497747726765,0.08118295458386696,0.8296003603700736,0.8921123648644487,0.0,0.0
1845,1,213,4,M,1,0.1700740339288258,0.1079553455479769,0.1,0.1079553455479769,0.00031510081957021596,0.08118295458386696,0.1700740339288258,0.1079553455479769,0.0,0.0
1846,1,213,4,M,2,0.17350830249848834,0.3474457319531384,0.1,0.3474457319531384,0.00026341393706826033,0.08118295458386696,0.17350830249848834,0.3474457319531384,0.0,0.0
1847,1,213,4,M,3,0.8273423125749398,0.6526086843024967,0.64,0.6526086843024967,0.00028156849994909194,0.08118295458386696,0.8273423125749398,0.6526086843024967,0.0,0.0
1848,1,214,4,M,0,0.8296003603700736,0.8921123648644487,0.9,0.8921123648644487,0.0002533497747726765,0.08118295458386696,0.8296003603700736,0.8921123648644487,0.0,0.0
1849,1,214,4,M,1,0.1700740339288258,0.1079553455479769,0.1,0.1079553455479769,0.00031510081957021596,0.08118295458386696,0.1700740339288258,0.1079553455479769,0.0,0.0
1850,1,214,4,M,2,0.17350830249848834,0.3474457319531384,0.1,0.3474457319531384,0.00026341393706826033,0.08118295458386696,0.17350830249848834,0.3474457319531384,0.0,0.0
1851,1,214,4,M,3,0.8273423125749398,0.6526086843024967,0.64,0.6526086843024967,0.00028156849994909194,0.08118295458386696,0.8273423125749398,0.6526086843024967,0.0,0.0
1852,1,215,4,M,0,0.8296003603700736,0.8921123648644487,0.9,0.8921123648644487,0.0002533497747726765,0.08118295458386696,0.8296003603700736,0.8921123648644487,0.0,0.0
1853,1,215,4,M,1,0.1700740339288258,0.1079553455479769,0.1,0.1079553455479769,0.00031510081957021596,0.08118295458386696,0.1700740339288258,0.1079553455479769,0.0,0.0
1854,1,215,4,M,2,0.17350830249848834,0.3474457319531384,0.1,0.3474457319531384,0.00026341393706826033,0.08118295458386696,0.17350830249848834,0.3474457319531384,0.0,0.0
1855,1,215,4,M,3,0.8273423125749398,0.6526086843024967,0.64,0.6526086843024967,0.00028156849994909194,0.08118295458386696,0.8273423125749398,0.6526086843024967,0.0,0.0
1856,1,216,4,M,0,0.8296003603700736,0.8921123648644487,0.9,0.8921123648644487,0.0002533497747726765,0.08118295458386696,0.8296003603700736,0.8921123648644487,0.0,0.0
1857,1,216,4,M,1,0.1700740339288258,0.1079553455479769,0.1,0.1079553455479769,0.00031510081957021596,0.08118295458386696,0.1700740339288258,0.1079553455479769,0.0,0.0
1858,1,216,4,M,2,0.17350830249848834,0.3474457319531384,0.1,0.3474457319531384,0.00026341393706826033,0.08118295458386696,0.17350830249848834,0.3474457319531384,0.0,0.0
1859,1,216,4,M,3,0.8273423125749398,0.6526086843024967,0.64,0.6526086843024967,0.00028156849994909194,0.08118295458386696,0.8273423125749398,0.6526086843024967,0.0,0.0
1860,1,217,4,M,0,0.8296003603700736,0.8921123648644487,0.9,0.8921123648644487,0.0002533497747726765,0.08118295458386696,0.8296003603700736,0.8921123648644487,0.0,0.0
1861,1,217,4,M,1,0.1700740339288258,0.1079553455479769,0.1,0.1079553455479769,0.00031510081957021596,0.08118295458386696,0.1700740339288258,0.1079553455479769,0.0,0.0
1862,1,217,4,M,2,0.17350830249848834,0.3474457319531384,0.1,0.3474457319531384,0.00026341393706826033,0.08118295458386696,0.17350830249848834,0.3474457319531384,0.0,0.0
1863,1,217,4,M,3,0.8273423125749398,0.6526086843024967,0.64,0.6526086843024967,0.00028156849994909194,0.08118295458386696,0.8273423125749398,0.6526086843024967,0.0,0.0
1864,1,218,4,M,0,0.8296003603700736,0.8921123648644487,0.9,0.8921123648644487,0.0002533497747726765,0.08118295458386696,0.8296003603700736,0.8921123648644487,0.0,0.0
1865,1,218,4,M,1,0.1700740339288258,0.1079553455479769,0.1,0.1079553455479769,0.00031510081957021596,0.08118295458386696,0.1700740339288258,0.1079553455479769,0.0,0.0
1866,1,218,4,M,2,0.17350830249848834,0.3474457319531384,0.1,0.3474457319531384,0.00026341393706826033,0.08118295458386696,0.17350830249848834,0.3474457319531384,0.0,0.0
1867,1,218,4,M,3,0.8273423125749398,0.6526086843024967,0.64,0.6526086843024967,0.00028156849994909194,0.08118295458386696,0.8273423125749398,0.6526086843024967,0.0,0.0
1868,1,219,4,M,0,0.8296003603700736,0.8921123648644487,0.9,0.8921123648644487,0.0002533497747726765,0.08118295458386696,0.8296003603700736,0.8921123648644487,0.0,0.0
1869,1,219,4,M,1,0.1700740339288258,0.1079553455479769,0.1,0.1079553455479769,0.00031510081957021596,0.08118295458386696,0.1700740339288258,0.1079553455479769,0.0,0.0
1870,1,219,4,M,2,0.17350830249848834,0.3474457319531384,0.1,0.3474457319531384,0.00026341393706826033,0.08118295458386696,0.17350830249848834,0.3474457319531384,0.0,0.0
1871,1,219,4,M,3,0.8273423125749398,0.6526086843024967,0.64,0.6526086843024967,0.00028156849994909194,0.08118295458386696,0.8273423125749398,0.6526086843024967,0.0,0.0
1872,1,220,4,M,0,0.8296003603700736,0.8921123648644487,0.9,0.8921123648644487,0.0002533497747726765,0.08118295458386696,0.8296003603700736,0.8921123648644487,0.0,0.0
1873,1,220,4,M,1,0.1700740339288258,0.1079553455479769,0.1,0.1079553455479769,0.00031510081957021596,0.08118295458386696,0.1700740339288258,0.1079553455479769,0.0,0.0
1874,1,220,4,M,2,0.17350830249848834,0.3474457319531384,0.1,0.3474457319531384,0.00026341393706826033,0.08118295458386696,0.17350830249848834,0.3474457319531384,0.0,0.0
1875,1,220,4,M,3,0.8273423125749398,0.6526086843024967,0.64,0.6526086843024967,0.00028156849994909194,0.08118295458386696,0.8273423125749398,0.6526086843024967,0.0,0.0
1876,1,221,4,M,0,0.8296003603700736,0.8921123648644487,0.9,0.8921123648644487,0.0002533497747726765,0.08118295458386696,0.8296003603700736,0.8921123648644487,0.0,0.0
1877,1,221,4,M,1,0.1700740339288258,0.1079553455479769,0.1,0.1079553455479769,0.00031510081957021596,0.08118295458386696,0.1700740339288258,0.1079553455479769,0.0,0.0
1878,1,221,4,M,2,0.17350830249848834,0.3474457319531384,0.1,0.3474457319531384,0.00026341393706826033,0.08118295458386696,0.17350830249848834,0.3474457319531384,0.0,0.0
1879,1,221,4,M,3,0.8273423125749398,0.6526086843024967,0.64,0.6526086843024967,0.00028156849994909194,0.08118295458386696,0.8273423125749398,0.6526086843024967,0.0,0.0
1880,1,222,4,M,0,0.8296003603700736,0.8921123648644487,0.9,0.8921123648644487,0.0002533497747726765,0.08118295458386696,0.8296003603700736,0.8921123648644487,0.0,0.0
1881,1,222,4,M,1,0.1700740339288258,0.1079553455479769,0.1,0.1079553455479769,0.00031510081957021596,0.08118295458386696,0.1700740339288258,0.1079553455479769,0.0,0.0
1882,1,222,4,M,2,0.17350830249848834,0.3474457319531384,0.1,0.3474457319531384,0.00026341393706826033,0.08118295458386696,0.17350830249848834,0.3474457319531384,0.0,0.0
1883,1,222,4,M,3,0.8273423125749398,0.6526086843024967,0.64,0.6526086843024967,0.00028156849994909194,0.08118295458386696,0.8273423125749398,0.6526086843024967,0.0,0.0
1884,1,223,4,M,0,0.8296003603700736,0.8921123648644487,0.9,0.8921123648644487,0.0002533497747726765,0.08118295458386696,0.8296003603700736,0.8921123648644487,0.0,0.0
1885,1,223,4,M,1,0.1700740339288258,0.1079553455479769,0.1,0.1079553455479769,0.00031510081957021596,0.08118295458386696,0.1700740339288258,0.1079553455479769,0.0,0.0
1886,1,223,4,M,2,0.17350830249848834,0.3474457319531384,0.1,0.3474457319531384,0.00026341393706826033,0.08118295458386696,0.17350830249848834,0.3474457319531384,0.0,0.0
1887,1,223,4,M,3,0.8273423125749398,0.6526086843024967,0.64,0.6526086843024967,0.00028156849994909194,0.08118295458386696,0.8273423125749398,0.6526086843024967,0.0,0.0
1888,1,224,4,M,0,0.8296003603700736,0.8921123648644487,0.9,0.8921123648644487,0.0002533497747726765,0.08118295458386696,0.8296003603700736,0.8921123648644487,0.0,0.0
1889,1,224,4,M,1,0.1700740339288258,0.1079553455479769,0.1,0.1079553455479769,0.00031510081957021596,0.08118295458386696,0.1700740339288258,0.1079553455479769,0.0,0.0
1890,1,224,4,M,2,0.17350830249848834,0.3474457319531384,0.1,0.3474457319531384,0.00026341393706826033,0.08118295458386696,0.17350830249848834,0.3474457319531384,0.0,0.0
1891,1,224,4,M,3,0.8273423125749398,0.6526086843024967,0.64,0.6526086843024967,0.00028156849994909194,0.08118295458386696,0.8273423125749398,0.6526086843024967,0.0,0.0
1892,1,225,4,M,0,0.8296003603700736,0.8921123648644487,0.9,0.8921123648644487,0.0002533497747726765,0.08118295458386696,0.8296003603700736,0.8921123648644487,0.0,0.0
1893,1,225,4,M,1,0.1700740339288258,0.1079553455479769,0.1,0.1079553455479769,0.00031510081957021596,0.08118295458386696,0.1700740339288258,0.1079553455479769,0.0,0.0
1894,1,225,4,M,2,0.17350830249848834,0.3474457319531384,0.1,0.3474457319531384,0.00026341393706826033,0.08118295458386696,0.17350830249848834,0.3474457319531384,0.0,0.0
1895,1,225,4,M,3,0.8273423125749398,0.6526086843024967,0.64,0.6526086843024967,0.00028156849994909194,0.08118295458386696,0.8273423125749398,0.6526086843024967,0.0,0.0
1896,1,226,4,M,0,0.8296003603700736,0.8921123648644487,0.9,0.8921123648644487,0.0002533497747726765,0.08118295458386696,0.8296003603700736,0.8921123648644487,0.0,0.0
1897,1,226,4,M,1,0.1700740339288258,0.1079553455479769,0.1,0.1079553455479769,0.00031510081957021596,0.08118295458386696,0.1700740339288258,0.1079553455479769,0.0,0.0
1898,1,226,4,M,2,0.17350830249848834,0.3474457319531384,0.1,0.3474457319531384,0.00026341393706826033,0.08118295458386696,0.17350830249848834,0.3474457319531384,0.0,0.0
1899,1,226,4,M,3,0.8273423125749398,0.6526086843024967,0.64,0.6526086843024967,0.00028156849994909194,0.08118295458386696,0.8273423125749398,0.6526086843024967,0.0,0.0
1900,1,227,4,M,0,0.8296003603700736,0.8921123648644487,0.9,0.8921123648644487,0.0002533497747726765,0.08118295458386696,0.8296003603700736,0.8921123648644487,0.0,0.0
1901,1,227,4,M,1,0.1700740339288258,0.1079553455479769,0.1,0.1079553455479769,0.00031510081957021596,0.08118295458386696,0.1700740339288258,0.1079553455479769,0.0,0.0
1902,1,227,4,M,2,0.17350830249848834,0.3474457319531384,0.1,0.3474457319531384,0.00026341393706826033,0.08118295458386696,0.17350830249848834,0.3474457319531384,0.0,0.0
1903,1,227,4,M,3,0.8273423125749398,0.6526086843024967,0.64,0.6526086843024967,0.00028156849994909194,0.08118295458386696,0.8273423125749398,0.6526086843024967,0.0,0.0
1904,1,228,4,M,0,0.8296003603700736,0.8921123648644487,0.9,0.8921123648644487,0.0002533497747726765,0.08118295458386696,0.8296003603700736,0.8921123648644487,0.0,0.0
1905,1,228,4,M,1,0.1700740339288258,0.1079553455479769,0.1,0.1079553455479769,0.00031510081957021596,0.08118295458386696,0.1700740339288258,0.1079553455479769,0.0,0.0
1906,1,228,4,M,2,0.17350830249848834,0.3474457319531384,0.1,0.3474457319531384,0.00026341393706826033,0.08118295458386696,0.17350830249848834,0.3474457319531384,0.0,0.0
1907,1,228,4,M,3,0.8273423125749398,0.6526086843024967,0.64,0.6526086843024967,0.00028156849994909194,0.08118295458386696,0.8273423125749398,0.6526086843024967,0.0,0.0
1908,1,229,4,M,0,0.8296003603700736,0.8921123648644487,0.9,0.8921123648644487,0.0002533497747726765,0.08118295458386696,0.8296003603700736,0.8921123648644487,0.0,0.0
1909,1,229,4,M,1,0.1700740339288258,0.1079553455479769,0.1,0.1079553455479769,0.00031510081957021596,0.08118295458386696,0.1700740339288258,0.1079553455479769,0.0,0.0
1910,1,229,4,M,2,0.17350830249848834,0.3474457319531384,0.1,0.3474457319531384,0.00026341393706826033,0.08118295458386696,0.17350830249848834,0.3474457319531384,0.0,0.0
1911,1,229,4,M,3,0.8273423125749398,0.6526086843024967,0.64,0.6526086843024967,0.00028156849994909194,0.08118295458386696,0.8273423125749398,0.6526086843024967,0.0,0.0
1912,1,230,4,M,0,0.8296003603700736,0.8921123648644487,0.9,0.8921123648644487,0.0002533497747726765,0.08118295458386696,0.8296003603700736,0.8921123648644487,0.0,0.0
1913,1,230,4,M,1,0.1700740339288258,0.1079553455479769,0.1,0.1079553455479769,0.00031510081957021596,0.08118295458386696,0.1700740339288258,0.1079553455479769,0.0,0.0
1914,1,230,4,M,2,0.17350830249848834,0.3474457319531384,0.1,0.3474457319531384,0.00026341393706826033,0.08118295458386696,0.17350830249848834,0.3474457319531384,0.0,0.0
1915,1,230,4,M,3,0.8273423125749398,0.6526086843024967,0.64,0.6526086843024967,0.00028156849994909194,0.08118295458386696,0.8273423125749398,0.6526086843024967,0.0,0.0
1916,1,231,4,M,0,0.8296003603700736,0.8921123648644487,0.9,0.8921123648644487,0.0002533497747726765,0.08118295458386696,0.8296003603700736,0.8921123648644487,0.0,0.0
1917,1,231,4,M,1,0.1700740339288258,0.1079553455479769,0.1,0.1079553455479769,0.00031510081957021596,0.08118295458386696,0.1700740339288258,0.1079553455479769,0.0,0.0
1918,1,231,4,M,2,0.17350830249848834,0.3474457319531384,0.1,0.3474457319531384,0.00026341393706826033,0.08118295458386696,0.17350830249848834,0.3474457319531384,0.0,0.0
1919,1,231,4,M,3,0.8273423125749398,0.6526086843024967,0.64,0.6526086843024967,0.00028156849994909194,0.08118295458386696,0.8273423125749398,0.6526086843024967,0.0,0.0
1920,1,232,4,M,0,0.8296003603700736,0.8921123648644487,0.9,0.8921123648644487,0.0002533497747726765,0.08118295458386696,0.8296003603700736,0.8921123648644487,0.0,0.0
1921,1,232,4,M,1,0.1700740339288258,0.1079553455479769,0.1,0.1079553455479769,0.00031510081957021596,0.08118295458386696,0.1700740339288258,0.1079553455479769,0.0,0.0
1922,1,232,4,M,2,0.17350830249848834,0.3474457319531384,0.1,0.3474457319531384,0.00026341393706826033,0.08118295458386696,0.17350830249848834,0.3474457319531384,0.0,0.0
1923,1,232,4,M,3,0.8273423125749398,0.6526086843024967,0.64,0.6526086843024967,0.00028156849994909194,0.08118295458386696,0.8273423125749398,0.6526086843024967,0.0,0.0
1924,1,233,4,M,0,0.8296003603700736,0.8921123648644487,0.9,0.8921123648644487,0.0002533497747726765,0.08118295458386696,0.8296003603700736,0.8921123648644487,0.0,0.0
1925,1,233,4,M,1,0.1700740339288258,0.1079553455479769,0.1,0.1079553455479769,0.00031510081957021596,0.08118295458386696,0.1700740339288258,0.1079553455479769,0.0,0.0
1926,1,233,4,M,2,0.17350830249848834,0.3474457319531384,0.1,0.3474457319531384,0.00026341393706826033,0.08118295458386696,0.17350830249848834,0.3474457319531384,0.0,0.0
1927,1,233,4,M,3,0.8273423125749398,0.6526086843024967,0.64,0.6526086843024967,0.00028156849994909194,0.08118295458386696,0.8273423125749398,0.6526086843024967,0.0,0.0
1928,1,234,4,M,0,0.8296003603700736,0.8921123648644487,0.9,0.8921123648644487,0.0002533497747726765,0.08118295458386696,0.8296003603700736,0.8921123648644487,0.0,0.0
1929,1,234,4,M,1,0.1700740339288258,0.1079553455479769,0.1,0.1079553455479769,0.00031510081957021596,0.08118295458386696,0.1700740339288258,0.1079553455479769,0.0,0.0
1930,1,234,4,M,2,0.17350830249848834,0.3474457319531384,0.1,0.3474457319531384,0.00026341393706826033,0.08118295458386696,0.17350830249848834,0.3474457319531384,0.0,0.0
1931,1,234,4,M,3,0.8273423125749398,0.6526086843024967,0.64,0.6526086843024967,0.00028156849994909194,0.08118295458386696,0.8273423125749398,0.6526086843024967,0.0,0.0
1932,1,235,4,M,0,0.8296003603700736,0.8921123648644487,0.9,0.8921123648644487,0.0002533497747726765,0.08118295458386696,0.8296003603700736,0.8921123648644487,0.0,0.0
1933,1,235,4,M,1,0.1700740339288258,0.1079553455479769,0.1,0.1079553455479769,0.00031510081957021596,0.08118295458386696,0.1700740339288258,0.1079553455479769,0.0,0.0
1934,1,235,4,M,2,0.17350830249848834,0.3474457319531384,0.1,0.3474457319531384,0.00026341393706826033,0.08118295458386696,0.17350830249848834,0.3474457319531384,0.0,0.0
1935,1,235,4,M,3,0.8273423125749398,0.6526086843024967,0.64,0.6526086843024967,0.00028156849994909194,0.08118295458386696,0.8273423125749398,0.6526086843024967,0.0,0.0
1936,1,236,4,M,0,0.8296003603700736,0.8921123648644487,0.9,0.8921123648644487,0.0002533497747726765,0.08118295458386696,0.8296003603700736,0.8921123648644487,0.0,0.0
1937,1,236,4,M,1,0.1700740339288258,0.1079553455479769,0.1,0.1079553455479769,0.00031510081957021596,0.08118295458386696,0.1700740339288258,0.1079553455479769,0.0,0.0
1938,1,236,4,M,2,0.17350830249848834,0.3474457319531384,0.1,0.3474457319531384,0.00026341393706826033,0.08118295458386696,0.17350830249848834,0.3474457319531384,0.0,0.0
1939,1,236,4,M,3,0.8273423125749398,0.6526086843024967,0.64,0.6526086843024967,0.00028156849994909194,0.08118295458386696,0.8273423125749398,0.6526086843024967,0.0,0.0
1940,1,237,4,M,0,0.8296003603700736,0.8921123648644487,0.9,0.8921123648644487,0.0002533497747726765,0.08118295458386696,0.8296003603700736,0.8921123648644487,0.0,0.0
1941,1,237,4,M,1,0.1700740339288258,0.1079553455479769,0.1,0.1079553455479769,0.00031510081957021596,0.08118295458386696,0.1700740339288258,0.1079553455479769,0.0,0.0
1942,1,237,4,M,2,0.17350830249848834,0.3474457319531384,0.1,0.3474457319531384,0.00026341393706826033,0.08118295458386696,0.17350830249848834,0.3474457319531384,0.0,0.0
1943,1,237,4,M,3,0.8273423125749398,0.6526086843024967,0.64,0.6526086843024967,0.00028156849994909194,0.08118295458386696,0.8273423125749398,0.6526086843024967,0.0,0.0
1944,1,238,4,M,0,0.8296003603700736,0.8921123648644487,0.9,0.8921123648644487,0.0002533497747726765,0.08118295458386696,0.8296003603700736,0.8921123648644487,0.0,0.0
1945,1,238,4,M,1,0.1700740339288258,0.1079553455479769,0.1,0.1079553455479769,0.00031510081957021596,0.08118295458386696,0.1700740339288258,0.1079553455479769,0.0,0.0
1946,1,238,4,M,2,0.17350830249848834,0.3474457319531384,0.1,0.3474457319531384,0.00026341393706826033,0.08118295458386696,0.17350830249848834,0.3474457319531384,0.0,0.0
1947,1,238,4,M,3,0.8273423125749398,0.6526086843024967,0.64,0.6526086843024967,0.00028156849994909194,0.08118295458386696,0.8273423125749398,0.6526086843024967,0.0,0.0
1948,1,239,4,M,0,0.8296003603700736,0.8921123648644487,0.9,0.8921123648644487,0.0002533497747726765,0.08118295458386696,0.8296003603700736,0.8921123648644487,0.0,0.0
1949,1,239,4,M,1,0.1700740339288258,0.1079553455479769,0.1,0.1079553455479769,0.00031510081957021596,0.08118295458386696,0.1700740339288258,0.1079553455479769,0.0,0.0
1950,1,239,4,M,2,0.17350830249848834,0.3474457319531384,0.1,0.3474457319531384,0.00026341393706826033,0.08118295458386696,0.17350830249848834,0.3474457319531384,0.0,0.0
1951,1,239,4,M,3,0.8273423125749398,0.6526086843024967,0.64,0.6526086843024967,0.00028156849994909194,0.08118295458386696,0.8273423125749398,0.6526086843024967,0.0,0.0
1952,1,240,4,M,0,0.8296003603700736,0.8921123648644487,0.9,0.8921123648644487,0.0002533497747726765,0.08118295458386696,0.8296003603700736,0.8921123648644487,0.0,0.0
1953,1,240,4,M,1,0.1700740339288258,0.1079553455479769,0.1,0.1079553455479769,0.00031510081957021596,0.08118295458386696,0.1700740339288258,0.1079553455479769,0.0,0.0
1954,1,240,4,M,2,0.17350830249848834,0.3474457319531384,0.1,0.3474457319531384,0.00026341393706826033,0.08118295458386696,0.17350830249848834,0.3474457319531384,0.0,0.0
1955,1,240,4,M,3,0.8273423125749398,0.6526086843024967,0.64,0.6526086843024967,0.00028156849994909194,0.08118295458386696,0.8273423125749398,0.6526086843024967,0.0,0.0
1956,1,241,4,M,0,0.8296003603700736,0.8921123648644487,0.9,0.8921123648644487,0.0002533497747726765,0.08118295458386696,0.8296003603700736,0.8921123648644487,0.0,0.0
1957,1,241,4,M,1,0.1700740339288258,0.1079553455479769,0.1,0.1079553455479769,0.00031510081957021596,0.08118295458386696,0.1700740339288258,0.1079553455479769,0.0,0.0
1958,1,241,4,M,2,0.17350830249848834,0.3474457319531384,0.1,0.3474457319531384,0.00026341393706826033,0.08118295458386696,0.17350830249848834,0.3474457319531384,0.0,0.0
1959,1,241,4,M,3,0.8273423125749398,0.6526086843024967,0.64,0.6526086843024967,0.00028156849994909194,0.08118295458386696,0.8273423125749398,0.6526086843024967,0.0,0.0
1960,1,242,4,M,0,0.8296003603700736,0.8921123648644487,0.9,0.8921123648644487,0.0002533497747726765,0.08118295458386696,0.8296003603700736,0.8921123648644487,0.0,0.0
1961,1,242,4,M,1,0.1700740339288258,0.1079553455479769,0.1,0.1079553455479769,0.00031510081957021596,0.08118295458386696,0.1700740339288258,0.1079553455479769,0.0,0.0
1962,1,242,4,M,2,0.17350830249848834,0.3474457319531384,0.1,0.3474457319531384,0.00026341393706826033,0.08118295458386696,0.17350830249848834,0.3474457319531384,0.0,0.0
1963,1,242,4,M,3,0.8273423125749398,0.6526086843024967,0.64,0.6526086843024967,0.00028156849994909194,0.08118295458386696,0.8273423125749398,0.6526086843024967,0.0,0.0
1964,1,243,4,M,0,0.8296003603700736,0.8921123648644487,0.9,0.8921123648644487,0.0002533497747726765,0.08118295458386696,0.8296003603700736,0.8921123648644487,0.0,0.0
1965,1,243,4,M,1,0.1700740339288258,0.1079553455479769,0.1,0.1079553455479769,0.00031510081957021596,0.08118295458386696,0.1700740339288258,0.1079553455479769,0.0,0.0
1966,1,243,4,M,2,0.17350830249848834,0.3474457319531384,0.1,0.3474457319531384,0.00026341393706826033,0.08118295458386696,0.17350830249848834,0.3474457319531384,0.0,0.0
1967,1,243,4,M,3,0.8273423125749398,0.6526086843024967,0.64,0.6526086843024967,0.00028156849994909194,0.08118295458386696,0.8273423125749398,0.6526086843024967,0.0,0.0
1968,1,244,4,M,0,0.8296003603700736,0.8921123648644487,0.9,0.8921123648644487,0.0002533497747726765,0.08118295458386696,0.8296003603700736,0.8921123648644487,0.0,0.0
1969,1,244,4,M,1,0.1700740339288258,0.1079553455479769,0.1,0.1079553455479769,0.00031510081957021596,0.08118295458386696,0.1700740339288258,0.1079553455479769,0.0,0.0
1970,1,244,4,M,2,0.17350830249848834,0.3474457319531384,0.1,0.3474457319531384,0.00026341393706826033,0.08118295458386696,0.17350830249848834,0.3474457319531384,0.0,0.0
1971,1,244,4,M,3,0.8273423125749398,0.6526086843024967,0.64,0.6526086843024967,0.00028156849994909194,0.08118295458386696,0.8273423125749398,0.6526086843024967,0.0,0.0
1972,1,245,4,M,0,0.8296003603700736,0.8921123648644487,0.9,0.8921123648644487,0.0002533497747726765,0.08118295458386696,0.8296003603700736,0.8921123648644487,0.0,0.0
1973,1,245,4,M,1,0.1700740339288258,0.1079553455479769,0.1,0.1079553455479769,0.00031510081957021596,0.08118295458386696,0.1700740339288258,0.1079553455479769,0.0,0.0
1974,1,245,4,M,2,0.17350830249848834,0.3474457319531384,0.1,0.3474457319531384,0.00026341393706826033,0.08118295458386696,0.17350830249848834,0.3474457319531384,0.0,0.0
1975,1,245,4,M,3,0.8273423125749398,0.6526086843024967,0.64,0.6526086843024967,0.00028156849994909194,0.08118295458386696,0.8273423125749398,0.6526086843024967,0.0,0.0
1976,1,246,4,M,0,0.8296003603700736,0.8921123648644487,0.9,0.8921123648644487,0.0002533497747726765,0.08118295458386696,0.8296003603700736,0.8921123648644487,0.0,0.0
1977,1,246,4,M,1,0.1700740339288258,0.1079553455479769,0.1,0.1079553455479769,0.00031510081957021596,0.08118295458386696,0.1700740339288258,0.1079553455479769,0.0,0.0
1978,1,246,4,M,2,0.17350830249848834,0.3474457319531384,0.1,0.3474457319531384,0.00026341393706826033,0.08118295458386696,0.17350830249848834,0.3474457319531384,0.0,0.0
1979,1,246,4,M,3,0.8273423125749398,0.6526086843024967,0.64,0.6526086843024967,0.00028156849994909194,0.08118295458386696,0.8273423125749398,0.6526086843024967,0.0,0.0
1980,1,247,4,M,0,0.8296003603700736,0.8921123648644487,0.9,0.8921123648644487,0.0002533497747726765,0.08118295458386696,0.8296003603700736,0.8921123648644487,0.0,0.0
1981,1,247,4,M,1,0.1700740339288258,0.1079553455479769,0.1,0.1079553455479769,0.00031510081957021596,0.08118295458386696,0.1700740339288258,0.1079553455479769,0.0,0.0
1982,1,247,4,M,2,0.17350830249848834,0.3474457319531384,0.1,0.3474457319531384,0.00026341393706826033,0.08118295458386696,0.17350830249848834,0.3474457319531384,0.0,0.0
1983,1,247,4,M,3,0.8273423125749398,0.6526086843024967,0.64,0.6526086843024967,0.00028156849994909194,0.08118295458386696,0.8273423125749398,0.6526086843024967,0.0,0.0
1984,2,0,0,M,0,0.09697577685006187,0.6471519574457739,0.0,0.6471519574457739,0.04633386588777007,0.08118295458386696,0.11473599026430441,0.7580916377253117,0.0,0.0
1985,2,0,0,M,1,0.2755980051110839,0.28222728121903706,0.0,0.28222728121903706,0.046333865887770116,0.08118295458386696,0.6281058847008625,0.18328767487427652,0.0,0.0
1986,2,0,0,M,2,0.5065327149303066,0.9309166489090062,1.0,0.9309166489090062,0.04633386588777013,0.08118295458386696,0.5997988132209203,0.7840928817220186,0.0,0.0
1987,2,0,0,M,3,0.2868200489782943,0.49379128146332907,1.0,0.49379128146332907,0.045742753620774707,0.08118295458386696,0.5038104073068334,0.5002367864374925,0.0,0.0
1988,2,1,0,M,0,0.24,0.76,0.0,0.76,0.04566513789820524,0.08118295458386696,0.08834332889485416,0.748393556865816,1.0,1.0
1989,2,1,0,M,1,1.0,0.0,0.0,0.0,0.04632843157380482,0.08118295458386696,0.657718467700184,0.19846013418407618,1.0,1.0
1990,2,1,0,M,2,0.5,1.0,1.0,1.0,0.046007074509758744,0.08118295458386696,0.8772981843334994,0.6945648639650518,1.0,1.0
1991,2,1,0,M,3,0.5,0.5,0.0,0.5,0.0457036919365251,0.08118295458386696,0.5093410569723539,0.37854909790213387,1.0,1.0
1992,2,2,0,M,0,0.0,0.5,0.0,0.5,0.04218488757152757,0.08118295458386696,0.10976729058805007,0.8862488659919885,1.0,1.0
1993,2,2,0,M,1,0.76,0.24,0.24,0.24,0.04558188311114232,0.08118295458386696,0.638274021140885,0.1601793039807206,1.0,1.0
1994,2,2,0,M,2,0.76,0.76,1.0,0.76,0.04220315621917931,0.08118295458386696,0.8077261878390274,0.7245612574591279,1.0,1.0
1995,2,2,0,M,3,0.5093410569723539,0.37854909790213387,0.0,0.37854909790213387,0.04600638258375056,0.08118295458386696,0.47501941592489866,0.36223875295939256,0.0,0.0
1996,2,3,0,M,0,0.0,1.0,0.0,1.0,0.017694434503721684,0.08118295458386696,0.24673883572895622,0.7009661206177664,1.0,1.0
1997,2,3,0,M,1,0.24,0.24,0.5,0.24,0.039037546696609915,0.08118295458386696,0.5002939812817432,0.08120903666799398,1.0,1.0
1998,2,3,0,M,2,1.0,0.5,1.0,0.5,0.042181259777394994,0.08118295458386696,0.7723276077885193,0.7702022574074339,1.0,1.0
1999,2,3,0,M,3,0.47501941592489866,0.36223875295939256,0.0,0.36223875295939256,0.04217943749542558,0.08118295458386696,0.24771465505769372,0.2501334143393125,0.0,0.0
2000,2,4,0,M,0,0.24673883572895622,0.7009661206177664,0.0,0.7009661206177664,0.017693557245998387,0.08118295458386696,0.30651467097455526,0.6447533043788731,0.0,0.0
2001,2,4,0,M,1,0.0,0.0,0.5,0.0,0.03903441869289704,0.08118295458386696,0.489010071974612,0.10442720400898498,1.0,1.0
2002,2,4,0,M,2,1.0,1.0,1.0,1.0,0.0176935572459984,0.08118295458386696,0.80944219331354,0.8074355646706451,1.0,1.0
2003,2,4,0,M,3,0.24771465505769372,0.2501334143393125,0.26,0.2501334143393125,0.025879901364248552,0.08118295458386696,0.17597770914341604,0.1897348477447678,0.0,0.0
2004,2,5,0,M,0,0.30651467097455526,0.6447533043788731,0.24,0.6447533043788731,0.017669222480267685,0.08118295458386696,0.35199826387116895,0.5918010028097719,0.0,0.0
2005,2,5,0,M,1,0.5,0.0,0.76,0.0,0.017669222480267685,0.08118295458386696,0.4422742755120267,0.1726720013339681,1.0,1.0
2006,2,5,0,M,2,0.80944219331354,0.8074355646706451,0.76,0.8074355646706451,0.017669222480267685,0.08118295458386696,0.8160976294143134,0.8055027490635818,0.0,0.0
2007,2,5,0,M,3,0.17597770914341604,0.1897348477447678,0.0,0.1897348477447678,0.017669222480267685,0.08118295458386696,0.15138289735824187,0.18198217186842416,0.0,0.0
2008,2,6,0,M,0,0.35199826387116895,0.5918010028097719,0.24,0.5918010028097719,0.017669222480267685,0.08118295458386696,0.3696416928155395,0.576708846166715,0.0,0.0
2009,2,6,0,M,1,0.4422742755120267,0.1726720013339681,0.76,0.1726720013339681,0.017669222480267685,0.08118295458386696,0.4084918781242358,0.1861422200791298,0.0,0.0
2010,2,6,0,M,2,0.8160976294143134,0.8055027490635818,0.76,0.8055027490635818,0.017669222480267685,0.08118295458386696,0.8183161217407177,0.8081540383535059,0.0,0.0
2011,2,6,0,M,3,0.15138289735824187,0.18198217186842416,0.0,0.18198217186842416,0.017669222480267685,0.08118295458386696,0.1339712309618009,0.17576729195206492,0.0,0.0
2012,2,7,0,M,0,0.3696416928155395,0.576708846166715,0.24,0.576708846166715,0.017669222480267685,0.08118295458386696,0.3796768483820472,0.5703048236174949,0.0,0.0
2013,2,7,0,M,1,0.4084918781242358,0.1861422200791298,0.76,0.1861422200791298,0.017669222480267685,0.08118295458386696,0.38620054629147327,0.18603611352027166,0.0,0.0
2014,2,7,0,M,2,0.8183161217407177,0.8081540383535059,0.76,0.8081540383535059,0.017669222480267685,0.08118295458386696,0.8190473018453094,0.8091988245842024,0.0,0.0
2015,2,7,0,M,3,0.1339712309618009,0.17576729195206492,0.0,0.17576729195206492,0.017669222480267685,0.08118295458386696,0.12423751831824698,0.17364590406346697,0.0,0.0
2016,2,8,1,M,0,0.3796768483820472,0.5703048236174949,0.24,0.5703048236174949,0.017669222480267685,0.08118295458386696,0.386559408299885,0.566038917282502,0.0,0.0
2017,2,8,1,M,1,0.38620054629147327,0.18603611352027166,0.76,0.18603611352027166,0.017669222480267685,0.08118295458386696,0.37125125189714425,0.18531355677143735,0.0,0.0
2018,2,8,1,M,2,0.8190473018453094,0.8091988245842024,0.76,0.8091988245842024,0.017669222480267685,0.08118295458386696,0.819682086195651,0.8093845711387797,0.0,0.0
2019,2,8,1,M,3,0.12423751831824698,0.17364590406346697,0.0,0.17364590406346697,0.017669222480267685,0.08118295458386696,0.11779369135892649,0.17197570877080923,0.0,0.0
2020,2,9,1,M,0,0.24,0.5,0.24,0.5,0.01709778900338388,0.08118295458386696,0.4517096611805718,0.6229431618744296,1.0,1.0
2021,2,9,1,M,1,0.5,0.26,0.76,0.26,0.014171852699603568,0.08118295458386696,0.32949524528299384,0.1686194449807818,1.0,1.0
2022,2,9,1,M,2,1.0,0.24,0.76,0.24,0.01734631439601142,0.08118295458386696,0.8182836730562955,0.8030789779589025,1.0,1.0
2023,2,9,1,M,3,0.24,0.0,0.0,0.0,0.01429955790086207,0.08118295458386696,0.11600451688956429,0.16498727321583237,1.0,1.0
2024,2,10,1,M,0,0.0,0.76,0.24,0.76,0.015475142316057927,0.08118295458386696,0.51992711816323,0.7106690778872837,1.0,1.0
2025,2,10,1,M,1,0.76,0.0,0.62,0.0,0.0027045680783228804,0.08118295458386696,0.32205091498544897,0.17021810391526984,1.0,1.0
2026,2,10,1,M,2,0.76,0.5,0.76,0.5,0.016879967608427665,0.08118295458386696,0.8293330027062265,0.8273498248719404,1.0,1.0
2027,2,10,1,M,3,0.0,0.24,0.12,0.24,0.0025296888392467437,0.08118295458386696,0.1062109506495672,0.17379894647519567,1.0,1.0
2028,2,11,1,M,0,0.24,1.0,0.52,1.0,0.0097221350828684,0.08118295458386696,0.5791437164097272,0.7447354167527508,1.0,1.0
2029,2,11,1,M,1,0.32205091498544897,0.17021810391526984,0.62,0.17021810391526984,0.002690354076170978,0.08118295458386696,0.30722689901534533,0.1751709733809962,0.0,0.0
2030,2,11,1,M,2,0.76,1.0,1.0,1.0,0.014078563690799725,0.08118295458386696,0.8442516092860942,0.8368632638695758,1.0,1.0
2031,2,11,1,M,3,0.1062109506495672,0.17379894647519567,0.12,0.17379894647519567,0.0025260889234427486,0.08118295458386696,0.09879532709885908,0.1750995957677652,0.0,0.0
2032,2,12,1,M,0,0.5791437164097272,0.7447354167527508,0.5,0.7447354167527508,0.008770704206193011,0.08118295458386696,0.6125844708760463,0.7619657141302248,0.0,0.0
2033,2,12,1,M,1,0.30722689901534533,0.1751709733809962,0.62,0.1751709733809962,0.0026786981803385707,0.08118295458386696,0.3103098241782579,0.17823822347573268,0.0,0.0
2034,2,12,1,M,2,1.0,0.76,0.88,0.76,0.002665362250372255,0.08118295458386696,0.8640816606803111,0.8372858024310175,1.0,1.0
2035,2,12,1,M,3,0.09879532709885908,0.1750995957677652,0.12,0.1750995957677652,0.002563752290298024,0.08118295458386696,0.09878045250625977,0.17353263329539104,0.0,0.0
2036,2,13,1,M,0,0.6125844708760463,0.7619657141302248,0.5,0.7619657141302248,0.008770704206193011,0.08118295458386696,0.6315103542381945,0.7744202495007507,0.0,0.0
2037,2,13,1,M,1,0.3103098241782579,0.17823822347573268,0.62,0.17823822347573268,0.0026786981803385707,0.08118295458386696,0.30950060969196785,0.18100557273496964,0.0,0.0
2038,2,13,1,M,2,0.8640816606803111,0.8372858024310175,0.88,0.8372858024310175,0.002665362250372255,0.08118295458386696,0.8757490167993875,0.8382053519396636,0.0,0.0
2039,2,13,1,M,3,0.09878045250625977,0.17353263329539104,0.12,0.17353263329539104,0.002563752290298024,0.08118295458386696,0.09824345353258791,0.17153343541472224,0.0,0.0
2040,2,14,1,M,0,0.6315103542381945,0.7744202495007507,0.5,0.7744202495007507,0.008770704206193011,0.08118295458386696,0.6417944546665485,0.7813549964675852,0.0,0.0
2041,2,14,1,M,1,0.30950060969196785,0.18100557273496964,0.62,0.18100557273496964,0.0026786981803385707,0.08118295458386696,0.30676564859715455,0.1844295578664404,0.0,0.0
2042,2,14,1,M,2,0.8757490167993875,0.8382053519396636,0.88,0.8382053519396636,0.002665362250372255,0.08118295458386696,0.8828525020447905,0.8379598657242656,0.0,0.0
2043,2,14,1,M,3,0.09824345353258791,0.17153343541472224,0.12,0.17153343541472224,0.002563752290298024,0.08118295458386696,0.0966681736479086,0.16888044367344274,0.0,0.0
2044,2,15,1,M,0,0.6417944546665485,0.7813549964675852,0.5,0.7813549964675852,0.008770704206193011,0.08118295458386696,0.6476527108462103,0.7857210280109167,0.0,0.0
2045,2,15,1,M,1,0.30676564859715455,0.1844295578664404,0.62,0.1844295578664404,0.0026786981803385707,0.08118295458386696,0.30409322012888357,0.18568794675452915,0.0,0.0
2046,2,15,1,M,2,0.8828525020447905,0.8379598657242656,0.88,0.8379598657242656,0.002665362250372255,0.08118295458386696,0.8869342519022014,0.8373560519408346,0.0,0.0
2047,2,15,1,M,3,0.0966681736479086,0.16888044367344274,0.12,0.16888044367344274,0.002563752290298024,0.08118295458386696,0.09490861074309448,0.1678109740244894,0.0,0.0
2048,2,16,1,M,0,0.6476527108462103,0.7857210280109167,0.5,0.7857210280109167,0.008770704206193011,0.08118295458386696,0.6507471531714865,0.7881911887763056,0.0,0.0
2049,2,16,1,M,1,0.30409322012888357,0.18568794675452915,0.62,0.18568794675452915,0.0026786981803385707,0.08118295458386696,0.302926101957434,0.18649807561234555,0.0,0.0
2050,2,16,1,M,2,0.8869342519022014,0.8373560519408346,0.88,0.8373560519408346,0.002665362250372255,0.08118295458386696,0.889304429028985,0.8368808877878364,0.0,0.0
2051,2,16,1,M,3,0.09490861074309448,0.1678109740244894,0.12,0.1678109740244894,0.002563752290298024,0.08118295458386696,0.09418123525514084,0.16700376980601866,0.0,0.0
2052,2,17,1,M,0,0.6507471531714865,0.7881911887763056,0.5,0.7881911887763056,0.008770704206193011,0.08118295458386696,0.6534000106212465,0.7889900316857191,0.0,0.0
2053,2,17,1,M,1,0.302926101957434,0.18649807561234555,0.62,0.18649807561234555,0.0026786981803385707,0.08118295458386696,0.30238388326502164,0.18734104587582165,0.0,0.0
2054,2,17,1,M,2,0.889304429028985,0.8368808877878364,0.88,0.8368808877878364,0.002665362250372255,0.08118295458386696,0.8909414949027655,0.8370770769573799,0.0,0.0
2055,2,17,1,M,3,0.09418123525514084,0.16700376980601866,0.12,0.16700376980601866,0.002563752290298024,0.08118295458386696,0.09391436138569863,0.16635461799991277,0.0,0.0
2056,2,18,1,M,0,0.6534000106212465,0.7889900316857191,0.5,0.7889900316857191,0.008770704206193011,0.08118295458386696,0.6538275286071814,0.7900792612355284,0.0,0.0
2057,2,18,1,M,1,0.30238388326502164,0.18734104587582165,0.62,0.18734104587582165,0.0026786981803385707,0.08118295458386696,0.3013328640900072,0.18751352907095253,0.0,0.0
2058,2,18,1,M,2,0.8909414949027655,0.8370770769573799,0.88,0.8370770769573799,0.002665362250372255,0.08118295458386696,0.8915058159849876,0.8366124441503845,0.0,0.0
2059,2,18,1,M,3,0.09391436138569863,0.16635461799991277,0.12,0.16635461799991277,0.002563752290298024,0.08118295458386696,0.0932156489534263,0.16600768556146428,0.0,0.0
2060,2,19,1,M,0,0.6538275286071814,0.7900792612355284,0.5,0.7900792612355284,0.008770704206193011,0.08118295458386696,0.6543717579797812,0.7912632967752803,0.0,0.0
2061,2,19,1,M,1,0.3013328640900072,0.18751352907095253,0.62,0.18751352907095253,0.0026786981803385707,0.08118295458386696,0.3012961093555363,0.18751742025183207,0.0,0.0
2062,2,19,1,M,2,0.8915058159849876,0.8366124441503845,0.88,0.8366124441503845,0.002665362250372255,0.08118295458386696,0.8920658123012577,0.8360676483208564,0.0,0.0
2063,2,19,1,M,3,0.0932156489534263,0.16600768556146428,0.12,0.16600768556146428,0.002563752290298024,0.08118295458386696,0.09321504600984161,0.1660043090778544,0.0,0.0
2064,2,20,1,M,0,0.6543717579797812,0.7912632967752803,0.5,0.7912632967752803,0.008770704206193011,0.08118295458386696,0.6550324483880281,0.7917997084862486,0.0,0.0
2065,2,20,1,M,1,0.3012961093555363,0.18751742025183207,0.62,0.18751742025183207,0.0026786981803385707,0.08118295458386696,0.3013063015522717,0.18746069193471196,0.0,0.0
2066,2,20,1,M,2,0.8920658123012577,0.8360676483208564,0.88,0.8360676483208564,0.002665362250372255,0.08118295458386696,0.8926060029771794,0.8359220280329837,0.0,0.0
2067,2,20,1,M,3,0.09321504600984161,0.1660043090778544,0.12,0.1660043090778544,0.002563752290298024,0.08118295458386696,0.09321621615427536,0.1659833829966086,0.0,0.0
2068,2,21,1,M,0,0.6550324483880281,0.7917997084862486,0.5,0.7917997084862486,0.008770704206193011,0.08118295458386696,0.6558246521922626,0.7917772988447325,0.0,0.0
2069,2,21,1,M,1,0.3013063015522717,0.18746069193471196,0.62,0.18746069193471196,0.0026786981803385707,0.08118295458386696,0.3013321767589859,0.18751165186117144,0.0,0.0
2070,2,21,1,M,2,0.8926060029771794,0.8359220280329837,0.88,0.8359220280329837,0.002665362250372255,0.08118295458386696,0.8930161962662558,0.8361257368940052,0.0,0.0
2071,2,21,1,M,3,0.09321621615427536,0.1659833829966086,0.12,0.1659833829966086,0.002563752290298024,0.08118295458386696,0.09321621615427535,0.1659833829966086,0.0,0.0
2072,2,22,1,M,0,0.6558246521922626,0.7917772988447325,0.5,0.7917772988447325,0.008770704206193011,0.08118295458386696,0.6558328966403171,0.7917624471246814,0.0,0.0
2073,2,22,1,M,1,0.3013321767589859,0.18751165186117144,0.62,0.18751165186117144,0.0026786981803385707,0.08118295458386696,0.3013321767589859,0.18751165186117144,0.0,0.0
2074,2,22,1,M,2,0.8930161962662558,0.8361257368940052,0.88,0.8361257368940052,0.002665362250372255,0.08118295458386696,0.89301761925241,0.8361358323318824,0.0,0.0
2075,2,22,1,M,3,0.09321621615427535,0.1659833829966086,0.12,0.1659833829966086,0.002563752290298024,0.08118295458386696,0.09321621615427535,0.1659833829966086,0.0,0.0
2076,2,23,1,M,0,0.6558328966403171,0.7917624471246814,0.5,0.7917624471246814,0.008770704206193011,0.08118295458386696,0.6558328966403171,0.7917624471246814,0.0,0.0
2077,2,23,1,M,1,0.3013321767589859,0.18751165186117144,0.62,0.18751165186117144,0.0026786981803385707,0.08118295458386696,0.3013321767589859,0.18751165186117144,0.0,0.0
2078,2,23,1,M,2,0.89301761925241,0.8361358323318824,0.88,0.8361358323318824,0.002665362250372255,0.08118295458386696,0.8930176192524101,0.8361358323318825,0.0,0.0
2079,2,23,1,M,3,0.09321621615427535,0.1659833829966086,0.12,0.1659833829966086,0.002563752290298024,0.08118295458386696,0.09321621615427535,0.1659833829966086,0.0,0.0
2080,2,24,2,M,0,0.6558328966403171,0.7917624471246814,0.5,0.7917624471246814,0.008770704206193011,0.08118295458386696,0.655832896640317,0.7917624471246814,0.0,0.0
2081,2,24,2,M,1,0.3013321767589859,0.18751165186117144,0.62,0.18751165186117144,0.0026786981803385707,0.08118295458386696,0.3013321767589859,0.18751165186117144,0.0,0.0
2082,2,24,2,M,2,0.8930176192524101,0.8361358323318825,0.88,0.8361358323318825,0.002665362250372255,0.08118295458386696,0.89301761925241,0.8361358323318825,0.0,0.0
2083,2,24,2,M,3,0.09321621615427535,0.1659833829966086,0.12,0.1659833829966086,0.002563752290298024,0.08118295458386696,0.09321621615427535,0.1659833829966086,0.0,0.0
2084,2,25,2,M,0,0.5,0.76,0.12,0.76,0.0025382337372636815,0.08118295458386696,0.6780587688172268,0.7970973735127347,1.0,1.0
2085,2,25,2,M,1,0.3013321767589859,0.18751165186117144,0.62,0.18751165186117144,0.0026502074375587686,0.08118295458386696,0.30210156952048484,0.1898420257938118,0.0,0.0
2086,2,25,2,M,2,0.89301761925241,0.8361358323318825,0.88,0.8361358323318825,0.0025382337372636676,0.08118295458386696,0.8928859414727285,0.835712289534122,0.0,0.0
2087,2,25,2,M,3,0.09321621615427535,0.1659833829966086,0.12,0.1659833829966086,0.002521861674917067,0.08118295458386696,0.0932038849989112,0.16713547729661263,0.0,0.0
2088,2,26,2,M,0,0.6780587688172268,0.7970973735127347,0.12,0.7970973735127347,0.0025382337372636815,0.08118295458386696,0.6857213699122855,0.7989330246129998,0.0,0.0
2089,2,26,2,M,1,0.30210156952048484,0.1898420257938118,0.62,0.1898420257938118,0.0026502074375587686,0.08118295458386696,0.3021902602512773,0.18978989604088162,0.0,0.0
2090,2,26,2,M,2,0.8928859414727285,0.835712289534122,0.88,0.835712289534122,0.0025382337372636676,0.08118295458386696,0.8976918770627685,0.8363078197372577,0.0,0.0
2091,2,26,2,M,3,0.0932038849989112,0.16713547729661263,0.12,0.16713547729661263,0.002521861674917067,0.08118295458386696,0.0931716830492135,0.16738638287803626,0.0,0.0
2092,2,27,2,M,0,0.6857213699122855,0.7989330246129998,0.12,0.7989330246129998,0.0025382337372636815,0.08118295458386696,0.690243284299079,0.8009614220742686,0.0,0.0
2093,2,27,2,M,1,0.3021902602512773,0.18978989604088162,0.62,0.18978989604088162,0.0026502074375587686,0.08118295458386696,0.302249404446616,0.18983634214084258,0.0,0.0
2094,2,27,2,M,2,0.8976918770627685,0.8363078197372577,0.88,0.8363078197372577,0.0025382337372636676,0.08118295458386696,0.9009037306924739,0.8361622698476573,0.0,0.0
2095,2,27,2,M,3,0.0931716830492135,0.16738638287803626,0.12,0.16738638287803626,0.002521861674917067,0.08118295458386696,0.0931716830492135,0.16738638287803626,0.0,0.0
2096,2,28,2,M,0,0.690243284299079,0.8009614220742686,0.12,0.8009614220742686,0.0025382337372636815,0.08118295458386696,0.692612424760074,0.8023455065946784,0.0,0.0
2097,2,28,2,M,1,0.302249404446616,0.18983634214084258,0.62,0.18983634214084258,0.0026502074375587686,0.08118295458386696,0.30225744189816234,0.18985744365661245,0.0,0.0
2098,2,28,2,M,2,0.9009037306924739,0.8361622698476573,0.88,0.8361622698476573,0.0025382337372636676,0.08118295458386696,0.9026935140956899,0.8358358036042628,0.0,0.0
2099,2,28,2,M,3,0.0931716830492135,0.16738638287803626,0.12,0.16738638287803626,0.002521861674917067,0.08118295458386696,0.09317220178517233,0.1673974545853773,0.0,0.0
2100,2,29,2,M,0,0.692612424760074,0.8023455065946784,0.12,0.8023455065946784,0.0025382337372636815,0.08118295458386696,0.6940004607534213,0.8031791710006677,0.0,0.0
2101,2,29,2,M,1,0.30225744189816234,0.18985744365661245,0.62,0.18985744365661245,0.0026502074375587686,0.08118295458386696,0.3022604108845426,0.18981568298169552,0.0,0.0
2102,2,29,2,M,2,0.9026935140956899,0.8358358036042628,0.88,0.8358358036042628,0.0025382337372636676,0.08118295458386696,0.903740352276624,0.8355901582817858,0.0,0.0
2103,2,29,2,M,3,0.09317220178517233,0.1673974545853773,0.12,0.1673974545853773,0.002521861674917067,0.08118295458386696,0.0931719222113106,0.1674388687315927,0.0,0.0
2104,2,30,2,M,0,0.6940004607534213,0.8031791710006677,0.12,0.8031791710006677,0.0025382337372636815,0.08118295458386696,0.6952412186832929,0.8036113969009563,0.0,0.0
2105,2,30,2,M,1,0.3022604108845426,0.18981568298169552,0.62,0.18981568298169552,0.0026502074375587686,0.08118295458386696,0.30225535858464375,0.18984844018230437,0.0,0.0
2106,2,30,2,M,2,0.903740352276624,0.8355901582817858,0.88,0.8355901582817858,0.0025382337372636676,0.08118295458386696,0.9045776924053304,0.8355578696200378,0.0,0.0
2107,2,30,2,M,3,0.0931719222113106,0.1674388687315927,0.12,0.1674388687315927,0.002521861674917067,0.08118295458386696,0.09317061036822481,0.16746388449465688,0.0,0.0
2108,2,31,2,M,0,0.6952412186832929,0.8036113969009563,0.12,0.8036113969009563,0.0025382337372636815,0.08118295458386696,0.6952780839519336,0.8036098787568274,0.0,0.0
2109,2,31,2,M,1,0.30225535858464375,0.18984844018230437,0.62,0.18984844018230437,0.0026502074375587686,0.08118295458386696,0.3022559702793309,0.18984588768070101,0.0,0.0
2110,2,31,2,M,2,0.9045776924053304,0.8355578696200378,0.88,0.8355578696200378,0.0025382337372636676,0.08118295458386696,0.9045776924053305,0.8355578696200378,0.0,0.0
2111,2,31,2,M,3,0.09317061036822481,0.16746388449465688,0.12,0.16746388449465688,0.002521861674917067,0.08118295458386696,0.0931684274890423,0.16749067387120303,0.0,0.0
2112,2,32,2,M,0,0.6952780839519336,0.8036098787568274,0.12,0.8036098787568274,0.0025382337372636815,0.08118295458386696,0.6952780839519335,0.8036098787568273,0.0,0.0
2113,2,32,2,M,1,0.3022559702793309,0.18984588768070101,0.62,0.18984588768070101,0.0026502074375587686,0.08118295458386696,0.3022559702793309,0.18984588768070101,0.0,0.0
2114,2,32,2,M,2,0.9045776924053305,0.8355578696200378,0.88,0.8355578696200378,0.0025382337372636676,0.08118295458386696,0.9045776924053305,0.8355578696200378,0.0,0.0
2115,2,32,2,M,3,0.0931684274890423,0.16749067387120303,0.12,0.16749067387120303,0.002521861674917067,0.08118295458386696,0.09316842748904229,0.167490673871203,0.0,0.0
2116,2,33,2,M,0,0.6952780839519335,0.8036098787568273,0.12,0.8036098787568273,0.0025382337372636815,0.08118295458386696,0.6952780839519336,0.8036098787568274,0.0,0.0
2117,2,33,2,M,1,0.3022559702793309,0.18984588768070101,0.62,0.18984588768070101,0.0026502074375587686,0.08118295458386696,0.3022559702793309,0.18984588768070101,0.0,0.0
2118,2,33,2,M,2,0.9045776924053305,0.8355578696200378,0.88,0.8355578696200378,0.0025382337372636676,0.08118295458386696,0.9045776924053305,0.8355578696200378,0.0,0.0
2119,2,33,2,M,3,0.09316842748904229,0.167490673871203,0.12,0.167490673871203,0.002521861674917067,0.08118295458386696,0.09316842748904232,0.16749067387120303,0.0,0.0
2120,2,34,2,M,0,0.6952780839519336,0.8036098787568274,0.12,0.8036098787568274,0.0025382337372636815,0.08118295458386696,0.6952780839519335,0.8036098787568273,0.0,0.0
2121,2,34,2,M,1,0.3022559702793309,0.18984588768070101,0.62,0.18984588768070101,0.0026502074375587686,0.08118295458386696,0.3022559702793309,0.18984588768070101,0.0,0.0
2122,2,34,2,M,2,0.9045776924053305,0.8355578696200378,0.88,0.8355578696200378,0.0025382337372636676,0.08118295458386696,0.9045776924053305,0.8355578696200378,0.0,0.0
2123,2,34,2,M,3,0.09316842748904232,0.16749067387120303,0.12,0.16749067387120303,0.002521861674917067,0.08118295458386696,0.09316842748904229,0.167490673871203,0.0,0.0
2124,2,35,2,M,0,0.6952780839519335,0.8036098787568273,0.12,0.8036098787568273,0.0025382337372636815,0.08118295458386696,0.6952780839519336,0.8036098787568274,0.0,0.0
2125,2,35,2,M,1,0.3022559702793309,0.18984588768070101,0.62,0.18984588768070101,0.0026502074375587686,0.08118295458386696,0.3022559702793309,0.18984588768070101,0.0,0.0
2126,2,35,2,M,2,0.9045776924053305,0.8355578696200378,0.88,0.8355578696200378,0.0025382337372636676,0.08118295458386696,0.9045776924053305,0.8355578696200378,0.0,0.0
2127,2,35,2,M,3,0.09316842748904229,0.167490673871203,0.12,0.167490673871203,0.002521861674917067,0.08118295458386696,0.09316842748904232,0.16749067387120303,0.0,0.0
2128,2,36,2,M,0,0.6952780839519336,0.8036098787568274,0.12,0.8036098787568274,0.0025382337372636815,0.08118295458386696,0.6952780839519335,0.8036098787568273,0.0,0.0
2129,2,36,2,M,1,0.3022559702793309,0.18984588768070101,0.62,0.18984588768070101,0.0026502074375587686,0.08118295458386696,0.3022559702793309,0.18984588768070101,0.0,0.0
2130,2,36,2,M,2,0.9045776924053305,0.8355578696200378,0.88,0.8355578696200378,0.0025382337372636676,0.08118295458386696,0.9045776924053305,0.8355578696200378,0.0,0.0
2131,2,36,2,M,3,0.09316842748904232,0.16749067387120303,0.12,0.16749067387120303,0.002521861674917067,0.08118295458386696,0.09316842748904229,0.167490673871203,0.0,0.0
2132,2,37,2,M,0,0.6952780839519335,0.8036098787568273,0.12,0.8036098787568273,0.0025382337372636815,0.08118295458386696,0.6952780839519336,0.8036098787568274,0.0,0.0
2133,2,37,2,M,1,0.3022559702793309,0.18984588768070101,0.62,0.18984588768070101,0.0026502074375587686,0.08118295458386696,0.3022559702793309,0.18984588768070101,0.0,0.0
2134,2,37,2,M,2,0.9045776924053305,0.8355578696200378,0.88,0.8355578696200378,0.0025382337372636676,0.08118295458386696,0.9045776924053305,0.8355578696200378,0.0,0.0
2135,2,37,2,M,3,0.09316842748904229,0.167490673871203,0.12,0.167490673871203,0.002521861674917067,0.08118295458386696,0.09316842748904232,0.16749067387120303,0.0,0.0
2136,2,38,2,M,0,0.6952780839519336,0.8036098787568274,0.12,0.8036098787568274,0.0025382337372636815,0.08118295458386696,0.6952780839519335,0.8036098787568273,0.0,0.0
2137,2,38,2,M,1,0.3022559702793309,0.18984588768070101,0.62,0.18984588768070101,0.0026502074375587686,0.08118295458386696,0.3022559702793309,0.18984588768070101,0.0,0.0
2138,2,38,2,M,2,0.9045776924053305,0.8355578696200378,0.88,0.8355578696200378,0.0025382337372636676,0.08118295458386696,0.9045776924053305,0.8355578696200378,0.0,0.0
2139,2,38,2,M,3,0.09316842748904232,0.16749067387120303,0.12,0.16749067387120303,0.002521861674917067,0.08118295458386696,0.09316842748904229,0.167490673871203,0.0,0.0
2140,2,39,2,M,0,0.6952780839519335,0.8036098787568273,0.12,0.8036098787568273,0.0025382337372636815,0.08118295458386696,0.6952780839519336,0.8036098787568274,0.0,0.0
2141,2,39,2,M,1,0.3022559702793309,0.18984588768070101,0.62,0.18984588768070101,0.0026502074375587686,0.08118295458386696,0.3022559702793309,0.18984588768070101,0.0,0.0
2142,2,39,2,M,2,0.9045776924053305,0.8355578696200378,0.88,0.8355578696200378,0.0025382337372636676,0.08118295458386696,0.9045776924053305,0.8355578696200378,0.0,0.0
2143,2,39,2,M,3,0.09316842748904229,0.167490673871203,0.12,0.167490673871203,0.002521861674917067,0.08118295458386696,0.09316842748904232,0.16749067387120303,0.0,0.0
2144,2,40,2,M,0,0.6952780839519336,0.8036098787568274,0.12,0.8036098787568274,0.0025382337372636815,0.08118295458386696,0.6952780839519335,0.8036098787568273,0.0,0.0
2145,2,40,2,M,1,0.3022559702793309,0.18984588768070101,0.62,0.18984588768070101,0.0026502074375587686,0.08118295458386696,0.3022559702793309,0.18984588768070101,0.0,0.0
2146,2,40,2,M,2,0.9045776924053305,0.8355578696200378,0.88,0.8355578696200378,0.0025382337372636676,0.08118295458386696,0.9045776924053305,0.8355578696200378,0.0,0.0
2147,2,40,2,M,3,0.09316842748904232,0.16749067387120303,0.12,0.16749067387120303,0.002521861674917067,0.08118295458386696,0.09316842748904229,0.167490673871203,0.0,0.0
2148,2,41,2,M,0,0.6952780839519335,0.8036098787568273,0.12,0.8036098787568273,0.0025382337372636815,0.08118295458386696,0.6952780839519336,0.8036098787568274,0.0,0.0
2149,2,41,2,M,1,0.3022559702793309,0.18984588768070101,0.62,0.18984588768070101,0.0026502074375587686,0.08118295458386696,0.3022559702793309,0.18984588768070101,0.0,0.0
2150,2,41,2,M,2,0.9045776924053305,0.8355578696200378,0.88,0.8355578696200378,0.0025382337372636676,0.08118295458386696,0.9045776924053305,0.8355578696200378,0.0,0.0
2151,2,41,2,M,3,0.09316842748904229,0.167490673871203,0.12,0.167490673871203,0.002521861674917067,0.08118295458386696,0.09316842748904232,0.16749067387120303,0.0,0.0
2152,2,42,2,M,0,0.6952780839519336,0.8036098787568274,0.12,0.8036098787568274,0.0025382337372636815,0.08118295458386696,0.6952780839519335,0.8036098787568273,0.0,0.0
2153,2,42,2,M,1,0.3022559702793309,0.18984588768070101,0.62,0.18984588768070101,0.0026502074375587686,0.08118295458386696,0.3022559702793309,0.18984588768070101,0.0,0.0
2154,2,42,2,M,2,0.9045776924053305,0.8355578696200378,0.88,0.8355578696200378,0.0025382337372636676,0.08118295458386696,0.9045776924053305,0.8355578696200378,0.0,0.0
2155,2,42,2,M,3,0.09316842748904232,0.16749067387120303,0.12,0.16749067387120303,0.002521861674917067,0.08118295458386696,0.09316842748904229,0.167490673871203,0.0,0.0
2156,2,43,2,M,0,0.6952780839519335,0.8036098787568273,0.12,0.8036098787568273,0.0025382337372636815,0.08118295458386696,0.6952780839519336,0.8036098787568274,0.0,0.0
2157,2,43,2,M,1,0.3022559702793309,0.18984588768070101,0.62,0.18984588768070101,0.0026502074375587686,0.08118295458386696,0.3022559702793309,0.18984588768070101,0.0,0.0
2158,2,43,2,M,2,0.9045776924053305,0.8355578696200378,0.88,0.8355578696200378,0.0025382337372636676,0.08118295458386696,0.9045776924053305,0.8355578696200378,0.0,0.0
2159,2,43,2,M,3,0.09316842748904229,0.167490673871203,0.12,0.167490673871203,0.002521861674917067,0.08118295458386696,0.09316842748904232,0.16749067387120303,0.0,0.0
2160,2,44,2,M,0,0.6952780839519336,0.8036098787568274,0.12,0.8036098787568274,0.0025382337372636815,0.08118295458386696,0.6952780839519335,0.8036098787568273,0.0,0.0
2161,2,44,2,M,1,0.3022559702793309,0.18984588768070101,0.62,0.18984588768070101,0.0026502074375587686,0.08118295458386696,0.3022559702793309,0.18984588768070101,0.0,0.0
2162,2,44,2,M,2,0.9045776924053305,0.8355578696200378,0.88,0.8355578696200378,0.0025382337372636676,0.08118295458386696,0.9045776924053305,0.8355578696200378,0.0,0.0
2163,2,44,2,M,3,0.09316842748904232,0.16749067387120303,0.12,0.16749067387120303,0.002521861674917067,0.08118295458386696,0.09316842748904229,0.167490673871203,0.0,0.0
2164,2,45,2,M,0,0.6952780839519335,0.8036098787568273,0.12,0.8036098787568273,0.0025382337372636815,0.08118295458386696,0.6952780839519336,0.8036098787568274,0.0,0.0
2165,2,45,2,M,1,0.3022559702793309,0.18984588768070101,0.62,0.18984588768070101,0.0026502074375587686,0.08118295458386696,0.3022559702793309,0.18984588768070101,0.0,0.0
2166,2,45,2,M,2,0.9045776924053305,0.8355578696200378,0.88,0.8355578696200378,0.0025382337372636676,0.08118295458386696,0.9045776924053305,0.8355578696200378,0.0,0.0
2167,2,45,2,M,3,0.09316842748904229,0.167490673871203,0.12,0.167490673871203,0.002521861674917067,0.08118295458386696,0.09316842748904232,0.16749067387120303,0.0,0.0
2168,2,46,2,M,0,0.6952780839519336,0.8036098787568274,0.12,0.8036098787568274,0.0025382337372636815,0.08118295458386696,0.6952780839519335,0.8036098787568273,0.0,0.0
2169,2,46,2,M,1,0.3022559702793309,0.18984588768070101,0.62,0.18984588768070101,0.0026502074375587686,0.08118295458386696,0.3022559702793309,0.18984588768070101,0.0,0.0
2170,2,46,2,M,2,0.9045776924053305,0.8355578696200378,0.88,0.8355578696200378,0.0025382337372636676,0.08118295458386696,0.9045776924053305,0.8355578696200378,0.0,0.0
2171,2,46,2,M,3,0.09316842748904232,0.16749067387120303,0.12,0.16749067387120303,0.002521861674917067,0.08118295458386696,0.09316842748904229,0.167490673871203,0.0,0.0
2172,2,47,2,M,0,0.6952780839519335,0.8036098787568273,0.12,0.8036098787568273,0.0025382337372636815,0.08118295458386696,0.6952780839519336,0.8036098787568274,0.0,0.0
2173,2,47,2,M,1,0.3022559702793309,0.18984588768070101,0.62,0.18984588768070101,0.0026502074375587686,0.08118295458386696,0.3022559702793309,0.18984588768070101,0.0,0.0
2174,2,47,2,M,2,0.9045776924053305,0.8355578696200378,0.88,0.8355578696200378,0.0025382337372636676,0.08118295458386696,0.9045776924053305,0.8355578696200378,0.0,0.0
2175,2,47,2,M,3,0.09316842748904229,0.167490673871203,0.12,0.167490673871203,0.002521861674917067,0.08118295458386696,0.09316842748904232,0.16749067387120303,0.0,0.0
2176,2,48,2,M,0,0.6952780839519336,0.8036098787568274,0.12,0.8036098787568274,0.0025382337372636815,0.08118295458386696,0.6952780839519335,0.8036098787568273,0.0,0.0
2177,2,48,2,M,1,0.3022559702793309,0.18984588768070101,0.62,0.18984588768070101,0.0026502074375587686,0.08118295458386696,0.3022559702793309,0.18984588768070101,0.0,0.0
2178,2,48,2,M,2,0.9045776924053305,0.8355578696200378,0.88,0.8355578696200378,0.0025382337372636676,0.08118295458386696,0.9045776924053305,0.8355578696200378,0.0,0.0
2179,2,48,2,M,3,0.09316842748904232,0.16749067387120303,0.12,0.16749067387120303,0.002521861674917067,0.08118295458386696,0.09316842748904229,0.167490673871203,0.0,0.0
2180,2,49,2,M,0,0.6952780839519335,0.8036098787568273,0.12,0.8036098787568273,0.0025382337372636815,0.08118295458386696,0.6952780839519336,0.8036098787568274,0.0,0.0
2181,2,49,2,M,1,0.3022559702793309,0.18984588768070101,0.62,0.18984588768070101,0.0026502074375587686,0.08118295458386696,0.3022559702793309,0.18984588768070101,0.0,0.0
2182,2,49,2,M,2,0.9045776924053305,0.8355578696200378,0.88,0.8355578696200378,0.0025382337372636676,0.08118295458386696,0.9045776924053305,0.8355578696200378,0.0,0.0
2183,2,49,2,M,3,0.09316842748904229,0.167490673871203,0.12,0.167490673871203,0.002521861674917067,0.08118295458386696,0.09316842748904232,0.16749067387120303,0.0,0.0
2184,2,50,2,M,0,0.6952780839519336,0.8036098787568274,0.12,0.8036098787568274,0.0025382337372636815,0.08118295458386696,0.6952780839519335,0.8036098787568273,0.0,0.0
2185,2,50,2,M,1,0.3022559702793309,0.18984588768070101,0.62,0.18984588768070101,0.0026502074375587686,0.08118295458386696,0.3022559702793309,0.18984588768070101,0.0,0.0
2186,2,50,2,M,2,0.9045776924053305,0.8355578696200378,0.88,0.8355578696200378,0.0025382337372636676,0.08118295458386696,0.9045776924053305,0.8355578696200378,0.0,0.0
2187,2,50,2,M,3,0.09316842748904232,0.16749067387120303,0.12,0.16749067387120303,0.002521861674917067,0.08118295458386696,0.09316842748904229,0.167490673871203,0.0,0.0
2188,2,51,2,M,0,0.6952780839519335,0.8036098787568273,0.12,0.8036098787568273,0.0025382337372636815,0.08118295458386696,0.6952780839519336,0.8036098787568274,0.0,0.0
2189,2,51,2,M,1,0.3022559702793309,0.18984588768070101,0.62,0.18984588768070101,0.0026502074375587686,0.08118295458386696,0.3022559702793309,0.18984588768070101,0.0,0.0
2190,2,51,2,M,2,0.9045776924053305,0.8355578696200378,0.88,0.8355578696200378,0.0025382337372636676,0.08118295458386696,0.9045776924053305,0.8355578696200378,0.0,0.0
2191,2,51,2,M,3,0.09316842748904229,0.167490673871203,0.12,0.167490673871203,0.002521861674917067,0.08118295458386696,0.09316842748904232,0.16749067387120303,0.0,0.0
2192,2,52,2,M,0,0.6952780839519336,0.8036098787568274,0.12,0.8036098787568274,0.0025382337372636815,0.08118295458386696,0.6952780839519335,0.8036098787568273,0.0,0.0
2193,2,52,2,M,1,0.3022559702793309,0.18984588768070101,0.62,0.18984588768070101,0.0026502074375587686,0.08118295458386696,0.3022559702793309,0.18984588768070101,0.0,0.0
2194,2,52,2,M,2,0.9045776924053305,0.8355578696200378,0.88,0.8355578696200378,0.0025382337372636676,0.08118295458386696,0.9045776924053305,0.8355578696200378,0.0,0.0
2195,2,52,2,M,3,0.09316842748904232,0.16749067387120303,0.12,0.16749067387120303,0.002521861674917067,0.08118295458386696,0.09316842748904229,0.167490673871203,0.0,0.0
2196,2,53,2,M,0,0.6952780839519335,0.8036098787568273,0.12,0.8036098787568273,0.0025382337372636815,0.08118295458386696,0.6952780839519336,0.8036098787568274,0.0,0.0
2197,2,53,2,M,1,0.3022559702793309,0.18984588768070101,0.62,0.18984588768070101,0.0026502074375587686,0.08118295458386696,0.3022559702793309,0.18984588768070101,0.0,0.0
2198,2,53,2,M,2,0.9045776924053305,0.8355578696200378,0.88,0.8355578696200378,0.0025382337372636676,0.08118295458386696,0.9045776924053305,0.8355578696200378,0.0,0.0
2199,2,53,2,M,3,0.09316842748904229,0.167490673871203,0.12,0.167490673871203,0.002521861674917067,0.08118295458386696,0.09316842748904232,0.16749067387120303,0.0,0.0
2200,2,54,2,M,0,0.6952780839519336,0.8036098787568274,0.12,0.8036098787568274,0.0025382337372636815,0.08118295458386696,0.6952780839519335,0.8036098787568273,0.0,0.0
2201,2,54,2,M,1,0.3022559702793309,0.18984588768070101,0.62,0.18984588768070101,0.0026502074375587686,0.08118295458386696,0.3022559702793309,0.18984588768070101,0.0,0.0
2202,2,54,2,M,2,0.9045776924053305,0.8355578696200378,0.88,0.8355578696200378,0.0025382337372636676,0.08118295458386696,0.9045776924053305,0.8355578696200378,0.0,0.0
2203,2,54,2,M,3,0.09316842748904232,0.16749067387120303,0.12,0.16749067387120303,0.002521861674917067,0.08118295458386696,0.09316842748904229,0.167490673871203,0.0,0.0
2204,2,55,2,M,0,0.6952780839519335,0.8036098787568273,0.12,0.8036098787568273,0.0025382337372636815,0.08118295458386696,0.6952780839519336,0.8036098787568274,0.0,0.0
2205,2,55,2,M,1,0.3022559702793309,0.18984588768070101,0.62,0.18984588768070101,0.0026502074375587686,0.08118295458386696,0.3022559702793309,0.18984588768070101,0.0,0.0
2206,2,55,2,M,2,0.9045776924053305,0.8355578696200378,0.88,0.8355578696200378,0.0025382337372636676,0.08118295458386696,0.9045776924053305,0.8355578696200378,0.0,0.0
2207,2,55,2,M,3,0.09316842748904229,0.167490673871203,0.12,0.167490673871203,0.002521861674917067,0.08118295458386696,0.09316842748904232,0.16749067387120303,0.0,0.0
2208,2,56,3,M,0,0.6952780839519336,0.8036098787568274,0.12,0.8036098787568274,0.0025382337372636815,0.08118295458386696,0.6952780839519335,0.8036098787568273,0.0,0.0
2209,2,56,3,M,1,0.3022559702793309,0.18984588768070101,0.62,0.18984588768070101,0.0026502074375587686,0.08118295458386696,0.3022559702793309,0.18984588768070101,0.0,0.0
2210,2,56,3,M,2,0.9045776924053305,0.8355578696200378,0.88,0.8355578696200378,0.0025382337372636676,0.08118295458386696,0.9045776924053305,0.8355578696200378,0.0,0.0
2211,2,56,3,M,3,0.09316842748904232,0.16749067387120303,0.12,0.16749067387120303,0.002521861674917067,0.08118295458386696,0.09316842748904229,0.167490673871203,0.0,0.0
2212,2,57,3,M,0,0.62,0.9,0.38,0.9,0.0023291556345714504,0.08118295458386696,0.7050754556288661,0.7945928750848918,1.0,1.0
2213,2,57,3,M,1,0.9,0.1,0.62,0.1,0.0020471915538588376,0.08118295458386696,0.30063621602804447,0.19112162385891696,1.0,1.0
2214,2,57,3,M,2,0.9,0.38,0.88,0.38,0.002196805067345445,0.08118295458386696,0.9046212460614141,0.825949768013325,1.0,1.0
2215,2,57,3,M,3,0.1,0.38,0.1,0.38,0.0023663740217186036,0.08118295458386696,0.09285439900279606,0.16054417892825765,1.0,1.0
2216,2,58,3,M,0,0.38,0.9,0.1,0.9,0.0019779490574269726,0.08118295458386696,0.7154683170975004,0.7926066886333087,1.0,1.0
2217,2,58,3,M,1,0.38,0.12,0.62,0.12,0.0018258644936548218,0.08118295458386696,0.31066426748678444,0.18882626444538203,1.0,1.0
2218,2,58,3,M,2,0.9,0.64,0.9,0.64,0.0018902070300164525,0.08118295458386696,0.9064778888213336,0.833452927781399,1.0,1.0
2219,2,58,3,M,3,0.1,0.1,0.1,0.1,0.0018107170491345193,0.08118295458386696,0.09464012038730198,0.1617925777779602,1.0,1.0
2220,2,59,3,M,0,0.12,0.88,0.64,0.88,0.0007490857097680603,0.08118295458386696,0.6903149670304911,0.8027921167347205,1.0,1.0
2221,2,59,3,M,1,0.62,0.12,0.64,0.12,0.0007649895292152625,0.08118295458386696,0.321055518579252,0.1878254250431693,1.0,1.0
2222,2,59,3,M,2,0.9,0.88,0.9,0.88,0.0004940581922104337,0.08118295458386696,0.9063580500678311,0.844452120697256,1.0,1.0
2223,2,59,3,M,3,0.1,0.64,0.1,0.64,0.0004922387123834499,0.08118295458386696,0.09694264461685527,0.16305755315304396,1.0,1.0
2224,2,60,3,M,0,0.6903149670304911,0.8027921167347205,0.64,0.8027921167347205,0.0007490857097680603,0.08118295458386696,0.6792185581317821,0.8049455926647197,0.0,0.0
2225,2,60,3,M,1,0.321055518579252,0.1878254250431693,0.64,0.1878254250431693,0.0007649895292152625,0.08118295458386696,0.3287596610633424,0.18642797412876808,0.0,0.0
2226,2,60,3,M,2,0.9063580500678311,0.844452120697256,0.9,0.844452120697256,0.0004940581922104337,0.08118295458386696,0.9021133735317042,0.8420345139636308,0.0,0.0
2227,2,60,3,M,3,0.09694264461685527,0.16305755315304396,0.1,0.16305755315304396,0.0004922387123834499,0.08118295458386696,0.09976084616702188,0.16386580920186775,0.0,0.0
2228,2,61,3,M,0,0.6792185581317821,0.8049455926647197,0.64,0.8049455926647197,0.0007490857097680603,0.08118295458386696,0.6723636715194423,0.8086096145710701,0.0,0.0
2229,2,61,3,M,1,0.3287596610633424,0.18642797412876808,0.64,0.18642797412876808,0.0007649895292152625,0.08118295458386696,0.3343721888758251,0.1849830560489397,0.0,0.0
2230,2,61,3,M,2,0.9021133735317042,0.8420345139636308,0.9,0.8420345139636308,0.0004940581922104337,0.08118295458386696,0.8998800192638934,0.8394190991105196,0.0,0.0
2231,2,61,3,M,3,0.09976084616702188,0.16386580920186775,0.1,0.16386580920186775,0.0004922387123834499,0.08118295458386696,0.10191762959814404,0.16480022995688576,0.0,0.0
2232,2,62,3,M,0,0.6723636715194423,0.8086096145710701,0.64,0.8086096145710701,0.0007490857097680603,0.08118295458386696,0.6672604937838031,0.8120231570417626,0.0,0.0
2233,2,62,3,M,1,0.3343721888758251,0.1849830560489397,0.64,0.1849830560489397,0.0007649895292152625,0.08118295458386696,0.33916469772651864,0.18349402534374198,0.0,0.0
2234,2,62,3,M,2,0.8998800192638934,0.8394190991105196,0.9,0.8394190991105196,0.0004940581922104337,0.08118295458386696,0.8981941076678363,0.8374388971713189,0.0,0.0
2235,2,62,3,M,3,0.10191762959814404,0.16480022995688576,0.1,0.16480022995688576,0.0004922387123834499,0.08118295458386696,0.10365193087440772,0.16573444913893642,0.0,0.0
2236,2,63,3,M,0,0.6672604937838031,0.8120231570417626,0.64,0.8120231570417626,0.0007490857097680603,0.08118295458386696,0.6632286298752038,0.8150394978752922,0.0,0.0
2237,2,63,3,M,1,0.33916469772651864,0.18349402534374198,0.64,0.18349402534374198,0.0007649895292152625,0.08118295458386696,0.3426382160462353,0.18248956526438828,0.0,0.0
2238,2,63,3,M,2,0.8981941076678363,0.8374388971713189,0.9,0.8374388971713189,0.0004940581922104337,0.08118295458386696,0.8967986571772558,0.8358867888179953,0.0,0.0
2239,2,63,3,M,3,0.10365193087440772,0.16573444913893642,0.1,0.16573444913893642,0.0004922387123834499,0.08118295458386696,0.10485174951960213,0.16639327225819794,0.0,0.0
2240,2,64,3,M,0,0.6632286298752038,0.8150394978752922,0.64,0.8150394978752922,0.0007490857097680603,0.08118295458386696,0.6605614321327666,0.8171504937628989,0.0,0.0
2241,2,64,3,M,1,0.3426382160462353,0.18248956526438828,0.64,0.18248956526438828,0.0007649895292152625,0.08118295458386696,0.34514247201860254,0.18125885559673915,0.0,0.0
2242,2,64,3,M,2,0.8967986571772558,0.8358867888179953,0.9,0.8358867888179953,0.0004940581922104337,0.08118295458386696,0.895823644260093,0.8347701254280356,0.0,0.0
2243,2,64,3,M,3,0.10485174951960213,0.16639327225819794,0.1,0.16639327225819794,0.0004922387123834499,0.08118295458386696,0.10580203971538577,0.16707203757500494,0.0,0.0
2244,2,65,3,M,0,0.6605614321327666,0.8171504937628989,0.64,0.8171504937628989,0.0007490857097680603,0.08118295458386696,0.6580674249157633,0.8192557296885822,0.0,0.0
2245,2,65,3,M,1,0.34514247201860254,0.18125885559673915,0.64,0.18125885559673915,0.0007649895292152625,0.08118295458386696,0.3478529864632134,0.17983222818929764,0.0,0.0
2246,2,65,3,M,2,0.895823644260093,0.8347701254280356,0.9,0.8347701254280356,0.0004940581922104337,0.08118295458386696,0.895101890145527,0.833993668090565,0.0,0.0
2247,2,65,3,M,3,0.10580203971538577,0.16707203757500494,0.1,0.16707203757500494,0.0004922387123834499,0.08118295458386696,0.10653117798904103,0.16773297232050283,0.0,0.0
2248,2,66,3,M,0,0.6580674249157633,0.8192557296885822,0.64,0.8192557296885822,0.0007490857097680603,0.08118295458386696,0.6555774714293167,0.8203257814970963,0.0,0.0
2249,2,66,3,M,1,0.3478529864632134,0.17983222818929764,0.64,0.17983222818929764,0.0007649895292152625,0.08118295458386696,0.3493781712281636,0.17830042577372032,0.0,0.0
2250,2,66,3,M,2,0.895101890145527,0.833993668090565,0.9,0.833993668090565,0.0004940581922104337,0.08118295458386696,0.8941767241358038,0.8334025453890676,0.0,0.0
2251,2,66,3,M,3,0.10653117798904103,0.16773297232050283,0.1,0.16773297232050283,0.0004922387123834499,0.08118295458386696,0.10705659620468544,0.16836780367480897,0.0,0.0
2252,2,67,3,M,0,0.6555774714293167,0.8203257814970963,0.64,0.8203257814970963,0.0007490857097680603,0.08118295458386696,0.6535695497340654,0.8217563029734032,0.0,0.0
2253,2,67,3,M,1,0.3493781712281636,0.17830042577372032,0.64,0.17830042577372032,0.0007649895292152625,0.08118295458386696,0.3507113676667735,0.17656429998909243,0.0,0.0
2254,2,67,3,M,2,0.8941767241358038,0.8334025453890676,0.9,0.8334025453890676,0.0004940581922104337,0.08118295458386696,0.8934530700198887,0.8326812850565835,0.0,0.0
2255,2,67,3,M,3,0.10705659620468544,0.16836780367480897,0.1,0.16836780367480897,0.0004922387123834499,0.08118295458386696,0.10755401378534231,0.16907828970798455,0.0,0.0
2256,2,68,3,M,0,0.6535695497340654,0.8217563029734032,0.64,0.8217563029734032,0.0007490857097680603,0.08118295458386696,0.6521205788054024,0.8230271928555292,0.0,0.0
2257,2,68,3,M,1,0.3507113676667735,0.17656429998909243,0.64,0.17656429998909243,0.0007649895292152625,0.08118295458386696,0.3517132248189583,0.17476861565475776,0.0,0.0
2258,2,68,3,M,2,0.8934530700198887,0.8326812850565835,0.9,0.8326812850565835,0.0004940581922104337,0.08118295458386696,0.8929375625127324,0.8320882981077606,0.0,0.0
2259,2,68,3,M,3,0.10755401378534231,0.16907828970798455,0.1,0.16907828970798455,0.0004922387123834499,0.08118295458386696,0.10790643481651185,0.16981171292355063,0.0,0.0
2260,2,69,3,M,0,0.6521205788054024,0.8230271928555292,0.64,0.8230271928555292,0.0007490857097680603,0.08118295458386696,0.6506926942031637,0.8246350225558069,0.0,0.0
2261,2,69,3,M,1,0.3517132248189583,0.17476861565475776,0.64,0.17476861565475776,0.0007649895292152625,0.08118295458386696,0.35214472173141076,0.17344727186735587,0.0,0.0
2262,2,69,3,M,2,0.8929375625127324,0.8320882981077606,0.9,0.8320882981077606,0.0004940581922104337,0.08118295458386696,0.8924490766764465,0.8313551721771042,0.0,0.0
2263,2,69,3,M,3,0.10790643481651185,0.16981171292355063,0.1,0.16981171292355063,0.0004922387123834499,0.08118295458386696,0.10807009431217864,0.17030919264883124,0.0,0.0
2264,2,70,3,M,0,0.6506926942031637,0.8246350225558069,0.64,0.8246350225558069,0.0007490857097680603,0.08118295458386696,0.6495668786437483,0.8264935895244359,0.0,0.0
2265,2,70,3,M,1,0.35214472173141076,0.17344727186735587,0.64,0.17344727186735587,0.0007649895292152625,0.08118295458386696,0.3523146160870529,0.17338906910762736,0.0,0.0
2266,2,70,3,M,2,0.8924490766764465,0.8313551721771042,0.9,0.8313551721771042,0.0004940581922104337,0.08118295458386696,0.8921029039300994,0.8306099462607552,0.0,0.0
2267,2,70,3,M,3,0.10807009431217864,0.17030919264883124,0.1,0.17030919264883124,0.0004922387123834499,0.08118295458386696,0.10807009431217865,0.17030919264883124,0.0,0.0
2268,2,71,3,M,0,0.6495668786437483,0.8264935895244359,0.64,0.8264935895244359,0.0007490857097680603,0.08118295458386696,0.6490899632173356,0.8280620386872526,0.0,0.0
2269,2,71,3,M,1,0.3523146160870529,0.17338906910762736,0.64,0.17338906910762736,0.0007649895292152625,0.08118295458386696,0.3523985987068647,0.1735097644559472,0.0,0.0
2270,2,71,3,M,2,0.8921029039300994,0.8306099462607552,0.9,0.8306099462607552,0.0004940581922104337,0.08118295458386696,0.8919297772422187,0.8300207578914204,0.0,0.0
2271,2,71,3,M,3,0.10807009431217865,0.17030919264883124,0.1,0.17030919264883124,0.0004922387123834499,0.08118295458386696,0.10807009431217865,0.17030919264883124,0.0,0.0
2272,2,72,3,M,0,0.6490899632173356,0.8280620386872526,0.64,0.8280620386872526,0.0007490857097680603,0.08118295458386696,0.6490899632173356,0.8280620386872526,0.0,0.0
2273,2,72,3,M,1,0.3523985987068647,0.1735097644559472,0.64,0.1735097644559472,0.0007649895292152625,0.08118295458386696,0.35239859870686463,0.1735097644559472,0.0,0.0
2274,2,72,3,M,2,0.8919297772422187,0.8300207578914204,0.9,0.8300207578914204,0.0004940581922104337,0.08118295458386696,0.8919297772422187,0.8300207578914204,0.0,0.0
2275,2,72,3,M,3,0.10807009431217865,0.17030919264883124,0.1,0.17030919264883124,0.0004922387123834499,0.08118295458386696,0.10807009431217864,0.17030919264883124,0.0,0.0
2276,2,73,3,M,0,0.6490899632173356,0.8280620386872526,0.64,0.8280620386872526,0.0007490857097680603,0.08118295458386696,0.6490899632173356,0.8280620386872526,0.0,0.0
2277,2,73,3,M,1,0.35239859870686463,0.1735097644559472,0.64,0.1735097644559472,0.0007649895292152625,0.08118295458386696,0.3523985987068647,0.1735097644559472,0.0,0.0
2278,2,73,3,M,2,0.8919297772422187,0.8300207578914204,0.9,0.8300207578914204,0.0004940581922104337,0.08118295458386696,0.8919297772422187,0.8300207578914204,0.0,0.0
2279,2,73,3,M,3,0.10807009431217864,0.17030919264883124,0.1,0.17030919264883124,0.0004922387123834499,0.08118295458386696,0.10807009431217865,0.17030919264883124,0.0,0.0
2280,2,74,3,M,0,0.6490899632173356,0.8280620386872526,0.64,0.8280620386872526,0.0007490857097680603,0.08118295458386696,0.6490899632173356,0.8280620386872526,0.0,0.0
2281,2,74,3,M,1,0.3523985987068647,0.1735097644559472,0.64,0.1735097644559472,0.0007649895292152625,0.08118295458386696,0.35239859870686463,0.1735097644559472,0.0,0.0
2282,2,74,3,M,2,0.8919297772422187,0.8300207578914204,0.9,0.8300207578914204,0.0004940581922104337,0.08118295458386696,0.8919297772422187,0.8300207578914204,0.0,0.0
2283,2,74,3,M,3,0.10807009431217865,0.17030919264883124,0.1,0.17030919264883124,0.0004922387123834499,0.08118295458386696,0.10807009431217864,0.17030919264883124,0.0,0.0
2284,2,75,3,M,0,0.6490899632173356,0.8280620386872526,0.64,0.8280620386872526,0.0007490857097680603,0.08118295458386696,0.6490899632173356,0.8280620386872526,0.0,0.0
2285,2,75,3,M,1,0.35239859870686463,0.1735097644559472,0.64,0.1735097644559472,0.0007649895292152625,0.08118295458386696,0.3523985987068647,0.1735097644559472,0.0,0.0
2286,2,75,3,M,2,0.8919297772422187,0.8300207578914204,0.9,0.8300207578914204,0.0004940581922104337,0.08118295458386696,0.8919297772422187,0.8300207578914204,0.0,0.0
2287,2,75,3,M,3,0.10807009431217864,0.17030919264883124,0.1,0.17030919264883124,0.0004922387123834499,0.08118295458386696,0.10807009431217865,0.17030919264883124,0.0,0.0
2288,2,76,3,M,0,0.6490899632173356,0.8280620386872526,0.64,0.8280620386872526,0.0007490857097680603,0.08118295458386696,0.6490899632173356,0.8280620386872526,0.0,0.0
2289,2,76,3,M,1,0.3523985987068647,0.1735097644559472,0.64,0.1735097644559472,0.0007649895292152625,0.08118295458386696,0.35239859870686463,0.1735097644559472,0.0,0.0
2290,2,76,3,M,2,0.8919297772422187,0.8300207578914204,0.9,0.8300207578914204,0.0004940581922104337,0.08118295458386696,0.8919297772422187,0.8300207578914204,0.0,0.0
2291,2,76,3,M,3,0.10807009431217865,0.17030919264883124,0.1,0.17030919264883124,0.0004922387123834499,0.08118295458386696,0.10807009431217864,0.17030919264883124,0.0,0.0
2292,2,77,3,M,0,0.6490899632173356,0.8280620386872526,0.64,0.8280620386872526,0.0007490857097680603,0.08118295458386696,0.6490899632173356,0.8280620386872526,0.0,0.0
2293,2,77,3,M,1,0.35239859870686463,0.1735097644559472,0.64,0.1735097644559472,0.0007649895292152625,0.08118295458386696,0.3523985987068647,0.1735097644559472,0.0,0.0
2294,2,77,3,M,2,0.8919297772422187,0.8300207578914204,0.9,0.8300207578914204,0.0004940581922104337,0.08118295458386696,0.8919297772422187,0.8300207578914204,0.0,0.0
2295,2,77,3,M,3,0.10807009431217864,0.17030919264883124,0.1,0.17030919264883124,0.0004922387123834499,0.08118295458386696,0.10807009431217865,0.17030919264883124,0.0,0.0
2296,2,78,3,M,0,0.6490899632173356,0.8280620386872526,0.64,0.8280620386872526,0.0007490857097680603,0.08118295458386696,0.6490899632173356,0.8280620386872526,0.0,0.0
2297,2,78,3,M,1,0.3523985987068647,0.1735097644559472,0.64,0.1735097644559472,0.0007649895292152625,0.08118295458386696,0.35239859870686463,0.1735097644559472,0.0,0.0
2298,2,78,3,M,2,0.8919297772422187,0.8300207578914204,0.9,0.8300207578914204,0.0004940581922104337,0.08118295458386696,0.8919297772422187,0.8300207578914204,0.0,0.0
2299,2,78,3,M,3,0.10807009431217865,0.17030919264883124,0.1,0.17030919264883124,0.0004922387123834499,0.08118295458386696,0.10807009431217864,0.17030919264883124,0.0,0.0
2300,2,79,3,M,0,0.6490899632173356,0.8280620386872526,0.64,0.8280620386872526,0.0007490857097680603,0.08118295458386696,0.6490899632173356,0.8280620386872526,0.0,0.0
2301,2,79,3,M,1,0.35239859870686463,0.1735097644559472,0.64,0.1735097644559472,0.0007649895292152625,0.08118295458386696,0.3523985987068647,0.1735097644559472,0.0,0.0
2302,2,79,3,M,2,0.8919297772422187,0.8300207578914204,0.9,0.8300207578914204,0.0004940581922104337,0.08118295458386696,0.8919297772422187,0.8300207578914204,0.0,0.0
2303,2,79,3,M,3,0.10807009431217864,0.17030919264883124,0.1,0.17030919264883124,0.0004922387123834499,0.08118295458386696,0.10807009431217865,0.17030919264883124,0.0,0.0
2304,2,80,3,M,0,0.6490899632173356,0.8280620386872526,0.64,0.8280620386872526,0.0007490857097680603,0.08118295458386696,0.6490899632173356,0.8280620386872526,0.0,0.0
2305,2,80,3,M,1,0.3523985987068647,0.1735097644559472,0.64,0.1735097644559472,0.0007649895292152625,0.08118295458386696,0.35239859870686463,0.1735097644559472,0.0,0.0
2306,2,80,3,M,2,0.8919297772422187,0.8300207578914204,0.9,0.8300207578914204,0.0004940581922104337,0.08118295458386696,0.8919297772422187,0.8300207578914204,0.0,0.0
2307,2,80,3,M,3,0.10807009431217865,0.17030919264883124,0.1,0.17030919264883124,0.0004922387123834499,0.08118295458386696,0.10807009431217864,0.17030919264883124,0.0,0.0
2308,2,81,3,M,0,0.6490899632173356,0.8280620386872526,0.64,0.8280620386872526,0.0007490857097680603,0.08118295458386696,0.6490899632173356,0.8280620386872526,0.0,0.0
2309,2,81,3,M,1,0.35239859870686463,0.1735097644559472,0.64,0.1735097644559472,0.0007649895292152625,0.08118295458386696,0.3523985987068647,0.1735097644559472,0.0,0.0
2310,2,81,3,M,2,0.8919297772422187,0.8300207578914204,0.9,0.8300207578914204,0.0004940581922104337,0.08118295458386696,0.8919297772422187,0.8300207578914204,0.0,0.0
2311,2,81,3,M,3,0.10807009431217864,0.17030919264883124,0.1,0.17030919264883124,0.0004922387123834499,0.08118295458386696,0.10807009431217865,0.17030919264883124,0.0,0.0
2312,2,82,3,M,0,0.6490899632173356,0.8280620386872526,0.64,0.8280620386872526,0.0007490857097680603,0.08118295458386696,0.6490899632173356,0.8280620386872526,0.0,0.0
2313,2,82,3,M,1,0.3523985987068647,0.1735097644559472,0.64,0.1735097644559472,0.0007649895292152625,0.08118295458386696,0.35239859870686463,0.1735097644559472,0.0,0.0
2314,2,82,3,M,2,0.8919297772422187,0.8300207578914204,0.9,0.8300207578914204,0.0004940581922104337,0.08118295458386696,0.8919297772422187,0.8300207578914204,0.0,0.0
2315,2,82,3,M,3,0.10807009431217865,0.17030919264883124,0.1,0.17030919264883124,0.0004922387123834499,0.08118295458386696,0.10807009431217864,0.17030919264883124,0.0,0.0
2316,2,83,3,M,0,0.6490899632173356,0.8280620386872526,0.64,0.8280620386872526,0.0007490857097680603,0.08118295458386696,0.6490899632173356,0.8280620386872526,0.0,0.0
2317,2,83,3,M,1,0.35239859870686463,0.1735097644559472,0.64,0.1735097644559472,0.0007649895292152625,0.08118295458386696,0.3523985987068647,0.1735097644559472,0.0,0.0
2318,2,83,3,M,2,0.8919297772422187,0.8300207578914204,0.9,0.8300207578914204,0.0004940581922104337,0.08118295458386696,0.8919297772422187,0.8300207578914204,0.0,0.0
2319,2,83,3,M,3,0.10807009431217864,0.17030919264883124,0.1,0.17030919264883124,0.0004922387123834499,0.08118295458386696,0.10807009431217865,0.17030919264883124,0.0,0.0
2320,2,84,3,M,0,0.6490899632173356,0.8280620386872526,0.64,0.8280620386872526,0.0007490857097680603,0.08118295458386696,0.6490899632173356,0.8280620386872526,0.0,0.0
2321,2,84,3,M,1,0.3523985987068647,0.1735097644559472,0.64,0.1735097644559472,0.0007649895292152625,0.08118295458386696,0.35239859870686463,0.1735097644559472,0.0,0.0
2322,2,84,3,M,2,0.8919297772422187,0.8300207578914204,0.9,0.8300207578914204,0.0004940581922104337,0.08118295458386696,0.8919297772422187,0.8300207578914204,0.0,0.0
2323,2,84,3,M,3,0.10807009431217865,0.17030919264883124,0.1,0.17030919264883124,0.0004922387123834499,0.08118295458386696,0.10807009431217864,0.17030919264883124,0.0,0.0
2324,2,85,3,M,0,0.6490899632173356,0.8280620386872526,0.64,0.8280620386872526,0.0007490857097680603,0.08118295458386696,0.6490899632173356,0.8280620386872526,0.0,0.0
2325,2,85,3,M,1,0.35239859870686463,0.1735097644559472,0.64,0.1735097644559472,0.0007649895292152625,0.08118295458386696,0.3523985987068647,0.1735097644559472,0.0,0.0
2326,2,85,3,M,2,0.8919297772422187,0.8300207578914204,0.9,0.8300207578914204,0.0004940581922104337,0.08118295458386696,0.8919297772422187,0.8300207578914204,0.0,0.0
2327,2,85,3,M,3,0.10807009431217864,0.17030919264883124,0.1,0.17030919264883124,0.0004922387123834499,0.08118295458386696,0.10807009431217865,0.17030919264883124,0.0,0.0
2328,2,86,3,M,0,0.6490899632173356,0.8280620386872526,0.64,0.8280620386872526,0.0007490857097680603,0.08118295458386696,0.6490899632173356,0.8280620386872526,0.0,0.0
2329,2,86,3,M,1,0.3523985987068647,0.1735097644559472,0.64,0.1735097644559472,0.0007649895292152625,0.08118295458386696,0.35239859870686463,0.1735097644559472,0.0,0.0
2330,2,86,3,M,2,0.8919297772422187,0.8300207578914204,0.9,0.8300207578914204,0.0004940581922104337,0.08118295458386696,0.8919297772422187,0.8300207578914204,0.0,0.0
2331,2,86,3,M,3,0.10807009431217865,0.17030919264883124,0.1,0.17030919264883124,0.0004922387123834499,0.08118295458386696,0.10807009431217864,0.17030919264883124,0.0,0.0
2332,2,87,3,M,0,0.6490899632173356,0.8280620386872526,0.64,0.8280620386872526,0.0007490857097680603,0.08118295458386696,0.6490899632173356,0.8280620386872526,0.0,0.0
2333,2,87,3,M,1,0.35239859870686463,0.1735097644559472,0.64,0.1735097644559472,0.0007649895292152625,0.08118295458386696,0.3523985987068647,0.1735097644559472,0.0,0.0
2334,2,87,3,M,2,0.8919297772422187,0.8300207578914204,0.9,0.8300207578914204,0.0004940581922104337,0.08118295458386696,0.8919297772422187,0.8300207578914204,0.0,0.0
2335,2,87,3,M,3,0.10807009431217864,0.17030919264883124,0.1,0.17030919264883124,0.0004922387123834499,0.08118295458386696,0.10807009431217865,0.17030919264883124,0.0,0.0
2336,2,88,3,M,0,0.6490899632173356,0.8280620386872526,0.64,0.8280620386872526,0.0007490857097680603,0.08118295458386696,0.6490899632173356,0.8280620386872526,0.0,0.0
2337,2,88,3,M,1,0.3523985987068647,0.1735097644559472,0.64,0.1735097644559472,0.0007649895292152625,0.08118295458386696,0.35239859870686463,0.1735097644559472,0.0,0.0
2338,2,88,3,M,2,0.8919297772422187,0.8300207578914204,0.9,0.8300207578914204,0.0004940581922104337,0.08118295458386696,0.8919297772422187,0.8300207578914204,0.0,0.0
2339,2,88,3,M,3,0.10807009431217865,0.17030919264883124,0.1,0.17030919264883124,0.0004922387123834499,0.08118295458386696,0.10807009431217864,0.17030919264883124,0.0,0.0
2340,2,89,3,M,0,0.6490899632173356,0.8280620386872526,0.64,0.8280620386872526,0.0007490857097680603,0.08118295458386696,0.6490899632173356,0.8280620386872526,0.0,0.0
2341,2,89,3,M,1,0.35239859870686463,0.1735097644559472,0.64,0.1735097644559472,0.0007649895292152625,0.08118295458386696,0.3523985987068647,0.1735097644559472,0.0,0.0
2342,2,89,3,M,2,0.8919297772422187,0.8300207578914204,0.9,0.8300207578914204,0.0004940581922104337,0.08118295458386696,0.8919297772422187,0.8300207578914204,0.0,0.0
2343,2,89,3,M,3,0.10807009431217864,0.17030919264883124,0.1,0.17030919264883124,0.0004922387123834499,0.08118295458386696,0.10807009431217865,0.17030919264883124,0.0,0.0
2344,2,90,3,M,0,0.6490899632173356,0.8280620386872526,0.64,0.8280620386872526,0.0007490857097680603,0.08118295458386696,0.6490899632173356,0.8280620386872526,0.0,0.0
2345,2,90,3,M,1,0.3523985987068647,0.1735097644559472,0.64,0.1735097644559472,0.0007649895292152625,0.08118295458386696,0.35239859870686463,0.1735097644559472,0.0,0.0
2346,2,90,3,M,2,0.8919297772422187,0.8300207578914204,0.9,0.8300207578914204,0.0004940581922104337,0.08118295458386696,0.8919297772422187,0.8300207578914204,0.0,0.0
2347,2,90,3,M,3,0.10807009431217865,0.17030919264883124,0.1,0.17030919264883124,0.0004922387123834499,0.08118295458386696,0.10807009431217864,0.17030919264883124,0.0,0.0
2348,2,91,3,M,0,0.6490899632173356,0.8280620386872526,0.64,0.8280620386872526,0.0007490857097680603,0.08118295458386696,0.6490899632173356,0.8280620386872526,0.0,0.0
2349,2,91,3,M,1,0.35239859870686463,0.1735097644559472,0.64,0.1735097644559472,0.0007649895292152625,0.08118295458386696,0.3523985987068647,0.1735097644559472,0.0,0.0
2350,2,91,3,M,2,0.8919297772422187,0.8300207578914204,0.9,0.8300207578914204,0.0004940581922104337,0.08118295458386696,0.8919297772422187,0.8300207578914204,0.0,0.0
2351,2,91,3,M,3,0.10807009431217864,0.17030919264883124,0.1,0.17030919264883124,0.0004922387123834499,0.08118295458386696,0.10807009431217865,0.17030919264883124,0.0,0.0
2352,2,92,3,M,0,0.6490899632173356,0.8280620386872526,0.64,0.8280620386872526,0.0007490857097680603,0.08118295458386696,0.6490899632173356,0.8280620386872526,0.0,0.0
2353,2,92,3,M,1,0.3523985987068647,0.1735097644559472,0.64,0.1735097644559472,0.0007649895292152625,0.08118295458386696,0.35239859870686463,0.1735097644559472,0.0,0.0
2354,2,92,3,M,2,0.8919297772422187,0.8300207578914204,0.9,0.8300207578914204,0.0004940581922104337,0.08118295458386696,0.8919297772422187,0.8300207578914204,0.0,0.0
2355,2,92,3,M,3,0.10807009431217865,0.17030919264883124,0.1,0.17030919264883124,0.0004922387123834499,0.08118295458386696,0.10807009431217864,0.17030919264883124,0.0,0.0
2356,2,93,3,M,0,0.6490899632173356,0.8280620386872526,0.64,0.8280620386872526,0.0007490857097680603,0.08118295458386696,0.6490899632173356,0.8280620386872526,0.0,0.0
2357,2,93,3,M,1,0.35239859870686463,0.1735097644559472,0.64,0.1735097644559472,0.0007649895292152625,0.08118295458386696,0.3523985987068647,0.1735097644559472,0.0,0.0
2358,2,93,3,M,2,0.8919297772422187,0.8300207578914204,0.9,0.8300207578914204,0.0004940581922104337,0.08118295458386696,0.8919297772422187,0.8300207578914204,0.0,0.0
2359,2,93,3,M,3,0.10807009431217864,0.17030919264883124,0.1,0.17030919264883124,0.0004922387123834499,0.08118295458386696,0.10807009431217865,0.17030919264883124,0.0,0.0
2360,2,94,3,M,0,0.6490899632173356,0.8280620386872526,0.64,0.8280620386872526,0.0007490857097680603,0.08118295458386696,0.6490899632173356,0.8280620386872526,0.0,0.0
2361,2,94,3,M,1,0.3523985987068647,0.1735097644559472,0.64,0.1735097644559472,0.0007649895292152625,0.08118295458386696,0.35239859870686463,0.1735097644559472,0.0,0.0
2362,2,94,3,M,2,0.8919297772422187,0.8300207578914204,0.9,0.8300207578914204,0.0004940581922104337,0.08118295458386696,0.8919297772422187,0.8300207578914204,0.0,0.0
2363,2,94,3,M,3,0.10807009431217865,0.17030919264883124,0.1,0.17030919264883124,0.0004922387123834499,0.08118295458386696,0.10807009431217864,0.17030919264883124,0.0,0.0
2364,2,95,3,M,0,0.6490899632173356,0.8280620386872526,0.64,0.8280620386872526,0.0007490857097680603,0.08118295458386696,0.6490899632173356,0.8280620386872526,0.0,0.0
2365,2,95,3,M,1,0.35239859870686463,0.1735097644559472,0.64,0.1735097644559472,0.0007649895292152625,0.08118295458386696,0.3523985987068647,0.1735097644559472,0.0,0.0
2366,2,95,3,M,2,0.8919297772422187,0.8300207578914204,0.9,0.8300207578914204,0.0004940581922104337,0.08118295458386696,0.8919297772422187,0.8300207578914204,0.0,0.0
2367,2,95,3,M,3,0.10807009431217864,0.17030919264883124,0.1,0.17030919264883124,0.0004922387123834499,0.08118295458386696,0.10807009431217865,0.17030919264883124,0.0,0.0
2368,2,96,3,M,0,0.6490899632173356,0.8280620386872526,0.64,0.8280620386872526,0.0007490857097680603,0.08118295458386696,0.6490899632173356,0.8280620386872526,0.0,0.0
2369,2,96,3,M,1,0.3523985987068647,0.1735097644559472,0.64,0.1735097644559472,0.0007649895292152625,0.08118295458386696,0.35239859870686463,0.1735097644559472,0.0,0.0
2370,2,96,3,M,2,0.8919297772422187,0.8300207578914204,0.9,0.8300207578914204,0.0004940581922104337,0.08118295458386696,0.8919297772422187,0.8300207578914204,0.0,0.0
2371,2,96,3,M,3,0.10807009431217865,0.17030919264883124,0.1,0.17030919264883124,0.0004922387123834499,0.08118295458386696,0.10807009431217864,0.17030919264883124,0.0,0.0
2372,2,97,3,M,0,0.6490899632173356,0.8280620386872526,0.64,0.8280620386872526,0.0007490857097680603,0.08118295458386696,0.6490899632173356,0.8280620386872526,0.0,0.0
2373,2,97,3,M,1,0.35239859870686463,0.1735097644559472,0.64,0.1735097644559472,0.0007649895292152625,0.08118295458386696,0.3523985987068647,0.1735097644559472,0.0,0.0
2374,2,97,3,M,2,0.8919297772422187,0.8300207578914204,0.9,0.8300207578914204,0.0004940581922104337,0.08118295458386696,0.8919297772422187,0.8300207578914204,0.0,0.0
2375,2,97,3,M,3,0.10807009431217864,0.17030919264883124,0.1,0.17030919264883124,0.0004922387123834499,0.08118295458386696,0.10807009431217865,0.17030919264883124,0.0,0.0
2376,2,98,3,M,0,0.6490899632173356,0.8280620386872526,0.64,0.8280620386872526,0.0007490857097680603,0.08118295458386696,0.6490899632173356,0.8280620386872526,0.0,0.0
2377,2,98,3,M,1,0.3523985987068647,0.1735097644559472,0.64,0.1735097644559472,0.0007649895292152625,0.08118295458386696,0.35239859870686463,0.1735097644559472,0.0,0.0
2378,2,98,3,M,2,0.8919297772422187,0.8300207578914204,0.9,0.8300207578914204,0.0004940581922104337,0.08118295458386696,0.8919297772422187,0.8300207578914204,0.0,0.0
2379,2,98,3,M,3,0.10807009431217865,0.17030919264883124,0.1,0.17030919264883124,0.0004922387123834499,0.08118295458386696,0.10807009431217864,0.17030919264883124,0.0,0.0
2380,2,99,3,M,0,0.6490899632173356,0.8280620386872526,0.64,0.8280620386872526,0.0007490857097680603,0.08118295458386696,0.6490899632173356,0.8280620386872526,0.0,0.0
2381,2,99,3,M,1,0.35239859870686463,0.1735097644559472,0.64,0.1735097644559472,0.0007649895292152625,0.08118295458386696,0.3523985987068647,0.1735097644559472,0.0,0.0
2382,2,99,3,M,2,0.8919297772422187,0.8300207578914204,0.9,0.8300207578914204,0.0004940581922104337,0.08118295458386696,0.8919297772422187,0.8300207578914204,0.0,0.0
2383,2,99,3,M,3,0.10807009431217864,0.17030919264883124,0.1,0.17030919264883124,0.0004922387123834499,0.08118295458386696,0.10807009431217865,0.17030919264883124,0.0,0.0
2384,2,100,3,M,0,0.6490899632173356,0.8280620386872526,0.64,0.8280620386872526,0.0007490857097680603,0.08118295458386696,0.6490899632173356,0.8280620386872526,0.0,0.0
2385,2,100,3,M,1,0.3523985987068647,0.1735097644559472,0.64,0.1735097644559472,0.0007649895292152625,0.08118295458386696,0.35239859870686463,0.1735097644559472,0.0,0.0
2386,2,100,3,M,2,0.8919297772422187,0.8300207578914204,0.9,0.8300207578914204,0.0004940581922104337,0.08118295458386696,0.8919297772422187,0.8300207578914204,0.0,0.0
2387,2,100,3,M,3,0.10807009431217865,0.17030919264883124,0.1,0.17030919264883124,0.0004922387123834499,0.08118295458386696,0.10807009431217864,0.17030919264883124,0.0,0.0
2388,2,101,3,M,0,0.6490899632173356,0.8280620386872526,0.64,0.8280620386872526,0.0007490857097680603,0.08118295458386696,0.6490899632173356,0.8280620386872526,0.0,0.0
2389,2,101,3,M,1,0.35239859870686463,0.1735097644559472,0.64,0.1735097644559472,0.0007649895292152625,0.08118295458386696,0.3523985987068647,0.1735097644559472,0.0,0.0
2390,2,101,3,M,2,0.8919297772422187,0.8300207578914204,0.9,0.8300207578914204,0.0004940581922104337,0.08118295458386696,0.8919297772422187,0.8300207578914204,0.0,0.0
2391,2,101,3,M,3,0.10807009431217864,0.17030919264883124,0.1,0.17030919264883124,0.0004922387123834499,0.08118295458386696,0.10807009431217865,0.17030919264883124,0.0,0.0
2392,2,102,3,M,0,0.6490899632173356,0.8280620386872526,0.64,0.8280620386872526,0.0007490857097680603,0.08118295458386696,0.6490899632173356,0.8280620386872526,0.0,0.0
2393,2,102,3,M,1,0.3523985987068647,0.1735097644559472,0.64,0.1735097644559472,0.0007649895292152625,0.08118295458386696,0.35239859870686463,0.1735097644559472,0.0,0.0
2394,2,102,3,M,2,0.8919297772422187,0.8300207578914204,0.9,0.8300207578914204,0.0004940581922104337,0.08118295458386696,0.8919297772422187,0.8300207578914204,0.0,0.0
2395,2,102,3,M,3,0.10807009431217865,0.17030919264883124,0.1,0.17030919264883124,0.0004922387123834499,0.08118295458386696,0.10807009431217864,0.17030919264883124,0.0,0.0
2396,2,103,3,M,0,0.6490899632173356,0.8280620386872526,0.64,0.8280620386872526,0.0007490857097680603,0.08118295458386696,0.6490899632173356,0.8280620386872526,0.0,0.0
2397,2,103,3,M,1,0.35239859870686463,0.1735097644559472,0.64,0.1735097644559472,0.0007649895292152625,0.08118295458386696,0.3523985987068647,0.1735097644559472,0.0,0.0
2398,2,103,3,M,2,0.8919297772422187,0.8300207578914204,0.9,0.8300207578914204,0.0004940581922104337,0.08118295458386696,0.8919297772422187,0.8300207578914204,0.0,0.0
2399,2,103,3,M,3,0.10807009431217864,0.17030919264883124,0.1,0.17030919264883124,0.0004922387123834499,0.08118295458386696,0.10807009431217865,0.17030919264883124,0.0,0.0
2400,2,104,3,M,0,0.6490899632173356,0.8280620386872526,0.64,0.8280620386872526,0.0007490857097680603,0.08118295458386696,0.6490899632173356,0.8280620386872526,0.0,0.0
2401,2,104,3,M,1,0.3523985987068647,0.1735097644559472,0.64,0.1735097644559472,0.0007649895292152625,0.08118295458386696,0.35239859870686463,0.1735097644559472,0.0,0.0
2402,2,104,3,M,2,0.8919297772422187,0.8300207578914204,0.9,0.8300207578914204,0.0004940581922104337,0.08118295458386696,0.8919297772422187,0.8300207578914204,0.0,0.0
2403,2,104,3,M,3,0.10807009431217865,0.17030919264883124,0.1,0.17030919264883124,0.0004922387123834499,0.08118295458386696,0.10807009431217864,0.17030919264883124,0.0,0.0
2404,2,105,3,M,0,0.6490899632173356,0.8280620386872526,0.64,0.8280620386872526,0.0007490857097680603,0.08118295458386696,0.6490899632173356,0.8280620386872526,0.0,0.0
2405,2,105,3,M,1,0.35239859870686463,0.1735097644559472,0.64,0.1735097644559472,0.0007649895292152625,0.08118295458386696,0.3523985987068647,0.1735097644559472,0.0,0.0
2406,2,105,3,M,2,0.8919297772422187,0.8300207578914204,0.9,0.8300207578914204,0.0004940581922104337,0.08118295458386696,0.8919297772422187,0.8300207578914204,0.0,0.0
2407,2,105,3,M,3,0.10807009431217864,0.17030919264883124,0.1,0.17030919264883124,0.0004922387123834499,0.08118295458386696,0.10807009431217865,0.17030919264883124,0.0,0.0
2408,2,106,3,M,0,0.6490899632173356,0.8280620386872526,0.64,0.8280620386872526,0.0007490857097680603,0.08118295458386696,0.6490899632173356,0.8280620386872526,0.0,0.0
2409,2,106,3,M,1,0.3523985987068647,0.1735097644559472,0.64,0.1735097644559472,0.0007649895292152625,0.08118295458386696,0.35239859870686463,0.1735097644559472,0.0,0.0
2410,2,106,3,M,2,0.8919297772422187,0.8300207578914204,0.9,0.8300207578914204,0.0004940581922104337,0.08118295458386696,0.8919297772422187,0.8300207578914204,0.0,0.0
2411,2,106,3,M,3,0.10807009431217865,0.17030919264883124,0.1,0.17030919264883124,0.0004922387123834499,0.08118295458386696,0.10807009431217864,0.17030919264883124,0.0,0.0
2412,2,107,3,M,0,0.6490899632173356,0.8280620386872526,0.64,0.8280620386872526,0.0007490857097680603,0.08118295458386696,0.6490899632173356,0.8280620386872526,0.0,0.0
2413,2,107,3,M,1,0.35239859870686463,0.1735097644559472,0.64,0.1735097644559472,0.0007649895292152625,0.08118295458386696,0.3523985987068647,0.1735097644559472,0.0,0.0
2414,2,107,3,M,2,0.8919297772422187,0.8300207578914204,0.9,0.8300207578914204,0.0004940581922104337,0.08118295458386696,0.8919297772422187,0.8300207578914204,0.0,0.0
2415,2,107,3,M,3,0.10807009431217864,0.17030919264883124,0.1,0.17030919264883124,0.0004922387123834499,0.08118295458386696,0.10807009431217865,0.17030919264883124,0.0,0.0
2416,2,108,3,M,0,0.6490899632173356,0.8280620386872526,0.64,0.8280620386872526,0.0007490857097680603,0.08118295458386696,0.6490899632173356,0.8280620386872526,0.0,0.0
2417,2,108,3,M,1,0.3523985987068647,0.1735097644559472,0.64,0.1735097644559472,0.0007649895292152625,0.08118295458386696,0.35239859870686463,0.1735097644559472,0.0,0.0
2418,2,108,3,M,2,0.8919297772422187,0.8300207578914204,0.9,0.8300207578914204,0.0004940581922104337,0.08118295458386696,0.8919297772422187,0.8300207578914204,0.0,0.0
2419,2,108,3,M,3,0.10807009431217865,0.17030919264883124,0.1,0.17030919264883124,0.0004922387123834499,0.08118295458386696,0.10807009431217864,0.17030919264883124,0.0,0.0
2420,2,109,3,M,0,0.6490899632173356,0.8280620386872526,0.64,0.8280620386872526,0.0007490857097680603,0.08118295458386696,0.6490899632173356,0.8280620386872526,0.0,0.0
2421,2,109,3,M,1,0.35239859870686463,0.1735097644559472,0.64,0.1735097644559472,0.0007649895292152625,0.08118295458386696,0.3523985987068647,0.1735097644559472,0.0,0.0
2422,2,109,3,M,2,0.8919297772422187,0.8300207578914204,0.9,0.8300207578914204,0.0004940581922104337,0.08118295458386696,0.8919297772422187,0.8300207578914204,0.0,0.0
2423,2,109,3,M,3,0.10807009431217864,0.17030919264883124,0.1,0.17030919264883124,0.0004922387123834499,0.08118295458386696,0.10807009431217865,0.17030919264883124,0.0,0.0
2424,2,110,3,M,0,0.6490899632173356,0.8280620386872526,0.64,0.8280620386872526,0.0007490857097680603,0.08118295458386696,0.6490899632173356,0.8280620386872526,0.0,0.0
2425,2,110,3,M,1,0.3523985987068647,0.1735097644559472,0.64,0.1735097644559472,0.0007649895292152625,0.08118295458386696,0.35239859870686463,0.1735097644559472,0.0,0.0
2426,2,110,3,M,2,0.8919297772422187,0.8300207578914204,0.9,0.8300207578914204,0.0004940581922104337,0.08118295458386696,0.8919297772422187,0.8300207578914204,0.0,0.0
2427,2,110,3,M,3,0.10807009431217865,0.17030919264883124,0.1,0.17030919264883124,0.0004922387123834499,0.08118295458386696,0.10807009431217864,0.17030919264883124,0.0,0.0
2428,2,111,3,M,0,0.6490899632173356,0.8280620386872526,0.64,0.8280620386872526,0.0007490857097680603,0.08118295458386696,0.6490899632173356,0.8280620386872526,0.0,0.0
2429,2,111,3,M,1,0.35239859870686463,0.1735097644559472,0.64,0.1735097644559472,0.0007649895292152625,0.08118295458386696,0.3523985987068647,0.1735097644559472,0.0,0.0
2430,2,111,3,M,2,0.8919297772422187,0.8300207578914204,0.9,0.8300207578914204,0.0004940581922104337,0.08118295458386696,0.8919297772422187,0.8300207578914204,0.0,0.0
2431,2,111,3,M,3,0.10807009431217864,0.17030919264883124,0.1,0.17030919264883124,0.0004922387123834499,0.08118295458386696,0.10807009431217865,0.17030919264883124,0.0,0.0
2432,2,112,3,M,0,0.6490899632173356,0.8280620386872526,0.64,0.8280620386872526,0.0007490857097680603,0.08118295458386696,0.6490899632173356,0.8280620386872526,0.0,0.0
2433,2,112,3,M,1,0.3523985987068647,0.1735097644559472,0.64,0.1735097644559472,0.0007649895292152625,0.08118295458386696,0.35239859870686463,0.1735097644559472,0.0,0.0
2434,2,112,3,M,2,0.8919297772422187,0.8300207578914204,0.9,0.8300207578914204,0.0004940581922104337,0.08118295458386696,0.8919297772422187,0.8300207578914204,0.0,0.0
2435,2,112,3,M,3,0.10807009431217865,0.17030919264883124,0.1,0.17030919264883124,0.0004922387123834499,0.08118295458386696,0.10807009431217864,0.17030919264883124,0.0,0.0
2436,2,113,3,M,0,0.6490899632173356,0.8280620386872526,0.64,0.8280620386872526,0.0007490857097680603,0.08118295458386696,0.6490899632173356,0.8280620386872526,0.0,0.0
2437,2,113,3,M,1,0.35239859870686463,0.1735097644559472,0.64,0.1735097644559472,0.0007649895292152625,0.08118295458386696,0.3523985987068647,0.1735097644559472,0.0,0.0
2438,2,113,3,M,2,0.8919297772422187,0.8300207578914204,0.9,0.8300207578914204,0.0004940581922104337,0.08118295458386696,0.8919297772422187,0.8300207578914204,0.0,0.0
2439,2,113,3,M,3,0.10807009431217864,0.17030919264883124,0.1,0.17030919264883124,0.0004922387123834499,0.08118295458386696,0.10807009431217865,0.17030919264883124,0.0,0.0
2440,2,114,3,M,0,0.6490899632173356,0.8280620386872526,0.64,0.8280620386872526,0.0007490857097680603,0.08118295458386696,0.6490899632173356,0.8280620386872526,0.0,0.0
2441,2,114,3,M,1,0.3523985987068647,0.1735097644559472,0.64,0.1735097644559472,0.0007649895292152625,0.08118295458386696,0.35239859870686463,0.1735097644559472,0.0,0.0
2442,2,114,3,M,2,0.8919297772422187,0.8300207578914204,0.9,0.8300207578914204,0.0004940581922104337,0.08118295458386696,0.8919297772422187,0.8300207578914204,0.0,0.0
2443,2,114,3,M,3,0.10807009431217865,0.17030919264883124,0.1,0.17030919264883124,0.0004922387123834499,0.08118295458386696,0.10807009431217864,0.17030919264883124,0.0,0.0
2444,2,115,3,M,0,0.6490899632173356,0.8280620386872526,0.64,0.8280620386872526,0.0007490857097680603,0.08118295458386696,0.6490899632173356,0.8280620386872526,0.0,0.0
2445,2,115,3,M,1,0.35239859870686463,0.1735097644559472,0.64,0.1735097644559472,0.0007649895292152625,0.08118295458386696,0.3523985987068647,0.1735097644559472,0.0,0.0
2446,2,115,3,M,2,0.8919297772422187,0.8300207578914204,0.9,0.8300207578914204,0.0004940581922104337,0.08118295458386696,0.8919297772422187,0.8300207578914204,0.0,0.0
2447,2,115,3,M,3,0.10807009431217864,0.17030919264883124,0.1,0.17030919264883124,0.0004922387123834499,0.08118295458386696,0.10807009431217865,0.17030919264883124,0.0,0.0
2448,2,116,3,M,0,0.6490899632173356,0.8280620386872526,0.64,0.8280620386872526,0.0007490857097680603,0.08118295458386696,0.6490899632173356,0.8280620386872526,0.0,0.0
2449,2,116,3,M,1,0.3523985987068647,0.1735097644559472,0.64,0.1735097644559472,0.0007649895292152625,0.08118295458386696,0.35239859870686463,0.1735097644559472,0.0,0.0
2450,2,116,3,M,2,0.8919297772422187,0.8300207578914204,0.9,0.8300207578914204,0.0004940581922104337,0.08118295458386696,0.8919297772422187,0.8300207578914204,0.0,0.0
2451,2,116,3,M,3,0.10807009431217865,0.17030919264883124,0.1,0.17030919264883124,0.0004922387123834499,0.08118295458386696,0.10807009431217864,0.17030919264883124,0.0,0.0
2452,2,117,3,M,0,0.6490899632173356,0.8280620386872526,0.64,0.8280620386872526,0.0007490857097680603,0.08118295458386696,0.6490899632173356,0.8280620386872526,0.0,0.0
2453,2,117,3,M,1,0.35239859870686463,0.1735097644559472,0.64,0.1735097644559472,0.0007649895292152625,0.08118295458386696,0.3523985987068647,0.1735097644559472,0.0,0.0
2454,2,117,3,M,2,0.8919297772422187,0.8300207578914204,0.9,0.8300207578914204,0.0004940581922104337,0.08118295458386696,0.8919297772422187,0.8300207578914204,0.0,0.0
2455,2,117,3,M,3,0.10807009431217864,0.17030919264883124,0.1,0.17030919264883124,0.0004922387123834499,0.08118295458386696,0.10807009431217865,0.17030919264883124,0.0,0.0
2456,2,118,3,M,0,0.6490899632173356,0.8280620386872526,0.64,0.8280620386872526,0.0007490857097680603,0.08118295458386696,0.6490899632173356,0.8280620386872526,0.0,0.0
2457,2,118,3,M,1,0.3523985987068647,0.1735097644559472,0.64,0.1735097644559472,0.0007649895292152625,0.08118295458386696,0.35239859870686463,0.1735097644559472,0.0,0.0
2458,2,118,3,M,2,0.8919297772422187,0.8300207578914204,0.9,0.8300207578914204,0.0004940581922104337,0.08118295458386696,0.8919297772422187,0.8300207578914204,0.0,0.0
2459,2,118,3,M,3,0.10807009431217865,0.17030919264883124,0.1,0.17030919264883124,0.0004922387123834499,0.08118295458386696,0.10807009431217864,0.17030919264883124,0.0,0.0
2460,2,119,3,M,0,0.6490899632173356,0.8280620386872526,0.64,0.8280620386872526,0.0007490857097680603,0.08118295458386696,0.6490899632173356,0.8280620386872526,0.0,0.0
2461,2,119,3,M,1,0.35239859870686463,0.1735097644559472,0.64,0.1735097644559472,0.0007649895292152625,0.08118295458386696,0.3523985987068647,0.1735097644559472,0.0,0.0
2462,2,119,3,M,2,0.8919297772422187,0.8300207578914204,0.9,0.8300207578914204,0.0004940581922104337,0.08118295458386696,0.8919297772422187,0.8300207578914204,0.0,0.0
2463,2,119,3,M,3,0.10807009431217864,0.17030919264883124,0.1,0.17030919264883124,0.0004922387123834499,0.08118295458386696,0.10807009431217865,0.17030919264883124,0.0,0.0
2464,2,120,4,M,0,0.6490899632173356,0.8280620386872526,0.64,0.8280620386872526,0.0007490857097680603,0.08118295458386696,0.6490899632173356,0.8280620386872526,0.0,0.0
2465,2,120,4,M,1,0.3523985987068647,0.1735097644559472,0.64,0.1735097644559472,0.0007649895292152625,0.08118295458386696,0.35239859870686463,0.1735097644559472,0.0,0.0
2466,2,120,4,M,2,0.8919297772422187,0.8300207578914204,0.9,0.8300207578914204,0.0004940581922104337,0.08118295458386696,0.8919297772422187,0.8300207578914204,0.0,0.0
2467,2,120,4,M,3,0.10807009431217865,0.17030919264883124,0.1,0.17030919264883124,0.0004922387123834499,0.08118295458386696,0.10807009431217864,0.17030919264883124,0.0,0.0
2468,2,121,4,M,0,0.1,1.0,0.64,1.0,0.0007099115524813598,0.08118295458386696,0.6489075084851548,0.828347662740209,1.0,1.0
2469,2,121,4,M,1,0.9,0.0,0.64,0.0,0.0007135073156698257,0.08118295458386696,0.352638026690711,0.1731621266194803,1.0,1.0
2470,2,121,4,M,2,0.9,1.0,1.0,1.0,0.00029703090384580744,0.08118295458386696,0.8919385338453985,0.8299414031822695,1.0,1.0
2471,2,121,4,M,3,0.1,0.0,0.0,0.0,0.0002824524830235403,0.08118295458386696,0.1080617009936372,0.1704829197331204,1.0,1.0
2472,2,122,4,M,0,0.62,0.62,0.36,0.62,0.0005585933327850595,0.08118295458386696,0.6497231422654943,0.8247877380188338,1.0,1.0
2473,2,122,4,M,1,0.64,0.38,0.34,0.38,0.0005038063713243973,0.08118295458386696,0.3471194711228626,0.16957819797282672,1.0,1.0
2474,2,122,4,M,2,0.8919385338453985,0.8299414031822695,1.0,0.8299414031822695,0.0002646633622383765,0.08118295458386696,0.892052329173822,0.8298890606073478,0.0,0.0
2475,2,122,4,M,3,0.1080617009936372,0.1704829197331204,0.0,0.1704829197331204,0.00027633359501777477,0.08118295458386696,0.10798961816930289,0.1705107821130318,0.0,0.0
2476,2,123,4,M,0,0.36,0.64,0.0,0.64,0.0003151008195702715,0.08118295458386696,0.6529232809229735,0.8261879195000489,1.0,1.0
2477,2,123,4,M,1,0.3471194711228626,0.16957819797282672,0.34,0.16957819797282672,0.0002815684999490642,0.08118295458386696,0.34698923364390954,0.1699321938934951,0.0,0.0
2478,2,123,4,M,2,0.892052329173822,0.8298890606073478,1.0,0.8298890606073478,0.0002634139370683436,0.08118295458386696,0.8920878544708332,0.8298309760776365,0.0,0.0
2479,2,123,4,M,3,0.10798961816930289,0.1705107821130318,0.0,0.1705107821130318,0.0002607317313793184,0.08118295458386696,0.10797963587706885,0.17048022653983022,0.0,0.0
2480,2,124,4,M,0,0.6529232809229735,0.8261879195000489,0.0,0.8261879195000489,0.0003151008195702715,0.08118295458386696,0.6531630781535104,0.8264381714761017,0.0,0.0
2481,2,124,4,M,1,0.34698923364390954,0.1699321938934951,0.34,0.1699321938934951,0.0002815684999490642,0.08118295458386696,0.34702168251247983,0.17014863785994067,0.0,0.0
2482,2,124,4,M,2,0.8920878544708332,0.8298309760776365,1.0,0.8298309760776365,0.0002634139370683436,0.08118295458386696,0.892081143885004,0.8298040451546758,0.0,0.0
2483,2,124,4,M,3,0.10797963587706885,0.17048022653983022,0.0,0.17048022653983022,0.0002607317313793184,0.08118295458386696,0.10797998721495214,0.1705282289759121,0.0,0.0
2484,2,125,4,M,0,0.6531630781535104,0.8264381714761017,0.0,0.8264381714761017,0.0003151008195702715,0.08118295458386696,0.6531630781535105,0.8264381714761018,0.0,0.0
2485,2,125,4,M,1,0.34702168251247983,0.17014863785994067,0.34,0.17014863785994067,0.0002815684999490642,0.08118295458386696,0.3470216825124799,0.17014863785994067,0.0,0.0
2486,2,125,4,M,2,0.892081143885004,0.8298040451546758,1.0,0.8298040451546758,0.0002634139370683436,0.08118295458386696,0.892081143885004,0.8298040451546758,0.0,0.0
2487,2,125,4,M,3,0.10797998721495214,0.1705282289759121,0.0,0.1705282289759121,0.0002607317313793184,0.08118295458386696,0.10797998721495217,0.17052822897591213,0.0,0.0
2488,2,126,4,M,0,0.6531630781535105,0.8264381714761018,0.0,0.8264381714761018,0.0003151008195702715,0.08118295458386696,0.6531630781535105,0.8264381714761017,0.0,0.0
2489,2,126,4,M,1,0.3470216825124799,0.17014863785994067,0.34,0.17014863785994067,0.0002815684999490642,0.08118295458386696,0.3470216825124799,0.17014863785994067,0.0,0.0
2490,2,126,4,M,2,0.892081143885004,0.8298040451546758,1.0,0.8298040451546758,0.0002634139370683436,0.08118295458386696,0.892081143885004,0.8298040451546758,0.0,0.0
2491,2,126,4,M,3,0.10797998721495217,0.17052822897591213,0.0,0.17052822897591213,0.0002607317313793184,0.08118295458386696,0.10797998721495215,0.1705282289759121,0.0,0.0
2492,2,127,4,M,0,0.6531630781535105,0.8264381714761017,0.0,0.8264381714761017,0.0003151008195702715,0.08118295458386696,0.6531630781535105,0.8264381714761018,0.0,0.0
2493,2,127,4,M,1,0.3470216825124799,0.17014863785994067,0.34,0.17014863785994067,0.0002815684999490642,0.08118295458386696,0.34702168251247983,0.1701486378599407,0.0,0.0
2494,2,127,4,M,2,0.892081143885004,0.8298040451546758,1.0,0.8298040451546758,0.0002634139370683436,0.08118295458386696,0.892081143885004,0.8298040451546758,0.0,0.0
2495,2,127,4,M,3,0.10797998721495215,0.1705282289759121,0.0,0.1705282289759121,0.0002607317313793184,0.08118295458386696,0.10797998721495215,0.1705282289759121,0.0,0.0
2496,2,128,4,M,0,0.6531630781535105,0.8264381714761018,0.0,0.8264381714761018,0.0003151008195702715,0.08118295458386696,0.6531630781535104,0.8264381714761017,0.0,0.0
2497,2,128,4,M,1,0.34702168251247983,0.1701486378599407,0.34,0.1701486378599407,0.0002815684999490642,0.08118295458386696,0.34702168251247983,0.1701486378599407,0.0,0.0
2498,2,128,4,M,2,0.892081143885004,0.8298040451546758,1.0,0.8298040451546758,0.0002634139370683436,0.08118295458386696,0.892081143885004,0.8298040451546758,0.0,0.0
2499,2,128,4,M,3,0.10797998721495215,0.1705282289759121,0.0,0.1705282289759121,0.0002607317313793184,0.08118295458386696,0.10797998721495215,0.1705282289759121,0.0,0.0
2500,2,129,4,M,0,0.6531630781535104,0.8264381714761017,0.0,0.8264381714761017,0.0003151008195702715,0.08118295458386696,0.6531630781535105,0.8264381714761018,0.0,0.0
2501,2,129,4,M,1,0.34702168251247983,0.1701486378599407,0.34,0.1701486378599407,0.0002815684999490642,0.08118295458386696,0.34702168251247983,0.1701486378599407,0.0,0.0
2502,2,129,4,M,2,0.892081143885004,0.8298040451546758,1.0,0.8298040451546758,0.0002634139370683436,0.08118295458386696,0.892081143885004,0.8298040451546758,0.0,0.0
2503,2,129,4,M,3,0.10797998721495215,0.1705282289759121,0.0,0.1705282289759121,0.0002607317313793184,0.08118295458386696,0.10797998721495217,0.17052822897591213,0.0,0.0
2504,2,130,4,M,0,0.6531630781535105,0.8264381714761018,0.0,0.8264381714761018,0.0003151008195702715,0.08118295458386696,0.6531630781535104,0.8264381714761017,0.0,0.0
2505,2,130,4,M,1,0.34702168251247983,0.1701486378599407,0.34,0.1701486378599407,0.0002815684999490642,0.08118295458386696,0.3470216825124799,0.17014863785994067,0.0,0.0
2506,2,130,4,M,2,0.892081143885004,0.8298040451546758,1.0,0.8298040451546758,0.0002634139370683436,0.08118295458386696,0.892081143885004,0.8298040451546758,0.0,0.0
2507,2,130,4,M,3,0.10797998721495217,0.17052822897591213,0.0,0.17052822897591213,0.0002607317313793184,0.08118295458386696,0.10797998721495215,0.1705282289759121,0.0,0.0
2508,2,131,4,M,0,0.6531630781535104,0.8264381714761017,0.0,0.8264381714761017,0.0003151008195702715,0.08118295458386696,0.6531630781535105,0.8264381714761018,0.0,0.0
2509,2,131,4,M,1,0.3470216825124799,0.17014863785994067,0.34,0.17014863785994067,0.0002815684999490642,0.08118295458386696,0.34702168251247983,0.1701486378599407,0.0,0.0
2510,2,131,4,M,2,0.892081143885004,0.8298040451546758,1.0,0.8298040451546758,0.0002634139370683436,0.08118295458386696,0.892081143885004,0.8298040451546758,0.0,0.0
2511,2,131,4,M,3,0.10797998721495215,0.1705282289759121,0.0,0.1705282289759121,0.0002607317313793184,0.08118295458386696,0.10797998721495215,0.1705282289759121,0.0,0.0
2512,2,132,4,M,0,0.6531630781535105,0.8264381714761018,0.0,0.8264381714761018,0.0003151008195702715,0.08118295458386696,0.6531630781535104,0.8264381714761017,0.0,0.0
2513,2,132,4,M,1,0.34702168251247983,0.1701486378599407,0.34,0.1701486378599407,0.0002815684999490642,0.08118295458386696,0.34702168251247983,0.1701486378599407,0.0,0.0
2514,2,132,4,M,2,0.892081143885004,0.8298040451546758,1.0,0.8298040451546758,0.0002634139370683436,0.08118295458386696,0.892081143885004,0.8298040451546758,0.0,0.0
2515,2,132,4,M,3,0.10797998721495215,0.1705282289759121,0.0,0.1705282289759121,0.0002607317313793184,0.08118295458386696,0.10797998721495215,0.1705282289759121,0.0,0.0
2516,2,133,4,M,0,0.6531630781535104,0.8264381714761017,0.0,0.8264381714761017,0.0003151008195702715,0.08118295458386696,0.6531630781535105,0.8264381714761018,0.0,0.0
2517,2,133,4,M,1,0.34702168251247983,0.1701486378599407,0.34,0.1701486378599407,0.0002815684999490642,0.08118295458386696,0.34702168251247983,0.1701486378599407,0.0,0.0
2518,2,133,4,M,2,0.892081143885004,0.8298040451546758,1.0,0.8298040451546758,0.0002634139370683436,0.08118295458386696,0.892081143885004,0.8298040451546758,0.0,0.0
2519,2,133,4,M,3,0.10797998721495215,0.1705282289759121,0.0,0.1705282289759121,0.0002607317313793184,0.08118295458386696,0.10797998721495217,0.17052822897591213,0.0,0.0
2520,2,134,4,M,0,0.6531630781535105,0.8264381714761018,0.0,0.8264381714761018,0.0003151008195702715,0.08118295458386696,0.6531630781535104,0.8264381714761017,0.0,0.0
2521,2,134,4,M,1,0.34702168251247983,0.1701486378599407,0.34,0.1701486378599407,0.0002815684999490642,0.08118295458386696,0.3470216825124799,0.17014863785994067,0.0,0.0
2522,2,134,4,M,2,0.892081143885004,0.8298040451546758,1.0,0.8298040451546758,0.0002634139370683436,0.08118295458386696,0.892081143885004,0.8298040451546758,0.0,0.0
2523,2,134,4,M,3,0.10797998721495217,0.17052822897591213,0.0,0.17052822897591213,0.0002607317313793184,0.08118295458386696,0.10797998721495215,0.1705282289759121,0.0,0.0
2524,2,135,4,M,0,0.6531630781535104,0.8264381714761017,0.0,0.8264381714761017,0.0003151008195702715,0.08118295458386696,0.6531630781535105,0.8264381714761018,0.0,0.0
2525,2,135,4,M,1,0.3470216825124799,0.17014863785994067,0.34,0.17014863785994067,0.0002815684999490642,0.08118295458386696,0.34702168251247983,0.1701486378599407,0.0,0.0
2526,2,135,4,M,2,0.892081143885004,0.8298040451546758,1.0,0.8298040451546758,0.0002634139370683436,0.08118295458386696,0.892081143885004,0.8298040451546758,0.0,0.0
2527,2,135,4,M,3,0.10797998721495215,0.1705282289759121,0.0,0.1705282289759121,0.0002607317313793184,0.08118295458386696,0.10797998721495215,0.1705282289759121,0.0,0.0
2528,2,136,4,M,0,0.6531630781535105,0.8264381714761018,0.0,0.8264381714761018,0.0003151008195702715,0.08118295458386696,0.6531630781535104,0.8264381714761017,0.0,0.0
2529,2,136,4,M,1,0.34702168251247983,0.1701486378599407,0.34,0.1701486378599407,0.0002815684999490642,0.08118295458386696,0.34702168251247983,0.1701486378599407,0.0,0.0
2530,2,136,4,M,2,0.892081143885004,0.8298040451546758,1.0,0.8298040451546758,0.0002634139370683436,0.08118295458386696,0.892081143885004,0.8298040451546758,0.0,0.0
2531,2,136,4,M,3,0.10797998721495215,0.1705282289759121,0.0,0.1705282289759121,0.0002607317313793184,0.08118295458386696,0.10797998721495215,0.1705282289759121,0.0,0.0
2532,2,137,4,M,0,0.6531630781535104,0.8264381714761017,0.0,0.8264381714761017,0.0003151008195702715,0.08118295458386696,0.6531630781535105,0.8264381714761018,0.0,0.0
2533,2,137,4,M,1,0.34702168251247983,0.1701486378599407,0.34,0.1701486378599407,0.0002815684999490642,0.08118295458386696,0.34702168251247983,0.1701486378599407,0.0,0.0
2534,2,137,4,M,2,0.892081143885004,0.8298040451546758,1.0,0.8298040451546758,0.0002634139370683436,0.08118295458386696,0.892081143885004,0.8298040451546758,0.0,0.0
2535,2,137,4,M,3,0.10797998721495215,0.1705282289759121,0.0,0.1705282289759121,0.0002607317313793184,0.08118295458386696,0.10797998721495217,0.17052822897591213,0.0,0.0
2536,2,138,4,M,0,0.6531630781535105,0.8264381714761018,0.0,0.8264381714761018,0.0003151008195702715,0.08118295458386696,0.6531630781535104,0.8264381714761017,0.0,0.0
2537,2,138,4,M,1,0.34702168251247983,0.1701486378599407,0.34,0.1701486378599407,0.0002815684999490642,0.08118295458386696,0.3470216825124799,0.17014863785994067,0.0,0.0
2538,2,138,4,M,2,0.892081143885004,0.8298040451546758,1.0,0.8298040451546758,0.0002634139370683436,0.08118295458386696,0.892081143885004,0.8298040451546758,0.0,0.0
2539,2,138,4,M,3,0.10797998721495217,0.17052822897591213,0.0,0.17052822897591213,0.0002607317313793184,0.08118295458386696,0.10797998721495215,0.1705282289759121,0.0,0.0
2540,2,139,4,M,0,0.6531630781535104,0.8264381714761017,0.0,0.8264381714761017,0.0003151008195702715,0.08118295458386696,0.6531630781535105,0.8264381714761018,0.0,0.0
2541,2,139,4,M,1,0.3470216825124799,0.17014863785994067,0.34,0.17014863785994067,0.0002815684999490642,0.08118295458386696,0.34702168251247983,0.1701486378599407,0.0,0.0
2542,2,139,4,M,2,0.892081143885004,0.8298040451546758,1.0,0.8298040451546758,0.0002634139370683436,0.08118295458386696,0.892081143885004,0.8298040451546758,0.0,0.0
2543,2,139,4,M,3,0.10797998721495215,0.1705282289759121,0.0,0.1705282289759121,0.0002607317313793184,0.08118295458386696,0.10797998721495215,0.1705282289759121,0.0,0.0
2544,2,140,4,M,0,0.6531630781535105,0.8264381714761018,0.0,0.8264381714761018,0.0003151008195702715,0.08118295458386696,0.6531630781535104,0.8264381714761017,0.0,0.0
2545,2,140,4,M,1,0.34702168251247983,0.1701486378599407,0.34,0.1701486378599407,0.0002815684999490642,0.08118295458386696,0.34702168251247983,0.1701486378599407,0.0,0.0
2546,2,140,4,M,2,0.892081143885004,0.8298040451546758,1.0,0.8298040451546758,0.0002634139370683436,0.08118295458386696,0.892081143885004,0.8298040451546758,0.0,0.0
2547,2,140,4,M,3,0.10797998721495215,0.1705282289759121,0.0,0.1705282289759121,0.0002607317313793184,0.08118295458386696,0.10797998721495215,0.1705282289759121,0.0,0.0
2548,2,141,4,M,0,0.6531630781535104,0.8264381714761017,0.0,0.8264381714761017,0.0003151008195702715,0.08118295458386696,0.6531630781535105,0.8264381714761018,0.0,0.0
2549,2,141,4,M,1,0.34702168251247983,0.1701486378599407,0.34,0.1701486378599407,0.0002815684999490642,0.08118295458386696,0.34702168251247983,0.1701486378599407,0.0,0.0
2550,2,141,4,M,2,0.892081143885004,0.8298040451546758,1.0,0.8298040451546758,0.0002634139370683436,0.08118295458386696,0.892081143885004,0.8298040451546758,0.0,0.0
2551,2,141,4,M,3,0.10797998721495215,0.1705282289759121,0.0,0.1705282289759121,0.0002607317313793184,0.08118295458386696,0.10797998721495217,0.17052822897591213,0.0,0.0
2552,2,142,4,M,0,0.6531630781535105,0.8264381714761018,0.0,0.8264381714761018,0.0003151008195702715,0.08118295458386696,0.6531630781535104,0.8264381714761017,0.0,0.0
2553,2,142,4,M,1,0.34702168251247983,0.1701486378599407,0.34,0.1701486378599407,0.0002815684999490642,0.08118295458386696,0.3470216825124799,0.17014863785994067,0.0,0.0
2554,2,142,4,M,2,0.892081143885004,0.8298040451546758,1.0,0.8298040451546758,0.0002634139370683436,0.08118295458386696,0.892081143885004,0.8298040451546758,0.0,0.0
2555,2,142,4,M,3,0.10797998721495217,0.17052822897591213,0.0,0.17052822897591213,0.0002607317313793184,0.08118295458386696,0.10797998721495215,0.1705282289759121,0.0,0.0
2556,2,143,4,M,0,0.6531630781535104,0.8264381714761017,0.0,0.8264381714761017,0.0003151008195702715,0.08118295458386696,0.6531630781535105,0.8264381714761018,0.0,0.0
2557,2,143,4,M,1,0.3470216825124799,0.17014863785994067,0.34,0.17014863785994067,0.0002815684999490642,0.08118295458386696,0.34702168251247983,0.1701486378599407,0.0,0.0
2558,2,143,4,M,2,0.892081143885004,0.8298040451546758,1.0,0.8298040451546758,0.0002634139370683436,0.08118295458386696,0.892081143885004,0.8298040451546758,0.0,0.0
2559,2,143,4,M,3,0.10797998721495215,0.1705282289759121,0.0,0.1705282289759121,0.0002607317313793184,0.08118295458386696,0.10797998721495215,0.1705282289759121,0.0,0.0
2560,2,144,4,M,0,0.6531630781535105,0.8264381714761018,0.0,0.8264381714761018,0.0003151008195702715,0.08118295458386696,0.6531630781535104,0.8264381714761017,0.0,0.0
2561,2,144,4,M,1,0.34702168251247983,0.1701486378599407,0.34,0.1701486378599407,0.0002815684999490642,0.08118295458386696,0.34702168251247983,0.1701486378599407,0.0,0.0
2562,2,144,4,M,2,0.892081143885004,0.8298040451546758,1.0,0.8298040451546758,0.0002634139370683436,0.08118295458386696,0.892081143885004,0.8298040451546758,0.0,0.0
2563,2,144,4,M,3,0.10797998721495215,0.1705282289759121,0.0,0.1705282289759121,0.0002607317313793184,0.08118295458386696,0.10797998721495215,0.1705282289759121,0.0,0.0
2564,2,145,4,M,0,0.6531630781535104,0.8264381714761017,0.0,0.8264381714761017,0.0003151008195702715,0.08118295458386696,0.6531630781535105,0.8264381714761018,0.0,0.0
2565,2,145,4,M,1,0.34702168251247983,0.1701486378599407,0.34,0.1701486378599407,0.0002815684999490642,0.08118295458386696,0.34702168251247983,0.1701486378599407,0.0,0.0
2566,2,145,4,M,2,0.892081143885004,0.8298040451546758,1.0,0.8298040451546758,0.0002634139370683436,0.08118295458386696,0.892081143885004,0.8298040451546758,0.0,0.0
2567,2,145,4,M,3,0.10797998721495215,0.1705282289759121,0.0,0.1705282289759121,0.0002607317313793184,0.08118295458386696,0.10797998721495217,0.17052822897591213,0.0,0.0
2568,2,146,4,M,0,0.6531630781535105,0.8264381714761018,0.0,0.8264381714761018,0.0003151008195702715,0.08118295458386696,0.6531630781535104,0.8264381714761017,0.0,0.0
2569,2,146,4,M,1,0.34702168251247983,0.1701486378599407,0.34,0.1701486378599407,0.0002815684999490642,0.08118295458386696,0.3470216825124799,0.17014863785994067,0.0,0.0
2570,2,146,4,M,2,0.892081143885004,0.8298040451546758,1.0,0.8298040451546758,0.0002634139370683436,0.08118295458386696,0.892081143885004,0.8298040451546758,0.0,0.0
2571,2,146,4,M,3,0.10797998721495217,0.17052822897591213,0.0,0.17052822897591213,0.0002607317313793184,0.08118295458386696,0.10797998721495215,0.1705282289759121,0.0,0.0
2572,2,147,4,M,0,0.6531630781535104,0.8264381714761017,0.0,0.8264381714761017,0.0003151008195702715,0.08118295458386696,0.6531630781535105,0.8264381714761018,0.0,0.0
2573,2,147,4,M,1,0.3470216825124799,0.17014863785994067,0.34,0.17014863785994067,0.0002815684999490642,0.08118295458386696,0.34702168251247983,0.1701486378599407,0.0,0.0
2574,2,147,4,M,2,0.892081143885004,0.8298040451546758,1.0,0.8298040451546758,0.0002634139370683436,0.08118295458386696,0.892081143885004,0.8298040451546758,0.0,0.0
2575,2,147,4,M,3,0.10797998721495215,0.1705282289759121,0.0,0.1705282289759121,0.0002607317313793184,0.08118295458386696,0.10797998721495215,0.1705282289759121,0.0,0.0
2576,2,148,4,M,0,0.6531630781535105,0.8264381714761018,0.0,0.8264381714761018,0.0003151008195702715,0.08118295458386696,0.6531630781535104,0.8264381714761017,0.0,0.0
2577,2,148,4,M,1,0.34702168251247983,0.1701486378599407,0.34,0.1701486378599407,0.0002815684999490642,0.08118295458386696,0.34702168251247983,0.1701486378599407,0.0,0.0
2578,2,148,4,M,2,0.892081143885004,0.8298040451546758,1.0,0.8298040451546758,0.0002634139370683436,0.08118295458386696,0.892081143885004,0.8298040451546758,0.0,0.0
2579,2,148,4,M,3,0.10797998721495215,0.1705282289759121,0.0,0.1705282289759121,0.0002607317313793184,0.08118295458386696,0.10797998721495215,0.1705282289759121,0.0,0.0
2580,2,149,4,M,0,0.6531630781535104,0.8264381714761017,0.0,0.8264381714761017,0.0003151008195702715,0.08118295458386696,0.6531630781535105,0.8264381714761018,0.0,0.0
2581,2,149,4,M,1,0.34702168251247983,0.1701486378599407,0.34,0.1701486378599407,0.0002815684999490642,0.08118295458386696,0.34702168251247983,0.1701486378599407,0.0,0.0
2582,2,149,4,M,2,0.892081143885004,0.8298040451546758,1.0,0.8298040451546758,0.0002634139370683436,0.08118295458386696,0.892081143885004,0.8298040451546758,0.0,0.0
2583,2,149,4,M,3,0.10797998721495215,0.1705282289759121,0.0,0.1705282289759121,0.0002607317313793184,0.08118295458386696,0.10797998721495217,0.17052822897591213,0.0,0.0
2584,2,150,4,M,0,0.6531630781535105,0.8264381714761018,0.0,0.8264381714761018,0.0003151008195702715,0.08118295458386696,0.6531630781535104,0.8264381714761017,0.0,0.0
2585,2,150,4,M,1,0.34702168251247983,0.1701486378599407,0.34,0.1701486378599407,0.0002815684999490642,0.08118295458386696,0.3470216825124799,0.17014863785994067,0.0,0.0
2586,2,150,4,M,2,0.892081143885004,0.8298040451546758,1.0,0.8298040451546758,0.0002634139370683436,0.08118295458386696,0.892081143885004,0.8298040451546758,0.0,0.0
2587,2,150,4,M,3,0.10797998721495217,0.17052822897591213,0.0,0.17052822897591213,0.0002607317313793184,0.08118295458386696,0.10797998721495215,0.1705282289759121,0.0,0.0
2588,2,151,4,M,0,0.6531630781535104,0.8264381714761017,0.0,0.8264381714761017,0.0003151008195702715,0.08118295458386696,0.6531630781535105,0.8264381714761018,0.0,0.0
2589,2,151,4,M,1,0.3470216825124799,0.17014863785994067,0.34,0.17014863785994067,0.0002815684999490642,0.08118295458386696,0.34702168251247983,0.1701486378599407,0.0,0.0
2590,2,151,4,M,2,0.892081143885004,0.8298040451546758,1.0,0.8298040451546758,0.0002634139370683436,0.08118295458386696,0.892081143885004,0.8298040451546758,0.0,0.0
2591,2,151,4,M,3,0.10797998721495215,0.1705282289759121,0.0,0.1705282289759121,0.0002607317313793184,0.08118295458386696,0.10797998721495215,0.1705282289759121,0.0,0.0
2592,2,152,4,M,0,0.6531630781535105,0.8264381714761018,0.0,0.8264381714761018,0.0003151008195702715,0.08118295458386696,0.6531630781535104,0.8264381714761017,0.0,0.0
2593,2,152,4,M,1,0.34702168251247983,0.1701486378599407,0.34,0.1701486378599407,0.0002815684999490642,0.08118295458386696,0.34702168251247983,0.1701486378599407,0.0,0.0
2594,2,152,4,M,2,0.892081143885004,0.8298040451546758,1.0,0.8298040451546758,0.0002634139370683436,0.08118295458386696,0.892081143885004,0.8298040451546758,0.0,0.0
2595,2,152,4,M,3,0.10797998721495215,0.1705282289759121,0.0,0.1705282289759121,0.0002607317313793184,0.08118295458386696,0.10797998721495215,0.1705282289759121,0.0,0.0
2596,2,153,4,M,0,0.6531630781535104,0.8264381714761017,0.0,0.8264381714761017,0.0003151008195702715,0.08118295458386696,0.6531630781535105,0.8264381714761018,0.0,0.0
2597,2,153,4,M,1,0.34702168251247983,0.1701486378599407,0.34,0.1701486378599407,0.0002815684999490642,0.08118295458386696,0.34702168251247983,0.1701486378599407,0.0,0.0
2598,2,153,4,M,2,0.892081143885004,0.8298040451546758,1.0,0.8298040451546758,0.0002634139370683436,0.08118295458386696,0.892081143885004,0.8298040451546758,0.0,0.0
2599,2,153,4,M,3,0.10797998721495215,0.1705282289759121,0.0,0.1705282289759121,0.0002607317313793184,0.08118295458386696,0.10797998721495217,0.17052822897591213,0.0,0.0
2600,2,154,4,M,0,0.6531630781535105,0.8264381714761018,0.0,0.8264381714761018,0.0003151008195702715,0.08118295458386696,0.6531630781535104,0.8264381714761017,0.0,0.0
2601,2,154,4,M,1,0.34702168251247983,0.1701486378599407,0.34,0.1701486378599407,0.0002815684999490642,0.08118295458386696,0.3470216825124799,0.17014863785994067,0.0,0.0
2602,2,154,4,M,2,0.892081143885004,0.8298040451546758,1.0,0.8298040451546758,0.0002634139370683436,0.08118295458386696,0.892081143885004,0.8298040451546758,0.0,0.0
2603,2,154,4,M,3,0.10797998721495217,0.17052822897591213,0.0,0.17052822897591213,0.0002607317313793184,0.08118295458386696,0.10797998721495215,0.1705282289759121,0.0,0.0
2604,2,155,4,M,0,0.6531630781535104,0.8264381714761017,0.0,0.8264381714761017,0.0003151008195702715,0.08118295458386696,0.6531630781535105,0.8264381714761018,0.0,0.0
2605,2,155,4,M,1,0.3470216825124799,0.17014863785994067,0.34,0.17014863785994067,0.0002815684999490642,0.08118295458386696,0.34702168251247983,0.1701486378599407,0.0,0.0
2606,2,155,4,M,2,0.892081143885004,0.8298040451546758,1.0,0.8298040451546758,0.0002634139370683436,0.08118295458386696,0.892081143885004,0.8298040451546758,0.0,0.0
2607,2,155,4,M,3,0.10797998721495215,0.1705282289759121,0.0,0.1705282289759121,0.0002607317313793184,0.08118295458386696,0.10797998721495215,0.1705282289759121,0.0,0.0
2608,2,156,4,M,0,0.6531630781535105,0.8264381714761018,0.0,0.8264381714761018,0.0003151008195702715,0.08118295458386696,0.6531630781535104,0.8264381714761017,0.0,0.0
2609,2,156,4,M,1,0.34702168251247983,0.1701486378599407,0.34,0.1701486378599407,0.0002815684999490642,0.08118295458386696,0.34702168251247983,0.1701486378599407,0.0,0.0
2610,2,156,4,M,2,0.892081143885004,0.8298040451546758,1.0,0.8298040451546758,0.0002634139370683436,0.08118295458386696,0.892081143885004,0.8298040451546758,0.0,0.0
2611,2,156,4,M,3,0.10797998721495215,0.1705282289759121,0.0,0.1705282289759121,0.0002607317313793184,0.08118295458386696,0.10797998721495215,0.1705282289759121,0.0,0.0
2612,2,157,4,M,0,0.6531630781535104,0.8264381714761017,0.0,0.8264381714761017,0.0003151008195702715,0.08118295458386696,0.6531630781535105,0.8264381714761018,0.0,0.0
2613,2,157,4,M,1,0.34702168251247983,0.1701486378599407,0.34,0.1701486378599407,0.0002815684999490642,0.08118295458386696,0.34702168251247983,0.1701486378599407,0.0,0.0
2614,2,157,4,M,2,0.892081143885004,0.8298040451546758,1.0,0.8298040451546758,0.0002634139370683436,0.08118295458386696,0.892081143885004,0.8298040451546758,0.0,0.0
2615,2,157,4,M,3,0.10797998721495215,0.1705282289759121,0.0,0.1705282289759121,0.0002607317313793184,0.08118295458386696,0.10797998721495217,0.17052822897591213,0.0,0.0
2616,2,158,4,M,0,0.6531630781535105,0.8264381714761018,0.0,0.8264381714761018,0.0003151008195702715,0.08118295458386696,0.6531630781535104,0.8264381714761017,0.0,0.0
2617,2,158,4,M,1,0.34702168251247983,0.1701486378599407,0.34,0.1701486378599407,0.0002815684999490642,0.08118295458386696,0.3470216825124799,0.17014863785994067,0.0,0.0
2618,2,158,4,M,2,0.892081143885004,0.8298040451546758,1.0,0.8298040451546758,0.0002634139370683436,0.08118295458386696,0.892081143885004,0.8298040451546758,0.0,0.0
2619,2,158,4,M,3,0.10797998721495217,0.17052822897591213,0.0,0.17052822897591213,0.0002607317313793184,0.08118295458386696,0.10797998721495215,0.1705282289759121,0.0,0.0
2620,2,159,4,M,0,0.6531630781535104,0.8264381714761017,0.0,0.8264381714761017,0.0003151008195702715,0.08118295458386696,0.6531630781535105,0.8264381714761018,0.0,0.0
2621,2,159,4,M,1,0.3470216825124799,0.17014863785994067,0.34,0.17014863785994067,0.0002815684999490642,0.08118295458386696,0.34702168251247983,0.1701486378599407,0.0,0.0
2622,2,159,4,M,2,0.892081143885004,0.8298040451546758,1.0,0.8298040451546758,0.0002634139370683436,0.08118295458386696,0.892081143885004,0.8298040451546758,0.0,0.0
2623,2,159,4,M,3,0.10797998721495215,0.1705282289759121,0.0,0.1705282289759121,0.0002607317313793184,0.08118295458386696,0.10797998721495215,0.1705282289759121,0.0,0.0
2624,2,160,4,M,0,0.6531630781535105,0.8264381714761018,0.0,0.8264381714761018,0.0003151008195702715,0.08118295458386696,0.6531630781535104,0.8264381714761017,0.0,0.0
2625,2,160,4,M,1,0.34702168251247983,0.1701486378599407,0.34,0.1701486378599407,0.0002815684999490642,0.08118295458386696,0.34702168251247983,0.1701486378599407,0.0,0.0
2626,2,160,4,M,2,0.892081143885004,0.8298040451546758,1.0,0.8298040451546758,0.0002634139370683436,0.08118295458386696,0.892081143885004,0.8298040451546758,0.0,0.0
2627,2,160,4,M,3,0.10797998721495215,0.1705282289759121,0.0,0.1705282289759121,0.0002607317313793184,0.08118295458386696,0.10797998721495215,0.1705282289759121,0.0,0.0
2628,2,161,4,M,0,0.6531630781535104,0.8264381714761017,0.0,0.8264381714761017,0.0003151008195702715,0.08118295458386696,0.6531630781535105,0.8264381714761018,0.0,0.0
2629,2,161,4,M,1,0.34702168251247983,0.1701486378599407,0.34,0.1701486378599407,0.0002815684999490642,0.08118295458386696,0.34702168251247983,0.1701486378599407,0.0,0.0
2630,2,161,4,M,2,0.892081143885004,0.8298040451546758,1.0,0.8298040451546758,0.0002634139370683436,0.08118295458386696,0.892081143885004,0.8298040451546758,0.0,0.0
2631,2,161,4,M,3,0.10797998721495215,0.1705282289759121,0.0,0.1705282289759121,0.0002607317313793184,0.08118295458386696,0.10797998721495217,0.17052822897591213,0.0,0.0
2632,2,162,4,M,0,0.6531630781535105,0.8264381714761018,0.0,0.8264381714761018,0.0003151008195702715,0.08118295458386696,0.6531630781535104,0.8264381714761017,0.0,0.0
2633,2,162,4,M,1,0.34702168251247983,0.1701486378599407,0.34,0.1701486378599407,0.0002815684999490642,0.08118295458386696,0.3470216825124799,0.17014863785994067,0.0,0.0
2634,2,162,4,M,2,0.892081143885004,0.8298040451546758,1.0,0.8298040451546758,0.0002634139370683436,0.08118295458386696,0.892081143885004,0.8298040451546758,0.0,0.0
2635,2,162,4,M,3,0.10797998721495217,0.17052822897591213,0.0,0.17052822897591213,0.0002607317313793184,0.08118295458386696,0.10797998721495215,0.1705282289759121,0.0,0.0
2636,2,163,4,M,0,0.6531630781535104,0.8264381714761017,0.0,0.8264381714761017,0.0003151008195702715,0.08118295458386696,0.6531630781535105,0.8264381714761018,0.0,0.0
2637,2,163,4,M,1,0.3470216825124799,0.17014863785994067,0.34,0.17014863785994067,0.0002815684999490642,0.08118295458386696,0.34702168251247983,0.1701486378599407,0.0,0.0
2638,2,163,4,M,2,0.892081143885004,0.8298040451546758,1.0,0.8298040451546758,0.0002634139370683436,0.08118295458386696,0.892081143885004,0.8298040451546758,0.0,0.0
2639,2,163,4,M,3,0.10797998721495215,0.1705282289759121,0.0,0.1705282289759121,0.0002607317313793184,0.08118295458386696,0.10797998721495215,0.1705282289759121,0.0,0.0
2640,2,164,4,M,0,0.6531630781535105,0.8264381714761018,0.0,0.8264381714761018,0.0003151008195702715,0.08118295458386696,0.6531630781535104,0.8264381714761017,0.0,0.0
2641,2,164,4,M,1,0.34702168251247983,0.1701486378599407,0.34,0.1701486378599407,0.0002815684999490642,0.08118295458386696,0.34702168251247983,0.1701486378599407,0.0,0.0
2642,2,164,4,M,2,0.892081143885004,0.8298040451546758,1.0,0.8298040451546758,0.0002634139370683436,0.08118295458386696,0.892081143885004,0.8298040451546758,0.0,0.0
2643,2,164,4,M,3,0.10797998721495215,0.1705282289759121,0.0,0.1705282289759121,0.0002607317313793184,0.08118295458386696,0.10797998721495215,0.1705282289759121,0.0,0.0
2644,2,165,4,M,0,0.6531630781535104,0.8264381714761017,0.0,0.8264381714761017,0.0003151008195702715,0.08118295458386696,0.6531630781535105,0.8264381714761018,0.0,0.0
2645,2,165,4,M,1,0.34702168251247983,0.1701486378599407,0.34,0.1701486378599407,0.0002815684999490642,0.08118295458386696,0.34702168251247983,0.1701486378599407,0.0,0.0
2646,2,165,4,M,2,0.892081143885004,0.8298040451546758,1.0,0.8298040451546758,0.0002634139370683436,0.08118295458386696,0.892081143885004,0.8298040451546758,0.0,0.0
2647,2,165,4,M,3,0.10797998721495215,0.1705282289759121,0.0,0.1705282289759121,0.0002607317313793184,0.08118295458386696,0.10797998721495217,0.17052822897591213,0.0,0.0
2648,2,166,4,M,0,0.6531630781535105,0.8264381714761018,0.0,0.8264381714761018,0.0003151008195702715,0.08118295458386696,0.6531630781535104,0.8264381714761017,0.0,0.0
2649,2,166,4,M,1,0.34702168251247983,0.1701486378599407,0.34,0.1701486378599407,0.0002815684999490642,0.08118295458386696,0.3470216825124799,0.17014863785994067,0.0,0.0
2650,2,166,4,M,2,0.892081143885004,0.8298040451546758,1.0,0.8298040451546758,0.0002634139370683436,0.08118295458386696,0.892081143885004,0.8298040451546758,0.0,0.0
2651,2,166,4,M,3,0.10797998721495217,0.17052822897591213,0.0,0.17052822897591213,0.0002607317313793184,0.08118295458386696,0.10797998721495215,0.1705282289759121,0.0,0.0
2652,2,167,4,M,0,0.6531630781535104,0.8264381714761017,0.0,0.8264381714761017,0.0003151008195702715,0.08118295458386696,0.6531630781535105,0.8264381714761018,0.0,0.0
2653,2,167,4,M,1,0.3470216825124799,0.17014863785994067,0.34,0.17014863785994067,0.0002815684999490642,0.08118295458386696,0.34702168251247983,0.1701486378599407,0.0,0.0
2654,2,167,4,M,2,0.892081143885004,0.8298040451546758,1.0,0.8298040451546758,0.0002634139370683436,0.08118295458386696,0.892081143885004,0.8298040451546758,0.0,0.0
2655,2,167,4,M,3,0.10797998721495215,0.1705282289759121,0.0,0.1705282289759121,0.0002607317313793184,0.08118295458386696,0.10797998721495215,0.1705282289759121,0.0,0.0
2656,2,168,4,M,0,0.6531630781535105,0.8264381714761018,0.0,0.8264381714761018,0.0003151008195702715,0.08118295458386696,0.6531630781535104,0.8264381714761017,0.0,0.0
2657,2,168,4,M,1,0.34702168251247983,0.1701486378599407,0.34,0.1701486378599407,0.0002815684999490642,0.08118295458386696,0.34702168251247983,0.1701486378599407,0.0,0.0
2658,2,168,4,M,2,0.892081143885004,0.8298040451546758,1.0,0.8298040451546758,0.0002634139370683436,0.08118295458386696,0.892081143885004,0.8298040451546758,0.0,0.0
2659,2,168,4,M,3,0.10797998721495215,0.1705282289759121,0.0,0.1705282289759121,0.0002607317313793184,0.08118295458386696,0.10797998721495215,0.1705282289759121,0.0,0.0
2660,2,169,4,M,0,0.6531630781535104,0.8264381714761017,0.0,0.8264381714761017,0.0003151008195702715,0.08118295458386696,0.6531630781535105,0.8264381714761018,0.0,0.0
2661,2,169,4,M,1,0.34702168251247983,0.1701486378599407,0.34,0.1701486378599407,0.0002815684999490642,0.08118295458386696,0.34702168251247983,0.1701486378599407,0.0,0.0
2662,2,169,4,M,2,0.892081143885004,0.8298040451546758,1.0,0.8298040451546758,0.0002634139370683436,0.08118295458386696,0.892081143885004,0.8298040451546758,0.0,0.0
2663,2,169,4,M,3,0.10797998721495215,0.1705282289759121,0.0,0.1705282289759121,0.0002607317313793184,0.08118295458386696,0.10797998721495217,0.17052822897591213,0.0,0.0
2664,2,170,4,M,0,0.6531630781535105,0.8264381714761018,0.0,0.8264381714761018,0.0003151008195702715,0.08118295458386696,0.6531630781535104,0.8264381714761017,0.0,0.0
2665,2,170,4,M,1,0.34702168251247983,0.1701486378599407,0.34,0.1701486378599407,0.0002815684999490642,0.08118295458386696,0.3470216825124799,0.17014863785994067,0.0,0.0
2666,2,170,4,M,2,0.892081143885004,0.8298040451546758,1.0,0.8298040451546758,0.0002634139370683436,0.08118295458386696,0.892081143885004,0.8298040451546758,0.0,0.0
2667,2,170,4,M,3,0.10797998721495217,0.17052822897591213,0.0,0.17052822897591213,0.0002607317313793184,0.08118295458386696,0.10797998721495215,0.1705282289759121,0.0,0.0
2668,2,171,4,M,0,0.6531630781535104,0.8264381714761017,0.0,0.8264381714761017,0.0003151008195702715,0.08118295458386696,0.6531630781535105,0.8264381714761018,0.0,0.0
2669,2,171,4,M,1,0.3470216825124799,0.17014863785994067,0.34,0.17014863785994067,0.0002815684999490642,0.08118295458386696,0.34702168251247983,0.1701486378599407,0.0,0.0
2670,2,171,4,M,2,0.892081143885004,0.8298040451546758,1.0,0.8298040451546758,0.0002634139370683436,0.08118295458386696,0.892081143885004,0.8298040451546758,0.0,0.0
2671,2,171,4,M,3,0.10797998721495215,0.1705282289759121,0.0,0.1705282289759121,0.0002607317313793184,0.08118295458386696,0.10797998721495215,0.1705282289759121,0.0,0.0
2672,2,172,4,M,0,0.6531630781535105,0.8264381714761018,0.0,0.8264381714761018,0.0003151008195702715,0.08118295458386696,0.6531630781535104,0.8264381714761017,0.0,0.0
2673,2,172,4,M,1,0.34702168251247983,0.1701486378599407,0.34,0.1701486378599407,0.0002815684999490642,0.08118295458386696,0.34702168251247983,0.1701486378599407,0.0,0.0
2674,2,172,4,M,2,0.892081143885004,0.8298040451546758,1.0,0.8298040451546758,0.0002634139370683436,0.08118295458386696,0.892081143885004,0.8298040451546758,0.0,0.0
2675,2,172,4,M,3,0.10797998721495215,0.1705282289759121,0.0,0.1705282289759121,0.0002607317313793184,0.08118295458386696,0.10797998721495215,0.1705282289759121,0.0,0.0
2676,2,173,4,M,0,0.6531630781535104,0.8264381714761017,0.0,0.8264381714761017,0.0003151008195702715,0.08118295458386696,0.6531630781535105,0.8264381714761018,0.0,0.0
2677,2,173,4,M,1,0.34702168251247983,0.1701486378599407,0.34,0.1701486378599407,0.0002815684999490642,0.08118295458386696,0.34702168251247983,0.1701486378599407,0.0,0.0
2678,2,173,4,M,2,0.892081143885004,0.8298040451546758,1.0,0.8298040451546758,0.0002634139370683436,0.08118295458386696,0.892081143885004,0.8298040451546758,0.0,0.0
2679,2,173,4,M,3,0.10797998721495215,0.1705282289759121,0.0,0.1705282289759121,0.0002607317313793184,0.08118295458386696,0.10797998721495217,0.17052822897591213,0.0,0.0
2680,2,174,4,M,0,0.6531630781535105,0.8264381714761018,0.0,0.8264381714761018,0.0003151008195702715,0.08118295458386696,0.6531630781535104,0.8264381714761017,0.0,0.0
2681,2,174,4,M,1,0.34702168251247983,0.1701486378599407,0.34,0.1701486378599407,0.0002815684999490642,0.08118295458386696,0.3470216825124799,0.17014863785994067,0.0,0.0
2682,2,174,4,M,2,0.892081143885004,0.8298040451546758,1.0,0.8298040451546758,0.0002634139370683436,0.08118295458386696,0.892081143885004,0.8298040451546758,0.0,0.0
2683,2,174,4,M,3,0.10797998721495217,0.17052822897591213,0.0,0.17052822897591213,0.0002607317313793184,0.08118295458386696,0.10797998721495215,0.1705282289759121,0.0,0.0
2684,2,175,4,M,0,0.6531630781535104,0.8264381714761017,0.0,0.8264381714761017,0.0003151008195702715,0.08118295458386696,0.6531630781535105,0.8264381714761018,0.0,0.0
2685,2,175,4,M,1,0.3470216825124799,0.17014863785994067,0.34,0.17014863785994067,0.0002815684999490642,0.08118295458386696,0.34702168251247983,0.1701486378599407,0.0,0.0
2686,2,175,4,M,2,0.892081143885004,0.8298040451546758,1.0,0.8298040451546758,0.0002634139370683436,0.08118295458386696,0.892081143885004,0.8298040451546758,0.0,0.0
2687,2,175,4,M,3,0.10797998721495215,0.1705282289759121,0.0,0.1705282289759121,0.0002607317313793184,0.08118295458386696,0.10797998721495215,0.1705282289759121,0.0,0.0
2688,2,176,4,M,0,0.6531630781535105,0.8264381714761018,0.0,0.8264381714761018,0.0003151008195702715,0.08118295458386696,0.6531630781535104,0.8264381714761017,0.0,0.0
2689,2,176,4,M,1,0.34702168251247983,0.1701486378599407,0.34,0.1701486378599407,0.0002815684999490642,0.08118295458386696,0.34702168251247983,0.1701486378599407,0.0,0.0
2690,2,176,4,M,2,0.892081143885004,0.8298040451546758,1.0,0.8298040451546758,0.0002634139370683436,0.08118295458386696,0.892081143885004,0.8298040451546758,0.0,0.0
2691,2,176,4,M,3,0.10797998721495215,0.1705282289759121,0.0,0.1705282289759121,0.0002607317313793184,0.08118295458386696,0.10797998721495215,0.1705282289759121,0.0,0.0
2692,2,177,4,M,0,0.6531630781535104,0.8264381714761017,0.0,0.8264381714761017,0.0003151008195702715,0.08118295458386696,0.6531630781535105,0.8264381714761018,0.0,0.0
2693,2,177,4,M,1,0.34702168251247983,0.1701486378599407,0.34,0.1701486378599407,0.0002815684999490642,0.08118295458386696,0.34702168251247983,0.1701486378599407,0.0,0.0
2694,2,177,4,M,2,0.892081143885004,0.8298040451546758,1.0,0.8298040451546758,0.0002634139370683436,0.08118295458386696,0.892081143885004,0.8298040451546758,0.0,0.0
2695,2,177,4,M,3,0.10797998721495215,0.1705282289759121,0.0,0.1705282289759121,0.0002607317313793184,0.08118295458386696,0.10797998721495217,0.17052822897591213,0.0,0.0
2696,2,178,4,M,0,0.6531630781535105,0.8264381714761018,0.0,0.8264381714761018,0.0003151008195702715,0.08118295458386696,0.6531630781535104,0.8264381714761017,0.0,0.0
2697,2,178,4,M,1,0.34702168251247983,0.1701486378599407,0.34,0.1701486378599407,0.0002815684999490642,0.08118295458386696,0.3470216825124799,0.17014863785994067,0.0,0.0
2698,2,178,4,M,2,0.892081143885004,0.8298040451546758,1.0,0.8298040451546758,0.0002634139370683436,0.08118295458386696,0.892081143885004,0.8298040451546758,0.0,0.0
2699,2,178,4,M,3,0.10797998721495217,0.17052822897591213,0.0,0.17052822897591213,0.0002607317313793184,0.08118295458386696,0.10797998721495215,0.1705282289759121,0.0,0.0
2700,2,179,4,M,0,0.6531630781535104,0.8264381714761017,0.0,0.8264381714761017,0.0003151008195702715,0.08118295458386696,0.6531630781535105,0.8264381714761018,0.0,0.0
2701,2,179,4,M,1,0.3470216825124799,0.17014863785994067,0.34,0.17014863785994067,0.0002815684999490642,0.08118295458386696,0.34702168251247983,0.1701486378599407,0.0,0.0
2702,2,179,4,M,2,0.892081143885004,0.8298040451546758,1.0,0.8298040451546758,0.0002634139370683436,0.08118295458386696,0.892081143885004,0.8298040451546758,0.0,0.0
2703,2,179,4,M,3,0.10797998721495215,0.1705282289759121,0.0,0.1705282289759121,0.0002607317313793184,0.08118295458386696,0.10797998721495215,0.1705282289759121,0.0,0.0
2704,2,180,4,M,0,0.6531630781535105,0.8264381714761018,0.0,0.8264381714761018,0.0003151008195702715,0.08118295458386696,0.6531630781535104,0.8264381714761017,0.0,0.0
2705,2,180,4,M,1,0.34702168251247983,0.1701486378599407,0.34,0.1701486378599407,0.0002815684999490642,0.08118295458386696,0.34702168251247983,0.1701486378599407,0.0,0.0
2706,2,180,4,M,2,0.892081143885004,0.8298040451546758,1.0,0.8298040451546758,0.0002634139370683436,0.08118295458386696,0.892081143885004,0.8298040451546758,0.0,0.0
2707,2,180,4,M,3,0.10797998721495215,0.1705282289759121,0.0,0.1705282289759121,0.0002607317313793184,0.08118295458386696,0.10797998721495215,0.1705282289759121,0.0,0.0
2708,2,181,4,M,0,0.6531630781535104,0.8264381714761017,0.0,0.8264381714761017,0.0003151008195702715,0.08118295458386696,0.6531630781535105,0.8264381714761018,0.0,0.0
2709,2,181,4,M,1,0.34702168251247983,0.1701486378599407,0.34,0.1701486378599407,0.0002815684999490642,0.08118295458386696,0.34702168251247983,0.1701486378599407,0.0,0.0
2710,2,181,4,M,2,0.892081143885004,0.8298040451546758,1.0,0.8298040451546758,0.0002634139370683436,0.08118295458386696,0.892081143885004,0.8298040451546758,0.0,0.0
2711,2,181,4,M,3,0.10797998721495215,0.1705282289759121,0.0,0.1705282289759121,0.0002607317313793184,0.08118295458386696,0.10797998721495217,0.17052822897591213,0.0,0.0
2712,2,182,4,M,0,0.6531630781535105,0.8264381714761018,0.0,0.8264381714761018,0.0003151008195702715,0.08118295458386696,0.6531630781535104,0.8264381714761017,0.0,0.0
2713,2,182,4,M,1,0.34702168251247983,0.1701486378599407,0.34,0.1701486378599407,0.0002815684999490642,0.08118295458386696,0.3470216825124799,0.17014863785994067,0.0,0.0
2714,2,182,4,M,2,0.892081143885004,0.8298040451546758,1.0,0.8298040451546758,0.0002634139370683436,0.08118295458386696,0.892081143885004,0.8298040451546758,0.0,0.0
2715,2,182,4,M,3,0.10797998721495217,0.17052822897591213,0.0,0.17052822897591213,0.0002607317313793184,0.08118295458386696,0.10797998721495215,0.1705282289759121,0.0,0.0
2716,2,183,4,M,0,0.6531630781535104,0.8264381714761017,0.0,0.8264381714761017,0.0003151008195702715,0.08118295458386696,0.6531630781535105,0.8264381714761018,0.0,0.0
2717,2,183,4,M,1,0.3470216825124799,0.17014863785994067,0.34,0.17014863785994067,0.0002815684999490642,0.08118295458386696,0.34702168251247983,0.1701486378599407,0.0,0.0
2718,2,183,4,M,2,0.892081143885004,0.8298040451546758,1.0,0.8298040451546758,0.0002634139370683436,0.08118295458386696,0.892081143885004,0.8298040451546758,0.0,0.0
2719,2,183,4,M,3,0.10797998721495215,0.1705282289759121,0.0,0.1705282289759121,0.0002607317313793184,0.08118295458386696,0.10797998721495215,0.1705282289759121,0.0,0.0
2720,2,184,4,M,0,0.6531630781535105,0.8264381714761018,0.0,0.8264381714761018,0.0003151008195702715,0.08118295458386696,0.6531630781535104,0.8264381714761017,0.0,0.0
2721,2,184,4,M,1,0.34702168251247983,0.1701486378599407,0.34,0.1701486378599407,0.0002815684999490642,0.08118295458386696,0.34702168251247983,0.1701486378599407,0.0,0.0
2722,2,184,4,M,2,0.892081143885004,0.8298040451546758,1.0,0.8298040451546758,0.0002634139370683436,0.08118295458386696,0.892081143885004,0.8298040451546758,0.0,0.0
2723,2,184,4,M,3,0.10797998721495215,0.1705282289759121,0.0,0.1705282289759121,0.0002607317313793184,0.08118295458386696,0.10797998721495215,0.1705282289759121,0.0,0.0
2724,2,185,4,M,0,0.6531630781535104,0.8264381714761017,0.0,0.8264381714761017,0.0003151008195702715,0.08118295458386696,0.6531630781535105,0.8264381714761018,0.0,0.0
2725,2,185,4,M,1,0.34702168251247983,0.1701486378599407,0.34,0.1701486378599407,0.0002815684999490642,0.08118295458386696,0.34702168251247983,0.1701486378599407,0.0,0.0
2726,2,185,4,M,2,0.892081143885004,0.8298040451546758,1.0,0.8298040451546758,0.0002634139370683436,0.08118295458386696,0.892081143885004,0.8298040451546758,0.0,0.0
2727,2,185,4,M,3,0.10797998721495215,0.1705282289759121,0.0,0.1705282289759121,0.0002607317313793184,0.08118295458386696,0.10797998721495217,0.17052822897591213,0.0,0.0
2728,2,186,4,M,0,0.6531630781535105,0.8264381714761018,0.0,0.8264381714761018,0.0003151008195702715,0.08118295458386696,0.6531630781535104,0.8264381714761017,0.0,0.0
2729,2,186,4,M,1,0.34702168251247983,0.1701486378599407,0.34,0.1701486378599407,0.0002815684999490642,0.08118295458386696,0.3470216825124799,0.17014863785994067,0.0,0.0
2730,2,186,4,M,2,0.892081143885004,0.8298040451546758,1.0,0.8298040451546758,0.0002634139370683436,0.08118295458386696,0.892081143885004,0.8298040451546758,0.0,0.0
2731,2,186,4,M,3,0.10797998721495217,0.17052822897591213,0.0,0.17052822897591213,0.0002607317313793184,0.08118295458386696,0.10797998721495215,0.1705282289759121,0.0,0.0
2732,2,187,4,M,0,0.6531630781535104,0.8264381714761017,0.0,0.8264381714761017,0.0003151008195702715,0.08118295458386696,0.6531630781535105,0.8264381714761018,0.0,0.0
2733,2,187,4,M,1,0.3470216825124799,0.17014863785994067,0.34,0.17014863785994067,0.0002815684999490642,0.08118295458386696,0.34702168251247983,0.1701486378599407,0.0,0.0
2734,2,187,4,M,2,0.892081143885004,0.8298040451546758,1.0,0.8298040451546758,0.0002634139370683436,0.08118295458386696,0.892081143885004,0.8298040451546758,0.0,0.0
2735,2,187,4,M,3,0.10797998721495215,0.1705282289759121,0.0,0.1705282289759121,0.0002607317313793184,0.08118295458386696,0.10797998721495215,0.1705282289759121,0.0,0.0
2736,2,188,4,M,0,0.6531630781535105,0.8264381714761018,0.0,0.8264381714761018,0.0003151008195702715,0.08118295458386696,0.6531630781535104,0.8264381714761017,0.0,0.0
2737,2,188,4,M,1,0.34702168251247983,0.1701486378599407,0.34,0.1701486378599407,0.0002815684999490642,0.08118295458386696,0.34702168251247983,0.1701486378599407,0.0,0.0
2738,2,188,4,M,2,0.892081143885004,0.8298040451546758,1.0,0.8298040451546758,0.0002634139370683436,0.08118295458386696,0.892081143885004,0.8298040451546758,0.0,0.0
2739,2,188,4,M,3,0.10797998721495215,0.1705282289759121,0.0,0.1705282289759121,0.0002607317313793184,0.08118295458386696,0.10797998721495215,0.1705282289759121,0.0,0.0
2740,2,189,4,M,0,0.6531630781535104,0.8264381714761017,0.0,0.8264381714761017,0.0003151008195702715,0.08118295458386696,0.6531630781535105,0.8264381714761018,0.0,0.0
2741,2,189,4,M,1,0.34702168251247983,0.1701486378599407,0.34,0.1701486378599407,0.0002815684999490642,0.08118295458386696,0.34702168251247983,0.1701486378599407,0.0,0.0
2742,2,189,4,M,2,0.892081143885004,0.8298040451546758,1.0,0.8298040451546758,0.0002634139370683436,0.08118295458386696,0.892081143885004,0.8298040451546758,0.0,0.0
2743,2,189,4,M,3,0.10797998721495215,0.1705282289759121,0.0,0.1705282289759121,0.0002607317313793184,0.08118295458386696,0.10797998721495217,0.17052822897591213,0.0,0.0
2744,2,190,4,M,0,0.6531630781535105,0.8264381714761018,0.0,0.8264381714761018,0.0003151008195702715,0.08118295458386696,0.6531630781535104,0.8264381714761017,0.0,0.0
2745,2,190,4,M,1,0.34702168251247983,0.1701486378599407,0.34,0.1701486378599407,0.0002815684999490642,0.08118295458386696,0.3470216825124799,0.17014863785994067,0.0,0.0
2746,2,190,4,M,2,0.892081143885004,0.8298040451546758,1.0,0.8298040451546758,0.0002634139370683436,0.08118295458386696,0.892081143885004,0.8298040451546758,0.0,0.0
2747,2,190,4,M,3,0.10797998721495217,0.17052822897591213,0.0,0.17052822897591213,0.0002607317313793184,0.08118295458386696,0.10797998721495215,0.1705282289759121,0.0,0.0
2748,2,191,4,M,0,0.6531630781535104,0.8264381714761017,0.0,0.8264381714761017,0.0003151008195702715,0.08118295458386696,0.6531630781535105,0.8264381714761018,0.0,0.0
2749,2,191,4,M,1,0.3470216825124799,0.17014863785994067,0.34,0.17014863785994067,0.0002815684999490642,0.08118295458386696,0.34702168251247983,0.1701486378599407,0.0,0.0
2750,2,191,4,M,2,0.892081143885004,0.8298040451546758,1.0,0.8298040451546758,0.0002634139370683436,0.08118295458386696,0.892081143885004,0.8298040451546758,0.0,0.0
2751,2,191,4,M,3,0.10797998721495215,0.1705282289759121,0.0,0.1705282289759121,0.0002607317313793184,0.08118295458386696,0.10797998721495215,0.1705282289759121,0.0,0.0
2752,2,192,4,M,0,0.6531630781535105,0.8264381714761018,0.0,0.8264381714761018,0.0003151008195702715,0.08118295458386696,0.6531630781535104,0.8264381714761017,0.0,0.0
2753,2,192,4,M,1,0.34702168251247983,0.1701486378599407,0.34,0.1701486378599407,0.0002815684999490642,0.08118295458386696,0.34702168251247983,0.1701486378599407,0.0,0.0
2754,2,192,4,M,2,0.892081143885004,0.8298040451546758,1.0,0.8298040451546758,0.0002634139370683436,0.08118295458386696,0.892081143885004,0.8298040451546758,0.0,0.0
2755,2,192,4,M,3,0.10797998721495215,0.1705282289759121,0.0,0.1705282289759121,0.0002607317313793184,0.08118295458386696,0.10797998721495215,0.1705282289759121,0.0,0.0
2756,2,193,4,M,0,0.6531630781535104,0.8264381714761017,0.0,0.8264381714761017,0.0003151008195702715,0.08118295458386696,0.6531630781535105,0.8264381714761018,0.0,0.0
2757,2,193,4,M,1,0.34702168251247983,0.1701486378599407,0.34,0.1701486378599407,0.0002815684999490642,0.08118295458386696,0.34702168251247983,0.1701486378599407,0.0,0.0
2758,2,193,4,M,2,0.892081143885004,0.8298040451546758,1.0,0.8298040451546758,0.0002634139370683436,0.08118295458386696,0.892081143885004,0.8298040451546758,0.0,0.0
2759,2,193,4,M,3,0.10797998721495215,0.1705282289759121,0.0,0.1705282289759121,0.0002607317313793184,0.08118295458386696,0.10797998721495217,0.17052822897591213,0.0,0.0
2760,2,194,4,M,0,0.6531630781535105,0.8264381714761018,0.0,0.8264381714761018,0.0003151008195702715,0.08118295458386696,0.6531630781535104,0.8264381714761017,0.0,0.0
2761,2,194,4,M,1,0.34702168251247983,0.1701486378599407,0.34,0.1701486378599407,0.0002815684999490642,0.08118295458386696,0.3470216825124799,0.17014863785994067,0.0,0.0
2762,2,194,4,M,2,0.892081143885004,0.8298040451546758,1.0,0.8298040451546758,0.0002634139370683436,0.08118295458386696,0.892081143885004,0.8298040451546758,0.0,0.0
2763,2,194,4,M,3,0.10797998721495217,0.17052822897591213,0.0,0.17052822897591213,0.0002607317313793184,0.08118295458386696,0.10797998721495215,0.1705282289759121,0.0,0.0
2764,2,195,4,M,0,0.6531630781535104,0.8264381714761017,0.0,0.8264381714761017,0.0003151008195702715,0.08118295458386696,0.6531630781535105,0.8264381714761018,0.0,0.0
2765,2,195,4,M,1,0.3470216825124799,0.17014863785994067,0.34,0.17014863785994067,0.0002815684999490642,0.08118295458386696,0.34702168251247983,0.1701486378599407,0.0,0.0
2766,2,195,4,M,2,0.892081143885004,0.8298040451546758,1.0,0.8298040451546758,0.0002634139370683436,0.08118295458386696,0.892081143885004,0.8298040451546758,0.0,0.0
2767,2,195,4,M,3,0.10797998721495215,0.1705282289759121,0.0,0.1705282289759121,0.0002607317313793184,0.08118295458386696,0.10797998721495215,0.1705282289759121,0.0,0.0
2768,2,196,4,M,0,0.6531630781535105,0.8264381714761018,0.0,0.8264381714761018,0.0003151008195702715,0.08118295458386696,0.6531630781535104,0.8264381714761017,0.0,0.0
2769,2,196,4,M,1,0.34702168251247983,0.1701486378599407,0.34,0.1701486378599407,0.0002815684999490642,0.08118295458386696,0.34702168251247983,0.1701486378599407,0.0,0.0
2770,2,196,4,M,2,0.892081143885004,0.8298040451546758,1.0,0.8298040451546758,0.0002634139370683436,0.08118295458386696,0.892081143885004,0.8298040451546758,0.0,0.0
2771,2,196,4,M,3,0.10797998721495215,0.1705282289759121,0.0,0.1705282289759121,0.0002607317313793184,0.08118295458386696,0.10797998721495215,0.1705282289759121,0.0,0.0
2772,2,197,4,M,0,0.6531630781535104,0.8264381714761017,0.0,0.8264381714761017,0.0003151008195702715,0.08118295458386696,0.6531630781535105,0.8264381714761018,0.0,0.0
2773,2,197,4,M,1,0.34702168251247983,0.1701486378599407,0.34,0.1701486378599407,0.0002815684999490642,0.08118295458386696,0.34702168251247983,0.1701486378599407,0.0,0.0
2774,2,197,4,M,2,0.892081143885004,0.8298040451546758,1.0,0.8298040451546758,0.0002634139370683436,0.08118295458386696,0.892081143885004,0.8298040451546758,0.0,0.0
2775,2,197,4,M,3,0.10797998721495215,0.1705282289759121,0.0,0.1705282289759121,0.0002607317313793184,0.08118295458386696,0.10797998721495217,0.17052822897591213,0.0,0.0
2776,2,198,4,M,0,0.6531630781535105,0.8264381714761018,0.0,0.8264381714761018,0.0003151008195702715,0.08118295458386696,0.6531630781535104,0.8264381714761017,0.0,0.0
2777,2,198,4,M,1,0.34702168251247983,0.1701486378599407,0.34,0.1701486378599407,0.0002815684999490642,0.08118295458386696,0.3470216825124799,0.17014863785994067,0.0,0.0
2778,2,198,4,M,2,0.892081143885004,0.8298040451546758,1.0,0.8298040451546758,0.0002634139370683436,0.08118295458386696,0.892081143885004,0.8298040451546758,0.0,0.0
2779,2,198,4,M,3,0.10797998721495217,0.17052822897591213,0.0,0.17052822897591213,0.0002607317313793184,0.08118295458386696,0.10797998721495215,0.1705282289759121,0.0,0.0
2780,2,199,4,M,0,0.6531630781535104,0.8264381714761017,0.0,0.8264381714761017,0.0003151008195702715,0.08118295458386696,0.6531630781535105,0.8264381714761018,0.0,0.0
2781,2,199,4,M,1,0.3470216825124799,0.17014863785994067,0.34,0.17014863785994067,0.0002815684999490642,0.08118295458386696,0.34702168251247983,0.1701486378599407,0.0,0.0
2782,2,199,4,M,2,0.892081143885004,0.8298040451546758,1.0,0.8298040451546758,0.0002634139370683436,0.08118295458386696,0.892081143885004,0.8298040451546758,0.0,0.0
2783,2,199,4,M,3,0.10797998721495215,0.1705282289759121,0.0,0.1705282289759121,0.0002607317313793184,0.08118295458386696,0.10797998721495215,0.1705282289759121,0.0,0.0
2784,2,200,4,M,0,0.6531630781535105,0.8264381714761018,0.0,0.8264381714761018,0.0003151008195702715,0.08118295458386696,0.6531630781535104,0.8264381714761017,0.0,0.0
2785,2,200,4,M,1,0.34702168251247983,0.1701486378599407,0.34,0.1701486378599407,0.0002815684999490642,0.08118295458386696,0.34702168251247983,0.1701486378599407,0.0,0.0
2786,2,200,4,M,2,0.892081143885004,0.8298040451546758,1.0,0.8298040451546758,0.0002634139370683436,0.08118295458386696,0.892081143885004,0.8298040451546758,0.0,0.0
2787,2,200,4,M,3,0.10797998721495215,0.1705282289759121,0.0,0.1705282289759121,0.0002607317313793184,0.08118295458386696,0.10797998721495215,0.1705282289759121,0.0,0.0
2788,2,201,4,M,0,0.6531630781535104,0.8264381714761017,0.0,0.8264381714761017,0.0003151008195702715,0.08118295458386696,0.6531630781535105,0.8264381714761018,0.0,0.0
2789,2,201,4,M,1,0.34702168251247983,0.1701486378599407,0.34,0.1701486378599407,0.0002815684999490642,0.08118295458386696,0.34702168251247983,0.1701486378599407,0.0,0.0
2790,2,201,4,M,2,0.892081143885004,0.8298040451546758,1.0,0.8298040451546758,0.0002634139370683436,0.08118295458386696,0.892081143885004,0.8298040451546758,0.0,0.0
2791,2,201,4,M,3,0.10797998721495215,0.1705282289759121,0.0,0.1705282289759121,0.0002607317313793184,0.08118295458386696,0.10797998721495217,0.17052822897591213,0.0,0.0
2792,2,202,4,M,0,0.6531630781535105,0.8264381714761018,0.0,0.8264381714761018,0.0003151008195702715,0.08118295458386696,0.6531630781535104,0.8264381714761017,0.0,0.0
2793,2,202,4,M,1,0.34702168251247983,0.1701486378599407,0.34,0.1701486378599407,0.0002815684999490642,0.08118295458386696,0.3470216825124799,0.17014863785994067,0.0,0.0
2794,2,202,4,M,2,0.892081143885004,0.8298040451546758,1.0,0.8298040451546758,0.0002634139370683436,0.08118295458386696,0.892081143885004,0.8298040451546758,0.0,0.0
2795,2,202,4,M,3,0.10797998721495217,0.17052822897591213,0.0,0.17052822897591213,0.0002607317313793184,0.08118295458386696,0.10797998721495215,0.1705282289759121,0.0,0.0
2796,2,203,4,M,0,0.6531630781535104,0.8264381714761017,0.0,0.8264381714761017,0.0003151008195702715,0.08118295458386696,0.6531630781535105,0.8264381714761018,0.0,0.0
2797,2,203,4,M,1,0.3470216825124799,0.17014863785994067,0.34,0.17014863785994067,0.0002815684999490642,0.08118295458386696,0.34702168251247983,0.1701486378599407,0.0,0.0
2798,2,203,4,M,2,0.892081143885004,0.8298040451546758,1.0,0.8298040451546758,0.0002634139370683436,0.08118295458386696,0.892081143885004,0.8298040451546758,0.0,0.0
2799,2,203,4,M,3,0.10797998721495215,0.1705282289759121,0.0,0.1705282289759121,0.0002607317313793184,0.08118295458386696,0.10797998721495215,0.1705282289759121,0.0,0.0
2800,2,204,4,M,0,0.6531630781535105,0.8264381714761018,0.0,0.8264381714761018,0.0003151008195702715,0.08118295458386696,0.6531630781535104,0.8264381714761017,0.0,0.0
2801,2,204,4,M,1,0.34702168251247983,0.1701486378599407,0.34,0.1701486378599407,0.0002815684999490642,0.08118295458386696,0.34702168251247983,0.1701486378599407,0.0,0.0
2802,2,204,4,M,2,0.892081143885004,0.8298040451546758,1.0,0.8298040451546758,0.0002634139370683436,0.08118295458386696,0.892081143885004,0.8298040451546758,0.0,0.0
2803,2,204,4,M,3,0.10797998721495215,0.1705282289759121,0.0,0.1705282289759121,0.0002607317313793184,0.08118295458386696,0.10797998721495215,0.1705282289759121,0.0,0.0
2804,2,205,4,M,0,0.6531630781535104,0.8264381714761017,0.0,0.8264381714761017,0.0003151008195702715,0.08118295458386696,0.6531630781535105,0.8264381714761018,0.0,0.0
2805,2,205,4,M,1,0.34702168251247983,0.1701486378599407,0.34,0.1701486378599407,0.0002815684999490642,0.08118295458386696,0.34702168251247983,0.1701486378599407,0.0,0.0
2806,2,205,4,M,2,0.892081143885004,0.8298040451546758,1.0,0.8298040451546758,0.0002634139370683436,0.08118295458386696,0.892081143885004,0.8298040451546758,0.0,0.0
2807,2,205,4,M,3,0.10797998721495215,0.1705282289759121,0.0,0.1705282289759121,0.0002607317313793184,0.08118295458386696,0.10797998721495217,0.17052822897591213,0.0,0.0
2808,2,206,4,M,0,0.6531630781535105,0.8264381714761018,0.0,0.8264381714761018,0.0003151008195702715,0.08118295458386696,0.6531630781535104,0.8264381714761017,0.0,0.0
2809,2,206,4,M,1,0.34702168251247983,0.1701486378599407,0.34,0.1701486378599407,0.0002815684999490642,0.08118295458386696,0.3470216825124799,0.17014863785994067,0.0,0.0
2810,2,206,4,M,2,0.892081143885004,0.8298040451546758,1.0,0.8298040451546758,0.0002634139370683436,0.08118295458386696,0.892081143885004,0.8298040451546758,0.0,0.0
2811,2,206,4,M,3,0.10797998721495217,0.17052822897591213,0.0,0.17052822897591213,0.0002607317313793184,0.08118295458386696,0.10797998721495215,0.1705282289759121,0.0,0.0
2812,2,207,4,M,0,0.6531630781535104,0.8264381714761017,0.0,0.8264381714761017,0.0003151008195702715,0.08118295458386696,0.6531630781535105,0.8264381714761018,0.0,0.0
2813,2,207,4,M,1,0.3470216825124799,0.17014863785994067,0.34,0.17014863785994067,0.0002815684999490642,0.08118295458386696,0.34702168251247983,0.1701486378599407,0.0,0.0
2814,2,207,4,M,2,0.892081143885004,0.8298040451546758,1.0,0.8298040451546758,0.0002634139370683436,0.08118295458386696,0.892081143885004,0.8298040451546758,0.0,0.0
2815,2,207,4,M,3,0.10797998721495215,0.1705282289759121,0.0,0.1705282289759121,0.0002607317313793184,0.08118295458386696,0.10797998721495215,0.1705282289759121,0.0,0.0
2816,2,208,4,M,0,0.6531630781535105,0.8264381714761018,0.0,0.8264381714761018,0.0003151008195702715,0.08118295458386696,0.6531630781535104,0.8264381714761017,0.0,0.0
2817,2,208,4,M,1,0.34702168251247983,0.1701486378599407,0.34,0.1701486378599407,0.0002815684999490642,0.08118295458386696,0.34702168251247983,0.1701486378599407,0.0,0.0
2818,2,208,4,M,2,0.892081143885004,0.8298040451546758,1.0,0.8298040451546758,0.0002634139370683436,0.08118295458386696,0.892081143885004,0.8298040451546758,0.0,0.0
2819,2,208,4,M,3,0.10797998721495215,0.1705282289759121,0.0,0.1705282289759121,0.0002607317313793184,0.08118295458386696,0.10797998721495215,0.1705282289759121,0.0,0.0
2820,2,209,4,M,0,0.6531630781535104,0.8264381714761017,0.0,0.8264381714761017,0.0003151008195702715,0.08118295458386696,0.6531630781535105,0.8264381714761018,0.0,0.0
2821,2,209,4,M,1,0.34702168251247983,0.1701486378599407,0.34,0.1701486378599407,0.0002815684999490642,0.08118295458386696,0.34702168251247983,0.1701486378599407,0.0,0.0
2822,2,209,4,M,2,0.892081143885004,0.8298040451546758,1.0,0.8298040451546758,0.0002634139370683436,0.08118295458386696,0.892081143885004,0.8298040451546758,0.0,0.0
2823,2,209,4,M,3,0.10797998721495215,0.1705282289759121,0.0,0.1705282289759121,0.0002607317313793184,0.08118295458386696,0.10797998721495217,0.17052822897591213,0.0,0.0
2824,2,210,4,M,0,0.6531630781535105,0.8264381714761018,0.0,0.8264381714761018,0.0003151008195702715,0.08118295458386696,0.6531630781535104,0.8264381714761017,0.0,0.0
2825,2,210,4,M,1,0.34702168251247983,0.1701486378599407,0.34,0.1701486378599407,0.0002815684999490642,0.08118295458386696,0.3470216825124799,0.17014863785994067,0.0,0.0
2826,2,210,4,M,2,0.892081143885004,0.8298040451546758,1.0,0.8298040451546758,0.0002634139370683436,0.08118295458386696,0.892081143885004,0.8298040451546758,0.0,0.0
2827,2,210,4,M,3,0.10797998721495217,0.17052822897591213,0.0,0.17052822897591213,0.0002607317313793184,0.08118295458386696,0.10797998721495215,0.1705282289759121,0.0,0.0
2828,2,211,4,M,0,0.6531630781535104,0.8264381714761017,0.0,0.8264381714761017,0.0003151008195702715,0.08118295458386696,0.6531630781535105,0.8264381714761018,0.0,0.0
2829,2,211,4,M,1,0.3470216825124799,0.17014863785994067,0.34,0.17014863785994067,0.0002815684999490642,0.08118295458386696,0.34702168251247983,0.1701486378599407,0.0,0.0
2830,2,211,4,M,2,0.892081143885004,0.8298040451546758,1.0,0.8298040451546758,0.0002634139370683436,0.08118295458386696,0.892081143885004,0.8298040451546758,0.0,0.0
2831,2,211,4,M,3,0.10797998721495215,0.1705282289759121,0.0,0.1705282289759121,0.0002607317313793184,0.08118295458386696,0.10797998721495215,0.1705282289759121,0.0,0.0
2832,2,212,4,M,0,0.6531630781535105,0.8264381714761018,0.0,0.8264381714761018,0.0003151008195702715,0.08118295458386696,0.6531630781535104,0.8264381714761017,0.0,0.0
2833,2,212,4,M,1,0.34702168251247983,0.1701486378599407,0.34,0.1701486378599407,0.0002815684999490642,0.08118295458386696,0.34702168251247983,0.1701486378599407,0.0,0.0
2834,2,212,4,M,2,0.892081143885004,0.8298040451546758,1.0,0.8298040451546758,0.0002634139370683436,0.08118295458386696,0.892081143885004,0.8298040451546758,0.0,0.0
2835,2,212,4,M,3,0.10797998721495215,0.1705282289759121,0.0,0.1705282289759121,0.0002607317313793184,0.08118295458386696,0.10797998721495215,0.1705282289759121,0.0,0.0
2836,2,213,4,M,0,0.6531630781535104,0.8264381714761017,0.0,0.8264381714761017,0.0003151008195702715,0.08118295458386696,0.6531630781535105,0.8264381714761018,0.0,0.0
2837,2,213,4,M,1,0.34702168251247983,0.1701486378599407,0.34,0.1701486378599407,0.0002815684999490642,0.08118295458386696,0.34702168251247983,0.1701486378599407,0.0,0.0
2838,2,213,4,M,2,0.892081143885004,0.8298040451546758,1.0,0.8298040451546758,0.0002634139370683436,0.08118295458386696,0.892081143885004,0.8298040451546758,0.0,0.0
2839,2,213,4,M,3,0.10797998721495215,0.1705282289759121,0.0,0.1705282289759121,0.0002607317313793184,0.08118295458386696,0.10797998721495217,0.17052822897591213,0.0,0.0
2840,2,214,4,M,0,0.6531630781535105,0.8264381714761018,0.0,0.8264381714761018,0.0003151008195702715,0.08118295458386696,0.6531630781535104,0.8264381714761017,0.0,0.0
2841,2,214,4,M,1,0.34702168251247983,0.1701486378599407,0.34,0.1701486378599407,0.0002815684999490642,0.08118295458386696,0.3470216825124799,0.17014863785994067,0.0,0.0
2842,2,214,4,M,2,0.892081143885004,0.8298040451546758,1.0,0.8298040451546758,0.0002634139370683436,0.08118295458386696,0.892081143885004,0.8298040451546758,0.0,0.0
2843,2,214,4,M,3,0.10797998721495217,0.17052822897591213,0.0,0.17052822897591213,0.0002607317313793184,0.08118295458386696,0.10797998721495215,0.1705282289759121,0.0,0.0
2844,2,215,4,M,0,0.6531630781535104,0.8264381714761017,0.0,0.8264381714761017,0.0003151008195702715,0.08118295458386696,0.6531630781535105,0.8264381714761018,0.0,0.0
2845,2,215,4,M,1,0.3470216825124799,0.17014863785994067,0.34,0.17014863785994067,0.0002815684999490642,0.08118295458386696,0.34702168251247983,0.1701486378599407,0.0,0.0
2846,2,215,4,M,2,0.892081143885004,0.8298040451546758,1.0,0.8298040451546758,0.0002634139370683436,0.08118295458386696,0.892081143885004,0.8298040451546758,0.0,0.0
2847,2,215,4,M,3,0.10797998721495215,0.1705282289759121,0.0,0.1705282289759121,0.0002607317313793184,0.08118295458386696,0.10797998721495215,0.1705282289759121,0.0,0.0
2848,2,216,4,M,0,0.6531630781535105,0.8264381714761018,0.0,0.8264381714761018,0.0003151008195702715,0.08118295458386696,0.6531630781535104,0.8264381714761017,0.0,0.0
2849,2,216,4,M,1,0.34702168251247983,0.1701486378599407,0.34,0.1701486378599407,0.0002815684999490642,0.08118295458386696,0.34702168251247983,0.1701486378599407,0.0,0.0
2850,2,216,4,M,2,0.892081143885004,0.8298040451546758,1.0,0.8298040451546758,0.0002634139370683436,0.08118295458386696,0.892081143885004,0.8298040451546758,0.0,0.0
2851,2,216,4,M,3,0.10797998721495215,0.1705282289759121,0.0,0.1705282289759121,0.0002607317313793184,0.08118295458386696,0.10797998721495215,0.1705282289759121,0.0,0.0
2852,2,217,4,M,0,0.6531630781535104,0.8264381714761017,0.0,0.8264381714761017,0.0003151008195702715,0.08118295458386696,0.6531630781535105,0.8264381714761018,0.0,0.0
2853,2,217,4,M,1,0.34702168251247983,0.1701486378599407,0.34,0.1701486378599407,0.0002815684999490642,0.08118295458386696,0.34702168251247983,0.1701486378599407,0.0,0.0
2854,2,217,4,M,2,0.892081143885004,0.8298040451546758,1.0,0.8298040451546758,0.0002634139370683436,0.08118295458386696,0.892081143885004,0.8298040451546758,0.0,0.0
2855,2,217,4,M,3,0.10797998721495215,0.1705282289759121,0.0,0.1705282289759121,0.0002607317313793184,0.08118295458386696,0.10797998721495217,0.17052822897591213,0.0,0.0
2856,2,218,4,M,0,0.6531630781535105,0.8264381714761018,0.0,0.8264381714761018,0.0003151008195702715,0.08118295458386696,0.6531630781535104,0.8264381714761017,0.0,0.0
2857,2,218,4,M,1,0.34702168251247983,0.1701486378599407,0.34,0.1701486378599407,0.0002815684999490642,0.08118295458386696,0.3470216825124799,0.17014863785994067,0.0,0.0
2858,2,218,4,M,2,0.892081143885004,0.8298040451546758,1.0,0.8298040451546758,0.0002634139370683436,0.08118295458386696,0.892081143885004,0.8298040451546758,0.0,0.0
2859,2,218,4,M,3,0.10797998721495217,0.17052822897591213,0.0,0.17052822897591213,0.0002607317313793184,0.08118295458386696,0.10797998721495215,0.1705282289759121,0.0,0.0
2860,2,219,4,M,0,0.6531630781535104,0.8264381714761017,0.0,0.8264381714761017,0.0003151008195702715,0.08118295458386696,0.6531630781535105,0.8264381714761018,0.0,0.0
2861,2,219,4,M,1,0.3470216825124799,0.17014863785994067,0.34,0.17014863785994067,0.0002815684999490642,0.08118295458386696,0.34702168251247983,0.1701486378599407,0.0,0.0
2862,2,219,4,M,2,0.892081143885004,0.8298040451546758,1.0,0.8298040451546758,0.0002634139370683436,0.08118295458386696,0.892081143885004,0.8298040451546758,0.0,0.0
2863,2,219,4,M,3,0.10797998721495215,0.1705282289759121,0.0,0.1705282289759121,0.0002607317313793184,0.08118295458386696,0.10797998721495215,0.1705282289759121,0.0,0.0
2864,2,220,4,M,0,0.6531630781535105,0.8264381714761018,0.0,0.8264381714761018,0.0003151008195702715,0.08118295458386696,0.6531630781535104,0.8264381714761017,0.0,0.0
2865,2,220,4,M,1,0.34702168251247983,0.1701486378599407,0.34,0.1701486378599407,0.0002815684999490642,0.08118295458386696,0.34702168251247983,0.1701486378599407,0.0,0.0
2866,2,220,4,M,2,0.892081143885004,0.8298040451546758,1.0,0.8298040451546758,0.0002634139370683436,0.08118295458386696,0.892081143885004,0.8298040451546758,0.0,0.0
2867,2,220,4,M,3,0.10797998721495215,0.1705282289759121,0.0,0.1705282289759121,0.0002607317313793184,0.08118295458386696,0.10797998721495215,0.1705282289759121,0.0,0.0
2868,2,221,4,M,0,0.6531630781535104,0.8264381714761017,0.0,0.8264381714761017,0.0003151008195702715,0.08118295458386696,0.6531630781535105,0.8264381714761018,0.0,0.0
2869,2,221,4,M,1,0.34702168251247983,0.1701486378599407,0.34,0.1701486378599407,0.0002815684999490642,0.08118295458386696,0.34702168251247983,0.1701486378599407,0.0,0.0
2870,2,221,4,M,2,0.892081143885004,0.8298040451546758,1.0,0.8298040451546758,0.0002634139370683436,0.08118295458386696,0.892081143885004,0.8298040451546758,0.0,0.0
2871,2,221,4,M,3,0.10797998721495215,0.1705282289759121,0.0,0.1705282289759121,0.0002607317313793184,0.08118295458386696,0.10797998721495217,0.17052822897591213,0.0,0.0
2872,2,222,4,M,0,0.6531630781535105,0.8264381714761018,0.0,0.8264381714761018,0.0003151008195702715,0.08118295458386696,0.6531630781535104,0.8264381714761017,0.0,0.0
2873,2,222,4,M,1,0.34702168251247983,0.1701486378599407,0.34,0.1701486378599407,0.0002815684999490642,0.08118295458386696,0.3470216825124799,0.17014863785994067,0.0,0.0
2874,2,222,4,M,2,0.892081143885004,0.8298040451546758,1.0,0.8298040451546758,0.0002634139370683436,0.08118295458386696,0.892081143885004,0.8298040451546758,0.0,0.0
2875,2,222,4,M,3,0.10797998721495217,0.17052822897591213,0.0,0.17052822897591213,0.0002607317313793184,0.08118295458386696,0.10797998721495215,0.1705282289759121,0.0,0.0
2876,2,223,4,M,0,0.6531630781535104,0.8264381714761017,0.0,0.8264381714761017,0.0003151008195702715,0.08118295458386696,0.6531630781535105,0.8264381714761018,0.0,0.0
2877,2,223,4,M,1,0.3470216825124799,0.17014863785994067,0.34,0.17014863785994067,0.0002815684999490642,0.08118295458386696,0.34702168251247983,0.1701486378599407,0.0,0.0
2878,2,223,4,M,2,0.892081143885004,0.8298040451546758,1.0,0.8298040451546758,0.0002634139370683436,0.08118295458386696,0.892081143885004,0.8298040451546758,0.0,0.0
2879,2,223,4,M,3,0.10797998721495215,0.1705282289759121,0.0,0.1705282289759121,0.0002607317313793184,0.08118295458386696,0.10797998721495215,0.1705282289759121,0.0,0.0
2880,2,224,4,M,0,0.6531630781535105,0.8264381714761018,0.0,0.8264381714761018,0.0003151008195702715,0.08118295458386696,0.6531630781535104,0.8264381714761017,0.0,0.0
2881,2,224,4,M,1,0.34702168251247983,0.1701486378599407,0.34,0.1701486378599407,0.0002815684999490642,0.08118295458386696,0.34702168251247983,0.1701486378599407,0.0,0.0
2882,2,224,4,M,2,0.892081143885004,0.8298040451546758,1.0,0.8298040451546758,0.0002634139370683436,0.08118295458386696,0.892081143885004,0.8298040451546758,0.0,0.0
2883,2,224,4,M,3,0.10797998721495215,0.1705282289759121,0.0,0.1705282289759121,0.0002607317313793184,0.08118295458386696,0.10797998721495215,0.1705282289759121,0.0,0.0
2884,2,225,4,M,0,0.6531630781535104,0.8264381714761017,0.0,0.8264381714761017,0.0003151008195702715,0.08118295458386696,0.6531630781535105,0.8264381714761018,0.0,0.0
2885,2,225,4,M,1,0.34702168251247983,0.1701486378599407,0.34,0.1701486378599407,0.0002815684999490642,0.08118295458386696,0.34702168251247983,0.1701486378599407,0.0,0.0
2886,2,225,4,M,2,0.892081143885004,0.8298040451546758,1.0,0.8298040451546758,0.0002634139370683436,0.08118295458386696,0.892081143885004,0.8298040451546758,0.0,0.0
2887,2,225,4,M,3,0.10797998721495215,0.1705282289759121,0.0,0.1705282289759121,0.0002607317313793184,0.08118295458386696,0.10797998721495217,0.17052822897591213,0.0,0.0
2888,2,226,4,M,0,0.6531630781535105,0.8264381714761018,0.0,0.8264381714761018,0.0003151008195702715,0.08118295458386696,0.6531630781535104,0.8264381714761017,0.0,0.0
2889,2,226,4,M,1,0.34702168251247983,0.1701486378599407,0.34,0.1701486378599407,0.0002815684999490642,0.08118295458386696,0.3470216825124799,0.17014863785994067,0.0,0.0
2890,2,226,4,M,2,0.892081143885004,0.8298040451546758,1.0,0.8298040451546758,0.0002634139370683436,0.08118295458386696,0.892081143885004,0.8298040451546758,0.0,0.0
2891,2,226,4,M,3,0.10797998721495217,0.17052822897591213,0.0,0.17052822897591213,0.0002607317313793184,0.08118295458386696,0.10797998721495215,0.1705282289759121,0.0,0.0
2892,2,227,4,M,0,0.6531630781535104,0.8264381714761017,0.0,0.8264381714761017,0.0003151008195702715,0.08118295458386696,0.6531630781535105,0.8264381714761018,0.0,0.0
2893,2,227,4,M,1,0.3470216825124799,0.17014863785994067,0.34,0.17014863785994067,0.0002815684999490642,0.08118295458386696,0.34702168251247983,0.1701486378599407,0.0,0.0
2894,2,227,4,M,2,0.892081143885004,0.8298040451546758,1.0,0.8298040451546758,0.0002634139370683436,0.08118295458386696,0.892081143885004,0.8298040451546758,0.0,0.0
2895,2,227,4,M,3,0.10797998721495215,0.1705282289759121,0.0,0.1705282289759121,0.0002607317313793184,0.08118295458386696,0.10797998721495215,0.1705282289759121,0.0,0.0
2896,2,228,4,M,0,0.6531630781535105,0.8264381714761018,0.0,0.8264381714761018,0.0003151008195702715,0.08118295458386696,0.6531630781535104,0.8264381714761017,0.0,0.0
2897,2,228,4,M,1,0.34702168251247983,0.1701486378599407,0.34,0.1701486378599407,0.0002815684999490642,0.08118295458386696,0.34702168251247983,0.1701486378599407,0.0,0.0
2898,2,228,4,M,2,0.892081143885004,0.8298040451546758,1.0,0.8298040451546758,0.0002634139370683436,0.08118295458386696,0.892081143885004,0.8298040451546758,0.0,0.0
2899,2,228,4,M,3,0.10797998721495215,0.1705282289759121,0.0,0.1705282289759121,0.0002607317313793184,0.08118295458386696,0.10797998721495215,0.1705282289759121,0.0,0.0
2900,2,229,4,M,0,0.6531630781535104,0.8264381714761017,0.0,0.8264381714761017,0.0003151008195702715,0.08118295458386696,0.6531630781535105,0.8264381714761018,0.0,0.0
2901,2,229,4,M,1,0.34702168251247983,0.1701486378599407,0.34,0.1701486378599407,0.0002815684999490642,0.08118295458386696,0.34702168251247983,0.1701486378599407,0.0,0.0
2902,2,229,4,M,2,0.892081143885004,0.8298040451546758,1.0,0.8298040451546758,0.0002634139370683436,0.08118295458386696,0.892081143885004,0.8298040451546758,0.0,0.0
2903,2,229,4,M,3,0.10797998721495215,0.1705282289759121,0.0,0.1705282289759121,0.0002607317313793184,0.08118295458386696,0.10797998721495217,0.17052822897591213,0.0,0.0
2904,2,230,4,M,0,0.6531630781535105,0.8264381714761018,0.0,0.8264381714761018,0.0003151008195702715,0.08118295458386696,0.6531630781535104,0.8264381714761017,0.0,0.0
2905,2,230,4,M,1,0.34702168251247983,0.1701486378599407,0.34,0.1701486378599407,0.0002815684999490642,0.08118295458386696,0.3470216825124799,0.17014863785994067,0.0,0.0
2906,2,230,4,M,2,0.892081143885004,0.8298040451546758,1.0,0.8298040451546758,0.0002634139370683436,0.08118295458386696,0.892081143885004,0.8298040451546758,0.0,0.0
2907,2,230,4,M,3,0.10797998721495217,0.17052822897591213,0.0,0.17052822897591213,0.0002607317313793184,0.08118295458386696,0.10797998721495215,0.1705282289759121,0.0,0.0
2908,2,231,4,M,0,0.6531630781535104,0.8264381714761017,0.0,0.8264381714761017,0.0003151008195702715,0.08118295458386696,0.6531630781535105,0.8264381714761018,0.0,0.0
2909,2,231,4,M,1,0.3470216825124799,0.17014863785994067,0.34,0.17014863785994067,0.0002815684999490642,0.08118295458386696,0.34702168251247983,0.1701486378599407,0.0,0.0
2910,2,231,4,M,2,0.892081143885004,0.8298040451546758,1.0,0.8298040451546758,0.0002634139370683436,0.08118295458386696,0.892081143885004,0.8298040451546758,0.0,0.0
2911,2,231,4,M,3,0.10797998721495215,0.1705282289759121,0.0,0.1705282289759121,0.0002607317313793184,0.08118295458386696,0.10797998721495215,0.1705282289759121,0.0,0.0
2912,2,232,4,M,0,0.6531630781535105,0.8264381714761018,0.0,0.8264381714761018,0.0003151008195702715,0.08118295458386696,0.6531630781535104,0.8264381714761017,0.0,0.0
2913,2,232,4,M,1,0.34702168251247983,0.1701486378599407,0.34,0.1701486378599407,0.0002815684999490642,0.08118295458386696,0.34702168251247983,0.1701486378599407,0.0,0.0
2914,2,232,4,M,2,0.892081143885004,0.8298040451546758,1.0,0.8298040451546758,0.0002634139370683436,0.08118295458386696,0.892081143885004,0.8298040451546758,0.0,0.0
2915,2,232,4,M,3,0.10797998721495215,0.1705282289759121,0.0,0.1705282289759121,0.0002607317313793184,0.08118295458386696,0.10797998721495215,0.1705282289759121,0.0,0.0
2916,2,233,4,M,0,0.6531630781535104,0.8264381714761017,0.0,0.8264381714761017,0.0003151008195702715,0.08118295458386696,0.6531630781535105,0.8264381714761018,0.0,0.0
2917,2,233,4,M,1,0.34702168251247983,0.1701486378599407,0.34,0.1701486378599407,0.0002815684999490642,0.08118295458386696,0.34702168251247983,0.1701486378599407,0.0,0.0
2918,2,233,4,M,2,0.892081143885004,0.8298040451546758,1.0,0.8298040451546758,0.0002634139370683436,0.08118295458386696,0.892081143885004,0.8298040451546758,0.0,0.0
2919,2,233,4,M,3,0.10797998721495215,0.1705282289759121,0.0,0.1705282289759121,0.0002607317313793184,0.08118295458386696,0.10797998721495217,0.17052822897591213,0.0,0.0
2920,2,234,4,M,0,0.6531630781535105,0.8264381714761018,0.0,0.8264381714761018,0.0003151008195702715,0.08118295458386696,0.6531630781535104,0.8264381714761017,0.0,0.0
2921,2,234,4,M,1,0.34702168251247983,0.1701486378599407,0.34,0.1701486378599407,0.0002815684999490642,0.08118295458386696,0.3470216825124799,0.17014863785994067,0.0,0.0
2922,2,234,4,M,2,0.892081143885004,0.8298040451546758,1.0,0.8298040451546758,0.0002634139370683436,0.08118295458386696,0.892081143885004,0.8298040451546758,0.0,0.0
2923,2,234,4,M,3,0.10797998721495217,0.17052822897591213,0.0,0.17052822897591213,0.0002607317313793184,0.08118295458386696,0.10797998721495215,0.1705282289759121,0.0,0.0
2924,2,235,4,M,0,0.6531630781535104,0.8264381714761017,0.0,0.8264381714761017,0.0003151008195702715,0.08118295458386696,0.6531630781535105,0.8264381714761018,0.0,0.0
2925,2,235,4,M,1,0.3470216825124799,0.17014863785994067,0.34,0.17014863785994067,0.0002815684999490642,0.08118295458386696,0.34702168251247983,0.1701486378599407,0.0,0.0
2926,2,235,4,M,2,0.892081143885004,0.8298040451546758,1.0,0.8298040451546758,0.0002634139370683436,0.08118295458386696,0.892081143885004,0.8298040451546758,0.0,0.0
2927,2,235,4,M,3,0.10797998721495215,0.1705282289759121,0.0,0.1705282289759121,0.0002607317313793184,0.08118295458386696,0.10797998721495215,0.1705282289759121,0.0,0.0
2928,2,236,4,M,0,0.6531630781535105,0.8264381714761018,0.0,0.8264381714761018,0.0003151008195702715,0.08118295458386696,0.6531630781535104,0.8264381714761017,0.0,0.0
2929,2,236,4,M,1,0.34702168251247983,0.1701486378599407,0.34,0.1701486378599407,0.0002815684999490642,0.08118295458386696,0.34702168251247983,0.1701486378599407,0.0,0.0
2930,2,236,4,M,2,0.892081143885004,0.8298040451546758,1.0,0.8298040451546758,0.0002634139370683436,0.08118295458386696,0.892081143885004,0.8298040451546758,0.0,0.0
2931,2,236,4,M,3,0.10797998721495215,0.1705282289759121,0.0,0.1705282289759121,0.0002607317313793184,0.08118295458386696,0.10797998721495215,0.1705282289759121,0.0,0.0
2932,2,237,4,M,0,0.6531630781535104,0.8264381714761017,0.0,0.8264381714761017,0.0003151008195702715,0.08118295458386696,0.6531630781535105,0.8264381714761018,0.0,0.0
2933,2,237,4,M,1,0.34702168251247983,0.1701486378599407,0.34,0.1701486378599407,0.0002815684999490642,0.08118295458386696,0.34702168251247983,0.1701486378599407,0.0,0.0
2934,2,237,4,M,2,0.892081143885004,0.8298040451546758,1.0,0.8298040451546758,0.0002634139370683436,0.08118295458386696,0.892081143885004,0.8298040451546758,0.0,0.0
2935,2,237,4,M,3,0.10797998721495215,0.1705282289759121,0.0,0.1705282289759121,0.0002607317313793184,0.08118295458386696,0.10797998721495217,0.17052822897591213,0.0,0.0
2936,2,238,4,M,0,0.6531630781535105,0.8264381714761018,0.0,0.8264381714761018,0.0003151008195702715,0.08118295458386696,0.6531630781535104,0.8264381714761017,0.0,0.0
2937,2,238,4,M,1,0.34702168251247983,0.1701486378599407,0.34,0.1701486378599407,0.0002815684999490642,0.08118295458386696,0.3470216825124799,0.17014863785994067,0.0,0.0
2938,2,238,4,M,2,0.892081143885004,0.8298040451546758,1.0,0.8298040451546758,0.0002634139370683436,0.08118295458386696,0.892081143885004,0.8298040451546758,0.0,0.0
2939,2,238,4,M,3,0.10797998721495217,0.17052822897591213,0.0,0.17052822897591213,0.0002607317313793184,0.08118295458386696,0.10797998721495215,0.1705282289759121,0.0,0.0
2940,2,239,4,M,0,0.6531630781535104,0.8264381714761017,0.0,0.8264381714761017,0.0003151008195702715,0.08118295458386696,0.6531630781535105,0.8264381714761018,0.0,0.0
2941,2,239,4,M,1,0.3470216825124799,0.17014863785994067,0.34,0.17014863785994067,0.0002815684999490642,0.08118295458386696,0.34702168251247983,0.1701486378599407,0.0,0.0
2942,2,239,4,M,2,0.892081143885004,0.8298040451546758,1.0,0.8298040451546758,0.0002634139370683436,0.08118295458386696,0.892081143885004,0.8298040451546758,0.0,0.0
2943,2,239,4,M,3,0.10797998721495215,0.1705282289759121,0.0,0.1705282289759121,0.0002607317313793184,0.08118295458386696,0.10797998721495215,0.1705282289759121,0.0,0.0
2944,2,240,4,M,0,0.6531630781535105,0.8264381714761018,0.0,0.8264381714761018,0.0003151008195702715,0.08118295458386696,0.6531630781535104,0.8264381714761017,0.0,0.0
2945,2,240,4,M,1,0.34702168251247983,0.1701486378599407,0.34,0.1701486378599407,0.0002815684999490642,0.08118295458386696,0.34702168251247983,0.1701486378599407,0.0,0.0
2946,2,240,4,M,2,0.892081143885004,0.8298040451546758,1.0,0.8298040451546758,0.0002634139370683436,0.08118295458386696,0.892081143885004,0.8298040451546758,0.0,0.0
2947,2,240,4,M,3,0.10797998721495215,0.1705282289759121,0.0,0.1705282289759121,0.0002607317313793184,0.08118295458386696,0.10797998721495215,0.1705282289759121,0.0,0.0
2948,2,241,4,M,0,0.6531630781535104,0.8264381714761017,0.0,0.8264381714761017,0.0003151008195702715,0.08118295458386696,0.6531630781535105,0.8264381714761018,0.0,0.0
2949,2,241,4,M,1,0.34702168251247983,0.1701486378599407,0.34,0.1701486378599407,0.0002815684999490642,0.08118295458386696,0.34702168251247983,0.1701486378599407,0.0,0.0
2950,2,241,4,M,2,0.892081143885004,0.8298040451546758,1.0,0.8298040451546758,0.0002634139370683436,0.08118295458386696,0.892081143885004,0.8298040451546758,0.0,0.0
2951,2,241,4,M,3,0.10797998721495215,0.1705282289759121,0.0,0.1705282289759121,0.0002607317313793184,0.08118295458386696,0.10797998721495217,0.17052822897591213,0.0,0.0
2952,2,242,4,M,0,0.6531630781535105,0.8264381714761018,0.0,0.8264381714761018,0.0003151008195702715,0.08118295458386696,0.6531630781535104,0.8264381714761017,0.0,0.0
2953,2,242,4,M,1,0.34702168251247983,0.1701486378599407,0.34,0.1701486378599407,0.0002815684999490642,0.08118295458386696,0.3470216825124799,0.17014863785994067,0.0,0.0
2954,2,242,4,M,2,0.892081143885004,0.8298040451546758,1.0,0.8298040451546758,0.0002634139370683436,0.08118295458386696,0.892081143885004,0.8298040451546758,0.0,0.0
2955,2,242,4,M,3,0.10797998721495217,0.17052822897591213,0.0,0.17052822897591213,0.0002607317313793184,0.08118295458386696,0.10797998721495215,0.1705282289759121,0.0,0.0
2956,2,243,4,M,0,0.6531630781535104,0.8264381714761017,0.0,0.8264381714761017,0.0003151008195702715,0.08118295458386696,0.6531630781535105,0.8264381714761018,0.0,0.0
2957,2,243,4,M,1,0.3470216825124799,0.17014863785994067,0.34,0.17014863785994067,0.0002815684999490642,0.08118295458386696,0.34702168251247983,0.1701486378599407,0.0,0.0
2958,2,243,4,M,2,0.892081143885004,0.8298040451546758,1.0,0.8298040451546758,0.0002634139370683436,0.08118295458386696,0.892081143885004,0.8298040451546758,0.0,0.0
2959,2,243,4,M,3,0.10797998721495215,0.1705282289759121,0.0,0.1705282289759121,0.0002607317313793184,0.08118295458386696,0.10797998721495215,0.1705282289759121,0.0,0.0
2960,2,244,4,M,0,0.6531630781535105,0.8264381714761018,0.0,0.8264381714761018,0.0003151008195702715,0.08118295458386696,0.6531630781535104,0.8264381714761017,0.0,0.0
2961,2,244,4,M,1,0.34702168251247983,0.1701486378599407,0.34,0.1701486378599407,0.0002815684999490642,0.08118295458386696,0.34702168251247983,0.1701486378599407,0.0,0.0
2962,2,244,4,M,2,0.892081143885004,0.8298040451546758,1.0,0.8298040451546758,0.0002634139370683436,0.08118295458386696,0.892081143885004,0.8298040451546758,0.0,0.0
2963,2,244,4,M,3,0.10797998721495215,0.1705282289759121,0.0,0.1705282289759121,0.0002607317313793184,0.08118295458386696,0.10797998721495215,0.1705282289759121,0.0,0.0
2964,2,245,4,M,0,0.6531630781535104,0.8264381714761017,0.0,0.8264381714761017,0.0003151008195702715,0.08118295458386696,0.6531630781535105,0.8264381714761018,0.0,0.0
2965,2,245,4,M,1,0.34702168251247983,0.1701486378599407,0.34,0.1701486378599407,0.0002815684999490642,0.08118295458386696,0.34702168251247983,0.1701486378599407,0.0,0.0
2966,2,245,4,M,2,0.892081143885004,0.8298040451546758,1.0,0.8298040451546758,0.0002634139370683436,0.08118295458386696,0.892081143885004,0.8298040451546758,0.0,0.0
2967,2,245,4,M,3,0.10797998721495215,0.1705282289759121,0.0,0.1705282289759121,0.0002607317313793184,0.08118295458386696,0.10797998721495217,0.17052822897591213,0.0,0.0
2968,2,246,4,M,0,0.6531630781535105,0.8264381714761018,0.0,0.8264381714761018,0.0003151008195702715,0.08118295458386696,0.6531630781535104,0.8264381714761017,0.0,0.0
2969,2,246,4,M,1,0.34702168251247983,0.1701486378599407,0.34,0.1701486378599407,0.0002815684999490642,0.08118295458386696,0.3470216825124799,0.17014863785994067,0.0,0.0
2970,2,246,4,M,2,0.892081143885004,0.8298040451546758,1.0,0.8298040451546758,0.0002634139370683436,0.08118295458386696,0.892081143885004,0.8298040451546758,0.0,0.0
2971,2,246,4,M,3,0.10797998721495217,0.17052822897591213,0.0,0.17052822897591213,0.0002607317313793184,0.08118295458386696,0.10797998721495215,0.1705282289759121,0.0,0.0
2972,2,247,4,M,0,0.6531630781535104,0.8264381714761017,0.0,0.8264381714761017,0.0003151008195702715,0.08118295458386696,0.6531630781535105,0.8264381714761018,0.0,0.0
2973,2,247,4,M,1,0.3470216825124799,0.17014863785994067,0.34,0.17014863785994067,0.0002815684999490642,0.08118295458386696,0.34702168251247983,0.1701486378599407,0.0,0.0
2974,2,247,4,M,2,0.892081143885004,0.8298040451546758,1.0,0.8298040451546758,0.0002634139370683436,0.08118295458386696,0.892081143885004,0.8298040451546758,0.0,0.0
2975,2,247,4,M,3,0.10797998721495215,0.1705282289759121,0.0,0.1705282289759121,0.0002607317313793184,0.08118295458386696,0.10797998721495215,0.1705282289759121,0.0,0.0
2976,3,0,0,M,0,0.2046194840652401,0.4780333908849743,0.0,0.4780333908849743,0.04633386588777007,0.08118295458386696,0.283468319958476,0.7315263835995376,0.0,0.0
2977,3,0,0,M,1,0.21981524088905546,0.12318857011152484,0.0,0.12318857011152484,0.046333865887770116,0.08118295458386696,0.2195632805352287,0.15093647701395038,0.0,0.0
2978,3,0,0,M,2,0.773246653930233,0.045151515167013545,1.0,0.045151515167013545,0.0463338658877701,0.08118295458386696,0.8468964687712434,0.21774208540638929,0.0,0.0
2979,3,0,0,M,3,0.4680935002584834,0.23044247546717356,1.0,0.23044247546717356,0.04633386588777013,0.08118295458386696,0.6144772099434498,0.40237853074243124,0.0,0.0
2980,3,1,0,M,0,0.0,0.5,0.0,0.5,0.046009025049502265,0.08118295458386696,0.29929022307918074,0.7868120976145209,1.0,1.0
2981,3,1,0,M,1,0.24,0.24,0.0,0.24,0.042404649769839285,0.08118295458386696,0.2297495161901593,0.220910020828889,1.0,1.0
2982,3,1,0,M,2,0.76,0.24,1.0,0.24,0.04525851224184429,0.08118295458386696,0.9122975404295609,0.21583747758115646,1.0,1.0
2983,3,1,0,M,3,0.5,0.0,1.0,0.0,0.04632867912876056,0.08118295458386696,0.6321822034244923,0.5337444131591565,1.0,1.0
2984,3,2,0,M,0,0.24,0.76,0.72,0.76,0.04554969095643901,0.08118295458386696,0.24915969427392634,0.9106039100493745,1.0,1.0
2985,3,2,0,M,1,0.0,0.0,0.0,0.0,0.017713080203503345,0.08118295458386696,0.1902157877485864,0.18839465765272323,1.0,1.0
2986,3,2,0,M,2,1.0,0.5,1.0,0.5,0.04218398510829038,0.08118295458386696,0.900675230983142,0.13087183993532092,1.0,1.0
2987,3,2,0,M,3,0.5,0.5,1.0,0.5,0.0460058809960224,0.08118295458386696,0.6801867532000413,0.7697110694348851,1.0,1.0
2988,3,3,0,M,0,0.5,1.0,0.0,1.0,0.04217740121078284,0.08118295458386696,0.11414559931046474,0.9058726212495083,1.0,1.0
2989,3,3,0,M,1,0.1902157877485864,0.18839465765272323,0.0,0.18839465765272323,0.017671071464196664,0.08118295458386696,0.19280037281954554,0.18710956389566108,0.0,0.0
2990,3,3,0,M,2,1.0,0.0,1.0,0.0,0.017671071464196678,0.08118295458386696,0.7566818407278415,0.35098158890242087,1.0,1.0
2991,3,3,0,M,3,0.76,0.76,1.0,0.76,0.04217740121078287,0.08118295458386696,0.765961980218992,0.7575686914614084,1.0,1.0
2992,3,4,0,M,0,0.0,1.0,0.0,1.0,0.017669222480267685,0.08118295458386696,0.27377162594917887,0.7122923627580582,1.0,1.0
2993,3,4,0,M,1,0.19280037281954554,0.18710956389566108,0.24,0.18710956389566108,0.017669222480267685,0.08118295458386696,0.189096944140845,0.1932278474267698,0.0,0.0
2994,3,4,0,M,2,0.7566818407278415,0.35098158890242087,1.0,0.35098158890242087,0.017669222480267685,0.08118295458386696,0.6867644853949999,0.3935849546585778,0.0,0.0
2995,3,4,0,M,3,1.0,1.0,0.76,1.0,0.0176692224802677,0.08118295458386696,0.803998273825005,0.816076888057567,1.0,1.0
2996,3,5,0,M,0,0.27377162594917887,0.7122923627580582,0.0,0.7122923627580582,0.017669222480267685,0.08118295458386696,0.33433370032919113,0.6434516214308683,0.0,0.0
2997,3,5,0,M,1,0.189096944140845,0.1932278474267698,0.24,0.1932278474267698,0.017669222480267685,0.08118295458386696,0.18369319840859655,0.18092653939422043,0.0,0.0
2998,3,5,0,M,2,0.6867644853949999,0.3935849546585778,1.0,0.3935849546585778,0.017669222480267685,0.08118295458386696,0.6676728706367578,0.4349470125757063,0.0,0.0
2999,3,5,0,M,3,0.803998273825005,0.816076888057567,0.76,0.816076888057567,0.0176692224802677,0.08118295458386696,0.819203395353634,0.8275690737895834,0.0,0.0
3000,3,6,0,M,0,0.33433370032919113,0.6434516214308683,0.0,0.6434516214308683,0.017669222480267685,0.08118295458386696,0.345844591266789,0.6081956583661366,0.0,0.0
3001,3,6,0,M,1,0.18369319840859655,0.18092653939422043,0.24,0.18092653939422043,0.017669222480267685,0.08118295458386696,0.1824941915427984,0.1751451922557003,0.0,0.0
3002,3,6,0,M,2,0.6676728706367578,0.4349470125757063,1.0,0.4349470125757063,0.017669222480267685,0.08118295458386696,0.6814198715678058,0.46549942930675303,0.0,0.0
3003,3,6,0,M,3,0.819203395353634,0.8275690737895834,0.76,0.8275690737895834,0.0176692224802677,0.08118295458386696,0.8245592054032282,0.833694651638972,0.0,0.0
3004,3,7,0,M,0,0.345844591266789,0.6081956583661366,0.0,0.6081956583661366,0.017669222480267685,0.08118295458386696,0.3373452602446585,0.5783218560982072,0.0,0.0
3005,3,7,0,M,1,0.1824941915427984,0.1751451922557003,0.24,0.1751451922557003,0.017669222480267685,0.08118295458386696,0.1834321024841907,0.1725711302815587,0.0,0.0
3006,3,7,0,M,2,0.6814198715678058,0.46549942930675303,1.0,0.46549942930675303,0.017669222480267685,0.08118295458386696,0.7074988624509874,0.4997991538373359,0.0,0.0
3007,3,7,0,M,3,0.8245592054032282,0.833694651638972,0.76,0.833694651638972,0.0176692224802677,0.08118295458386696,0.8250373783674925,0.8395045437944081,0.0,0.0
3008,3,8,1,M,0,0.3373452602446585,0.5783218560982072,0.0,0.5783218560982072,0.017669222480267685,0.08118295458386696,0.32114767927765053,0.5390161353084396,0.0,0.0
3009,3,8,1,M,1,0.1834321024841907,0.1725711302815587,0.24,0.1725711302815587,0.017669222480267685,0.08118295458386696,0.18457256982639295,0.16876404096161693,0.0,0.0
3010,3,8,1,M,2,0.7074988624509874,0.4997991538373359,1.0,0.4997991538373359,0.017669222480267685,0.08118295458386696,0.7327699227145964,0.5401468408098262,0.0,0.0
3011,3,8,1,M,3,0.8250373783674925,0.8395045437944081,0.76,0.8395045437944081,0.0176692224802677,0.08118295458386696,0.8244152324095355,0.8468218128214485,0.0,0.0
3012,3,9,1,M,0,0.5,0.76,0.0,0.76,0.017026191886966954,0.08118295458386696,0.2654368205325708,0.4721596776982385,1.0,1.0
3013,3,9,1,M,1,0.5,0.24,0.0,0.24,0.017049730379785646,0.08118295458386696,0.17413355466702624,0.16327832802521178,1.0,1.0
3014,3,9,1,M,2,0.74,0.5,0.76,0.5,0.016276096305476898,0.08118295458386696,0.7934465923938906,0.5745347723057854,1.0,1.0
3015,3,9,1,M,3,1.0,0.76,0.74,0.76,0.014297297288182062,0.08118295458386696,0.8358111219243932,0.8537092713633421,1.0,1.0
3016,3,10,1,M,0,0.24,1.0,0.0,1.0,0.014721493988191559,0.08118295458386696,0.2490358319532038,0.4053639693802597,1.0,1.0
3017,3,10,1,M,1,0.0,0.24,0.24,0.24,0.014142869780390949,0.08118295458386696,0.16399922082730253,0.15110832102541455,1.0,1.0
3018,3,10,1,M,2,0.76,0.0,1.0,0.0,0.012964675623289124,0.08118295458386696,0.8100457716904632,0.6328110157878983,1.0,1.0
3019,3,10,1,M,3,0.76,1.0,0.9,1.0,0.0025515838061649504,0.08118295458386696,0.8298476682665572,0.8690641193132919,1.0,1.0
3020,3,11,1,M,0,0.0,0.76,0.24,0.76,0.008770704206193053,0.08118295458386696,0.23489000074283325,0.3820237242174556,1.0,1.0
3021,3,11,1,M,1,0.24,0.0,0.12,0.0,0.002665362250372283,0.08118295458386696,0.16229714367991482,0.13294352462788186,1.0,1.0
3022,3,11,1,M,2,1.0,0.24,0.88,0.24,0.0026786981803385845,0.08118295458386696,0.8110252942410914,0.66357692175753,1.0,1.0
3023,3,11,1,M,3,0.8298476682665572,0.8690641193132919,0.36,0.8690641193132919,0.0025637522902979826,0.08118295458386696,0.830158618255896,0.8839089268621337,0.0,0.0
3024,3,12,1,M,0,0.23489000074283325,0.3820237242174556,0.24,0.3820237242174556,0.008770704206193053,0.08118295458386696,0.22393130039811782,0.3656758160420063,0.0,0.0
3025,3,12,1,M,1,0.16229714367991482,0.13294352462788186,0.12,0.13294352462788186,0.002665362250372283,0.08118295458386696,0.16163609260079895,0.12249567765092322,0.0,0.0
3026,3,12,1,M,2,0.8110252942410914,0.66357692175753,0.88,0.66357692175753,0.0026786981803385845,0.08118295458386696,0.8114453583731387,0.6788966003438569,0.0,0.0
3027,3,12,1,M,3,0.830158618255896,0.8839089268621337,0.36,0.8839089268621337,0.0025637522902979826,0.08118295458386696,0.8317073101379364,0.8936899089261394,0.0,0.0
3028,3,13,1,M,0,0.22393130039811782,0.3656758160420063,0.24,0.3656758160420063,0.008770704206193053,0.08118295458386696,0.2169138898770388,0.3569253098810656,0.0,0.0
3029,3,13,1,M,1,0.16163609260079895,0.12249567765092322,0.12,0.12249567765092322,0.002665362250372283,0.08118295458386696,0.1623869418624227,0.11613157427613265,0.0,0.0
3030,3,13,1,M,2,0.8114453583731387,0.6788966003438569,0.88,0.6788966003438569,0.0026786981803385845,0.08118295458386696,0.8112447151608536,0.6872691938799905,0.0,0.0
3031,3,13,1,M,3,0.8317073101379364,0.8936899089261394,0.36,0.8936899089261394,0.0025637522902979826,0.08118295458386696,0.8330026844057918,0.8990463992196236,0.0,0.0
3032,3,14,1,M,0,0.2169138898770388,0.3569253098810656,0.24,0.3569253098810656,0.008770704206193053,0.08118295458386696,0.21279370191347313,0.3510963933864848,0.0,0.0
3033,3,14,1,M,1,0.1623869418624227,0.11613157427613265,0.12,0.11613157427613265,0.002665362250372283,0.08118295458386696,0.16307918532971974,0.11206955092054538,0.0,0.0
3034,3,14,1,M,2,0.8112447151608536,0.6872691938799905,0.88,0.6872691938799905,0.0026786981803385845,0.08118295458386696,0.8108799955920272,0.6922389786167953,0.0,0.0
3035,3,14,1,M,3,0.8330026844057918,0.8990463992196236,0.36,0.8990463992196236,0.0025637522902979826,0.08118295458386696,0.8338629514987282,0.9021819549485662,0.0,0.0
3036,3,15,1,M,0,0.21279370191347313,0.3510963933864848,0.24,0.3510963933864848,0.008770704206193053,0.08118295458386696,0.2113580224424355,0.3480078090831161,0.0,0.0
3037,3,15,1,M,1,0.16307918532971974,0.11206955092054538,0.12,0.11206955092054538,0.002665362250372283,0.08118295458386696,0.16305455986066072,0.10994517587248422,0.0,0.0
3038,3,15,1,M,2,0.8108799955920272,0.6922389786167953,0.88,0.6922389786167953,0.0026786981803385845,0.08118295458386696,0.8108215971328131,0.6946147668831926,0.0,0.0
3039,3,15,1,M,3,0.8338629514987282,0.9021819549485662,0.36,0.9021819549485662,0.0025637522902979826,0.08118295458386696,0.834369264048975,0.9037961757651045,0.0,0.0
3040,3,16,1,M,0,0.2113580224424355,0.3480078090831161,0.24,0.3480078090831161,0.008770704206193053,0.08118295458386696,0.20995112338588323,0.3461080408244442,0.0,0.0
3041,3,16,1,M,1,0.16305455986066072,0.10994517587248422,0.12,0.10994517587248422,0.002665362250372283,0.08118295458386696,0.16334631244180992,0.10849522955541893,0.0,0.0
3042,3,16,1,M,2,0.8108215971328131,0.6946147668831926,0.88,0.6946147668831926,0.0026786981803385845,0.08118295458386696,0.8115106406494441,0.6962286791809916,0.0,0.0
3043,3,16,1,M,3,0.834369264048975,0.9037961757651045,0.36,0.9037961757651045,0.0025637522902979826,0.08118295458386696,0.8342600223251532,0.9049948059781678,0.0,0.0
3044,3,17,1,M,0,0.20995112338588323,0.3461080408244442,0.24,0.3461080408244442,0.008770704206193053,0.08118295458386696,0.208730399869391,0.3455903725387798,0.0,0.0
3045,3,17,1,M,1,0.16334631244180992,0.10849522955541893,0.12,0.10849522955541893,0.002665362250372283,0.08118295458386696,0.16389109231407178,0.10793670183938024,0.0,0.0
3046,3,17,1,M,2,0.8115106406494441,0.6962286791809916,0.88,0.6962286791809916,0.0026786981803385845,0.08118295458386696,0.8122487181775628,0.6979240532829191,0.0,0.0
3047,3,17,1,M,3,0.8342600223251532,0.9049948059781678,0.36,0.9049948059781678,0.0025637522902979826,0.08118295458386696,0.8340252248246487,0.9062597018122422,0.0,0.0
3048,3,18,1,M,0,0.208730399869391,0.3455903725387798,0.24,0.3455903725387798,0.008770704206193053,0.08118295458386696,0.20819399592635343,0.3449299072845324,0.0,0.0
3049,3,18,1,M,1,0.16389109231407178,0.10793670183938024,0.12,0.10793670183938024,0.002665362250372283,0.08118295458386696,0.16407797196701687,0.10739399702282025,0.0,0.0
3050,3,18,1,M,2,0.8122487181775628,0.6979240532829191,0.88,0.6979240532829191,0.0026786981803385845,0.08118295458386696,0.8125049421267163,0.698706176492705,0.0,0.0
3051,3,18,1,M,3,0.8340252248246487,0.9062597018122422,0.36,0.9062597018122422,0.0025637522902979826,0.08118295458386696,0.8340166170033907,0.9067837838457247,0.0,0.0
3052,3,19,1,M,0,0.20819399592635343,0.3449299072845324,0.24,0.3449299072845324,0.008770704206193053,0.08118295458386696,0.20822270115526767,0.3441753478077366,0.0,0.0
3053,3,19,1,M,1,0.16407797196701687,0.10739399702282025,0.12,0.10739399702282025,0.002665362250372283,0.08118295458386696,0.16387426310599543,0.10698380373374401,0.0,0.0
3054,3,19,1,M,2,0.8125049421267163,0.698706176492705,0.88,0.698706176492705,0.0026786981803385845,0.08118295458386696,0.8124883481388293,0.6986678232410144,0.0,0.0
3055,3,19,1,M,3,0.8340166170033907,0.9067837838457247,0.36,0.9067837838457247,0.0025637522902979826,0.08118295458386696,0.8340166170033907,0.9067837838457247,0.0,0.0
3056,3,20,1,M,0,0.20822270115526767,0.3441753478077366,0.24,0.3441753478077366,0.008770704206193053,0.08118295458386696,0.20823755287531878,0.34416710335968215,0.0,0.0
3057,3,20,1,M,1,0.16387426310599543,0.10698380373374401,0.12,0.10698380373374401,0.002665362250372283,0.08118295458386696,0.16386416766811804,0.10698238074758966,0.0,0.0
3058,3,20,1,M,2,0.8124883481388293,0.6986678232410144,0.88,0.6986678232410144,0.0026786981803385845,0.08118295458386696,0.8124883481388292,0.6986678232410145,0.0,0.0
3059,3,20,1,M,3,0.8340166170033907,0.9067837838457247,0.36,0.9067837838457247,0.0025637522902979826,0.08118295458386696,0.8340166170033907,0.9067837838457248,0.0,0.0
3060,3,21,1,M,0,0.20823755287531878,0.34416710335968215,0.24,0.34416710335968215,0.008770704206193053,0.08118295458386696,0.2082375528753188,0.3441671033596822,0.0,0.0
3061,3,21,1,M,1,0.16386416766811804,0.10698238074758966,0.12,0.10698238074758966,0.002665362250372283,0.08118295458386696,0.163864167668118,0.10698238074758967,0.0,0.0
3062,3,21,1,M,2,0.8124883481388292,0.6986678232410145,0.88,0.6986678232410145,0.0026786981803385845,0.08118295458386696,0.8124883481388293,0.6986678232410145,0.0,0.0
3063,3,21,1,M,3,0.8340166170033907,0.9067837838457248,0.36,0.9067837838457248,0.0025637522902979826,0.08118295458386696,0.8340166170033907,0.9067837838457247,0.0,0.0
3064,3,22,1,M,0,0.2082375528753188,0.3441671033596822,0.24,0.3441671033596822,0.008770704206193053,0.08118295458386696,0.2082375528753188,0.3441671033596822,0.0,0.0
3065,3,22,1,M,1,0.163864167668118,0.10698238074758967,0.12,0.10698238074758967,0.002665362250372283,0.08118295458386696,0.163864167668118,0.10698238074758964,0.0,0.0
3066,3,22,1,M,2,0.8124883481388293,0.6986678232410145,0.88,0.6986678232410145,0.0026786981803385845,0.08118295458386696,0.8124883481388293,0.6986678232410145,0.0,0.0
3067,3,22,1,M,3,0.8340166170033907,0.9067837838457247,0.36,0.9067837838457247,0.0025637522902979826,0.08118295458386696,0.8340166170033907,0.9067837838457247,0.0,0.0
3068,3,23,1,M,0,0.2082375528753188,0.3441671033596822,0.24,0.3441671033596822,0.008770704206193053,0.08118295458386696,0.2082375528753188,0.34416710335968215,0.0,0.0
3069,3,23,1,M,1,0.163864167668118,0.10698238074758964,0.12,0.10698238074758964,0.002665362250372283,0.08118295458386696,0.16386416766811798,0.10698238074758964,0.0,0.0
3070,3,23,1,M,2,0.8124883481388293,0.6986678232410145,0.88,0.6986678232410145,0.0026786981803385845,0.08118295458386696,0.8124883481388293,0.6986678232410145,0.0,0.0
3071,3,23,1,M,3,0.8340166170033907,0.9067837838457247,0.36,0.9067837838457247,0.0025637522902979826,0.08118295458386696,0.8340166170033907,0.9067837838457247,0.0,0.0
3072,3,24,2,M,0,0.2082375528753188,0.34416710335968215,0.24,0.34416710335968215,0.008770704206193053,0.08118295458386696,0.2082375528753188,0.34416710335968215,0.0,0.0
3073,3,24,2,M,1,0.16386416766811798,0.10698238074758964,0.12,0.10698238074758964,0.002665362250372283,0.08118295458386696,0.163864167668118,0.10698238074758967,0.0,0.0
3074,3,24,2,M,2,0.8124883481388293,0.6986678232410145,0.88,0.6986678232410145,0.0026786981803385845,0.08118295458386696,0.8124883481388293,0.6986678232410146,0.0,0.0
3075,3,24,2,M,3,0.8340166170033907,0.9067837838457247,0.36,0.9067837838457247,0.0025637522902979826,0.08118295458386696,0.8340166170033907,0.9067837838457247,0.0,0.0
3076,3,25,2,M,0,0.24,0.5,0.12,0.5,0.0025382337372636954,0.08118295458386696,0.20290262648726454,0.321941231182773,1.0,1.0
3077,3,25,2,M,1,0.163864167668118,0.10698238074758967,0.12,0.10698238074758967,0.0025382337372637093,0.08118295458386696,0.16428771046587717,0.10711405852727172,0.0,0.0
3078,3,25,2,M,2,0.8124883481388293,0.6986678232410146,0.88,0.6986678232410146,0.0026502074375587964,0.08118295458386696,0.8101579742061871,0.6978984304795145,0.0,0.0
3079,3,25,2,M,3,0.8340166170033907,0.9067837838457247,0.88,0.9067837838457247,0.0025218616749170947,0.08118295458386696,0.8328645227033868,0.9067961150010885,0.0,0.0
3080,3,26,2,M,0,0.20290262648726454,0.321941231182773,0.12,0.321941231182773,0.0025382337372636954,0.08118295458386696,0.20106697538699977,0.3142786300877143,0.0,0.0
3081,3,26,2,M,1,0.16428771046587717,0.10711405852727172,0.12,0.10711405852727172,0.0025382337372637093,0.08118295458386696,0.16369218026274177,0.10230812293723131,0.0,0.0
3082,3,26,2,M,2,0.8101579742061871,0.6978984304795145,0.88,0.6978984304795145,0.0026502074375587964,0.08118295458386696,0.8102101039591172,0.697809739748722,0.0,0.0
3083,3,26,2,M,3,0.8328645227033868,0.9067961150010885,0.88,0.9067961150010885,0.0025218616749170947,0.08118295458386696,0.8326136171219634,0.9068283169507864,0.0,0.0
3084,3,27,2,M,0,0.20106697538699977,0.3142786300877143,0.12,0.3142786300877143,0.0025382337372636954,0.08118295458386696,0.19903857792573085,0.3097567157009206,0.0,0.0
3085,3,27,2,M,1,0.16369218026274177,0.10230812293723131,0.12,0.10230812293723131,0.0025382337372637093,0.08118295458386696,0.16383773015234263,0.09909626930752594,0.0,0.0
3086,3,27,2,M,2,0.8102101039591172,0.697809739748722,0.88,0.697809739748722,0.0026502074375587964,0.08118295458386696,0.8101636578591561,0.6977505955533834,0.0,0.0
3087,3,27,2,M,3,0.8326136171219634,0.9068283169507864,0.88,0.9068283169507864,0.0025218616749170947,0.08118295458386696,0.8326136171219634,0.9068283169507864,0.0,0.0
3088,3,28,2,M,0,0.19903857792573085,0.3097567157009206,0.12,0.3097567157009206,0.0025382337372636954,0.08118295458386696,0.1976544934053209,0.3073875752399257,0.0,0.0
3089,3,28,2,M,1,0.16383773015234263,0.09909626930752594,0.12,0.09909626930752594,0.0025382337372637093,0.08118295458386696,0.16416419639573734,0.09730648590431022,0.0,0.0
3090,3,28,2,M,2,0.8101636578591561,0.6977505955533834,0.88,0.6977505955533834,0.0026502074375587964,0.08118295458386696,0.810142556343386,0.6977425581018368,0.0,0.0
3091,3,28,2,M,3,0.8326136171219634,0.9068283169507864,0.88,0.9068283169507864,0.0025218616749170947,0.08118295458386696,0.8326025454146223,0.9068277982148274,0.0,0.0
3092,3,29,2,M,0,0.1976544934053209,0.3073875752399257,0.12,0.3073875752399257,0.0025382337372636954,0.08118295458386696,0.19682082899933173,0.3059995392465787,0.0,0.0
3093,3,29,2,M,1,0.16416419639573734,0.09730648590431022,0.12,0.09730648590431022,0.0025382337372637093,0.08118295458386696,0.16440984171821418,0.09625964772337581,0.0,0.0
3094,3,29,2,M,2,0.810142556343386,0.6977425581018368,0.88,0.6977425581018368,0.0026502074375587964,0.08118295458386696,0.8101843170183032,0.6977395891154569,0.0,0.0
3095,3,29,2,M,3,0.8326025454146223,0.9068277982148274,0.88,0.9068277982148274,0.0025218616749170947,0.08118295458386696,0.8325611312684067,0.9068280777886888,0.0,0.0
3096,3,30,2,M,0,0.19682082899933173,0.3059995392465787,0.12,0.3059995392465787,0.0025382337372636954,0.08118295458386696,0.19638860309904316,0.3047587813167068,0.0,0.0
3097,3,30,2,M,1,0.16440984171821418,0.09625964772337581,0.12,0.09625964772337581,0.0025382337372637093,0.08118295458386696,0.16444213037996222,0.09542230759466955,0.0,0.0
3098,3,30,2,M,2,0.8101843170183032,0.6977395891154569,0.88,0.6977395891154569,0.0026502074375587964,0.08118295458386696,0.8101515598176942,0.6977446414153554,0.0,0.0
3099,3,30,2,M,3,0.8325611312684067,0.9068280777886888,0.88,0.9068280777886888,0.0025218616749170947,0.08118295458386696,0.8325361155053425,0.9068293896317747,0.0,0.0
3100,3,31,2,M,0,0.19638860309904316,0.3047587813167068,0.12,0.3047587813167068,0.0025382337372636954,0.08118295458386696,0.19639012124317198,0.3047219160480661,0.0,0.0
3101,3,31,2,M,1,0.16444213037996222,0.09542230759466955,0.12,0.09542230759466955,0.0025382337372637093,0.08118295458386696,0.16444213037996225,0.09542230759466956,0.0,0.0
3102,3,31,2,M,2,0.8101515598176942,0.6977446414153554,0.88,0.6977446414153554,0.0026502074375587964,0.08118295458386696,0.8101541123192975,0.6977440297206683,0.0,0.0
3103,3,31,2,M,3,0.8325361155053425,0.9068293896317747,0.88,0.9068293896317747,0.0025218616749170947,0.08118295458386696,0.8325093261287962,0.906831572510957,0.0,0.0
3104,3,32,2,M,0,0.19639012124317198,0.3047219160480661,0.12,0.3047219160480661,0.0025382337372636954,0.08118295458386696,0.196390121243172,0.3047219160480661,0.0,0.0
3105,3,32,2,M,1,0.16444213037996225,0.09542230759466956,0.12,0.09542230759466956,0.0025382337372637093,0.08118295458386696,0.16444213037996222,0.09542230759466955,0.0,0.0
3106,3,32,2,M,2,0.8101541123192975,0.6977440297206683,0.88,0.6977440297206683,0.0026502074375587964,0.08118295458386696,0.8101541123192975,0.6977440297206683,0.0,0.0
3107,3,32,2,M,3,0.8325093261287962,0.906831572510957,0.88,0.906831572510957,0.0025218616749170947,0.08118295458386696,0.8325093261287962,0.906831572510957,0.0,0.0
3108,3,33,2,M,0,0.196390121243172,0.3047219160480661,0.12,0.3047219160480661,0.0025382337372636954,0.08118295458386696,0.196390121243172,0.30472191604806614,0.0,0.0
3109,3,33,2,M,1,0.16444213037996222,0.09542230759466955,0.12,0.09542230759466955,0.0025382337372637093,0.08118295458386696,0.16444213037996225,0.09542230759466955,0.0,0.0
3110,3,33,2,M,2,0.8101541123192975,0.6977440297206683,0.88,0.6977440297206683,0.0026502074375587964,0.08118295458386696,0.8101541123192975,0.6977440297206683,0.0,0.0
3111,3,33,2,M,3,0.8325093261287962,0.906831572510957,0.88,0.906831572510957,0.0025218616749170947,0.08118295458386696,0.8325093261287962,0.906831572510957,0.0,0.0
3112,3,34,2,M,0,0.196390121243172,0.30472191604806614,0.12,0.30472191604806614,0.0025382337372636954,0.08118295458386696,0.19639012124317198,0.3047219160480661,0.0,0.0
3113,3,34,2,M,1,0.16444213037996225,0.09542230759466955,0.12,0.09542230759466955,0.0025382337372637093,0.08118295458386696,0.16444213037996222,0.09542230759466955,0.0,0.0
3114,3,34,2,M,2,0.8101541123192975,0.6977440297206683,0.88,0.6977440297206683,0.0026502074375587964,0.08118295458386696,0.8101541123192975,0.6977440297206683,0.0,0.0
3115,3,34,2,M,3,0.8325093261287962,0.906831572510957,0.88,0.906831572510957,0.0025218616749170947,0.08118295458386696,0.8325093261287962,0.906831572510957,0.0,0.0
3116,3,35,2,M,0,0.19639012124317198,0.3047219160480661,0.12,0.3047219160480661,0.0025382337372636954,0.08118295458386696,0.196390121243172,0.3047219160480661,0.0,0.0
3117,3,35,2,M,1,0.16444213037996222,0.09542230759466955,0.12,0.09542230759466955,0.0025382337372637093,0.08118295458386696,0.16444213037996222,0.09542230759466955,0.0,0.0
3118,3,35,2,M,2,0.8101541123192975,0.6977440297206683,0.88,0.6977440297206683,0.0026502074375587964,0.08118295458386696,0.8101541123192975,0.6977440297206683,0.0,0.0
3119,3,35,2,M,3,0.8325093261287962,0.906831572510957,0.88,0.906831572510957,0.0025218616749170947,0.08118295458386696,0.8325093261287962,0.906831572510957,0.0,0.0
3120,3,36,2,M,0,0.196390121243172,0.3047219160480661,0.12,0.3047219160480661,0.0025382337372636954,0.08118295458386696,0.196390121243172,0.30472191604806614,0.0,0.0
3121,3,36,2,M,1,0.16444213037996222,0.09542230759466955,0.12,0.09542230759466955,0.0025382337372637093,0.08118295458386696,0.16444213037996225,0.09542230759466955,0.0,0.0
3122,3,36,2,M,2,0.8101541123192975,0.6977440297206683,0.88,0.6977440297206683,0.0026502074375587964,0.08118295458386696,0.8101541123192975,0.6977440297206683,0.0,0.0
3123,3,36,2,M,3,0.8325093261287962,0.906831572510957,0.88,0.906831572510957,0.0025218616749170947,0.08118295458386696,0.8325093261287962,0.906831572510957,0.0,0.0
3124,3,37,2,M,0,0.196390121243172,0.30472191604806614,0.12,0.30472191604806614,0.0025382337372636954,0.08118295458386696,0.19639012124317198,0.3047219160480661,0.0,0.0
3125,3,37,2,M,1,0.16444213037996225,0.09542230759466955,0.12,0.09542230759466955,0.0025382337372637093,0.08118295458386696,0.16444213037996222,0.09542230759466955,0.0,0.0
3126,3,37,2,M,2,0.8101541123192975,0.6977440297206683,0.88,0.6977440297206683,0.0026502074375587964,0.08118295458386696,0.8101541123192975,0.6977440297206683,0.0,0.0
3127,3,37,2,M,3,0.8325093261287962,0.906831572510957,0.88,0.906831572510957,0.0025218616749170947,0.08118295458386696,0.8325093261287962,0.906831572510957,0.0,0.0
3128,3,38,2,M,0,0.19639012124317198,0.3047219160480661,0.12,0.3047219160480661,0.0025382337372636954,0.08118295458386696,0.196390121243172,0.3047219160480661,0.0,0.0
3129,3,38,2,M,1,0.16444213037996222,0.09542230759466955,0.12,0.09542230759466955,0.0025382337372637093,0.08118295458386696,0.16444213037996222,0.09542230759466955,0.0,0.0
3130,3,38,2,M,2,0.8101541123192975,0.6977440297206683,0.88,0.6977440297206683,0.0026502074375587964,0.08118295458386696,0.8101541123192975,0.6977440297206683,0.0,0.0
3131,3,38,2,M,3,0.8325093261287962,0.906831572510957,0.88,0.906831572510957,0.0025218616749170947,0.08118295458386696,0.8325093261287962,0.906831572510957,0.0,0.0
3132,3,39,2,M,0,0.196390121243172,0.3047219160480661,0.12,0.3047219160480661,0.0025382337372636954,0.08118295458386696,0.196390121243172,0.30472191604806614,0.0,0.0
3133,3,39,2,M,1,0.16444213037996222,0.09542230759466955,0.12,0.09542230759466955,0.0025382337372637093,0.08118295458386696,0.16444213037996225,0.09542230759466955,0.0,0.0
3134,3,39,2,M,2,0.8101541123192975,0.6977440297206683,0.88,0.6977440297206683,0.0026502074375587964,0.08118295458386696,0.8101541123192975,0.6977440297206683,0.0,0.0
3135,3,39,2,M,3,0.8325093261287962,0.906831572510957,0.88,0.906831572510957,0.0025218616749170947,0.08118295458386696,0.8325093261287962,0.906831572510957,0.0,0.0
3136,3,40,2,M,0,0.196390121243172,0.30472191604806614,0.12,0.30472191604806614,0.0025382337372636954,0.08118295458386696,0.19639012124317198,0.3047219160480661,0.0,0.0
3137,3,40,2,M,1,0.16444213037996225,0.09542230759466955,0.12,0.09542230759466955,0.0025382337372637093,0.08118295458386696,0.16444213037996222,0.09542230759466955,0.0,0.0
3138,3,40,2,M,2,0.8101541123192975,0.6977440297206683,0.88,0.6977440297206683,0.0026502074375587964,0.08118295458386696,0.8101541123192975,0.6977440297206683,0.0,0.0
3139,3,40,2,M,3,0.8325093261287962,0.906831572510957,0.88,0.906831572510957,0.0025218616749170947,0.08118295458386696,0.8325093261287962,0.906831572510957,0.0,0.0
3140,3,41,2,M,0,0.19639012124317198,0.3047219160480661,0.12,0.3047219160480661,0.0025382337372636954,0.08118295458386696,0.196390121243172,0.3047219160480661,0.0,0.0
3141,3,41,2,M,1,0.16444213037996222,0.09542230759466955,0.12,0.09542230759466955,0.0025382337372637093,0.08118295458386696,0.16444213037996222,0.09542230759466955,0.0,0.0
3142,3,41,2,M,2,0.8101541123192975,0.6977440297206683,0.88,0.6977440297206683,0.0026502074375587964,0.08118295458386696,0.8101541123192975,0.6977440297206683,0.0,0.0
3143,3,41,2,M,3,0.8325093261287962,0.906831572510957,0.88,0.906831572510957,0.0025218616749170947,0.08118295458386696,0.8325093261287962,0.906831572510957,0.0,0.0
3144,3,42,2,M,0,0.196390121243172,0.3047219160480661,0.12,0.3047219160480661,0.0025382337372636954,0.08118295458386696,0.196390121243172,0.30472191604806614,0.0,0.0
3145,3,42,2,M,1,0.16444213037996222,0.09542230759466955,0.12,0.09542230759466955,0.0025382337372637093,0.08118295458386696,0.16444213037996225,0.09542230759466955,0.0,0.0
3146,3,42,2,M,2,0.8101541123192975,0.6977440297206683,0.88,0.6977440297206683,0.0026502074375587964,0.08118295458386696,0.8101541123192975,0.6977440297206683,0.0,0.0
3147,3,42,2,M,3,0.8325093261287962,0.906831572510957,0.88,0.906831572510957,0.0025218616749170947,0.08118295458386696,0.8325093261287962,0.906831572510957,0.0,0.0
3148,3,43,2,M,0,0.196390121243172,0.30472191604806614,0.12,0.30472191604806614,0.0025382337372636954,0.08118295458386696,0.19639012124317198,0.3047219160480661,0.0,0.0
3149,3,43,2,M,1,0.16444213037996225,0.09542230759466955,0.12,0.09542230759466955,0.0025382337372637093,0.08118295458386696,0.16444213037996222,0.09542230759466955,0.0,0.0
3150,3,43,2,M,2,0.8101541123192975,0.6977440297206683,0.88,0.6977440297206683,0.0026502074375587964,0.08118295458386696,0.8101541123192975,0.6977440297206683,0.0,0.0
3151,3,43,2,M,3,0.8325093261287962,0.906831572510957,0.88,0.906831572510957,0.0025218616749170947,0.08118295458386696,0.8325093261287962,0.906831572510957,0.0,0.0
3152,3,44,2,M,0,0.19639012124317198,0.3047219160480661,0.12,0.3047219160480661,0.0025382337372636954,0.08118295458386696,0.196390121243172,0.3047219160480661,0.0,0.0
3153,3,44,2,M,1,0.16444213037996222,0.09542230759466955,0.12,0.09542230759466955,0.0025382337372637093,0.08118295458386696,0.16444213037996222,0.09542230759466955,0.0,0.0
3154,3,44,2,M,2,0.8101541123192975,0.6977440297206683,0.88,0.6977440297206683,0.0026502074375587964,0.08118295458386696,0.8101541123192975,0.6977440297206683,0.0,0.0
3155,3,44,2,M,3,0.8325093261287962,0.906831572510957,0.88,0.906831572510957,0.0025218616749170947,0.08118295458386696,0.8325093261287962,0.906831572510957,0.0,0.0
3156,3,45,2,M,0,0.196390121243172,0.3047219160480661,0.12,0.3047219160480661,0.0025382337372636954,0.08118295458386696,0.196390121243172,0.30472191604806614,0.0,0.0
3157,3,45,2,M,1,0.16444213037996222,0.09542230759466955,0.12,0.09542230759466955,0.0025382337372637093,0.08118295458386696,0.16444213037996225,0.09542230759466955,0.0,0.0
3158,3,45,2,M,2,0.8101541123192975,0.6977440297206683,0.88,0.6977440297206683,0.0026502074375587964,0.08118295458386696,0.8101541123192975,0.6977440297206683,0.0,0.0
3159,3,45,2,M,3,0.8325093261287962,0.906831572510957,0.88,0.906831572510957,0.0025218616749170947,0.08118295458386696,0.8325093261287962,0.906831572510957,0.0,0.0
3160,3,46,2,M,0,0.196390121243172,0.30472191604806614,0.12,0.30472191604806614,0.0025382337372636954,0.08118295458386696,0.19639012124317198,0.3047219160480661,0.0,0.0
3161,3,46,2,M,1,0.16444213037996225,0.09542230759466955,0.12,0.09542230759466955,0.0025382337372637093,0.08118295458386696,0.16444213037996222,0.09542230759466955,0.0,0.0
3162,3,46,2,M,2,0.8101541123192975,0.6977440297206683,0.88,0.6977440297206683,0.0026502074375587964,0.08118295458386696,0.8101541123192975,0.6977440297206683,0.0,0.0
3163,3,46,2,M,3,0.8325093261287962,0.906831572510957,0.88,0.906831572510957,0.0025218616749170947,0.08118295458386696,0.8325093261287962,0.906831572510957,0.0,0.0
3164,3,47,2,M,0,0.19639012124317198,0.3047219160480661,0.12,0.3047219160480661,0.0025382337372636954,0.08118295458386696,0.196390121243172,0.3047219160480661,0.0,0.0
3165,3,47,2,M,1,0.16444213037996222,0.09542230759466955,0.12,0.09542230759466955,0.0025382337372637093,0.08118295458386696,0.16444213037996222,0.09542230759466955,0.0,0.0
3166,3,47,2,M,2,0.8101541123192975,0.6977440297206683,0.88,0.6977440297206683,0.0026502074375587964,0.08118295458386696,0.8101541123192975,0.6977440297206683,0.0,0.0
3167,3,47,2,M,3,0.8325093261287962,0.906831572510957,0.88,0.906831572510957,0.0025218616749170947,0.08118295458386696,0.8325093261287962,0.906831572510957,0.0,0.0
3168,3,48,2,M,0,0.196390121243172,0.3047219160480661,0.12,0.3047219160480661,0.0025382337372636954,0.08118295458386696,0.196390121243172,0.30472191604806614,0.0,0.0
3169,3,48,2,M,1,0.16444213037996222,0.09542230759466955,0.12,0.09542230759466955,0.0025382337372637093,0.08118295458386696,0.16444213037996225,0.09542230759466955,0.0,0.0
3170,3,48,2,M,2,0.8101541123192975,0.6977440297206683,0.88,0.6977440297206683,0.0026502074375587964,0.08118295458386696,0.8101541123192975,0.6977440297206683,0.0,0.0
3171,3,48,2,M,3,0.8325093261287962,0.906831572510957,0.88,0.906831572510957,0.0025218616749170947,0.08118295458386696,0.8325093261287962,0.906831572510957,0.0,0.0
3172,3,49,2,M,0,0.196390121243172,0.30472191604806614,0.12,0.30472191604806614,0.0025382337372636954,0.08118295458386696,0.19639012124317198,0.3047219160480661,0.0,0.0
3173,3,49,2,M,1,0.16444213037996225,0.09542230759466955,0.12,0.09542230759466955,0.0025382337372637093,0.08118295458386696,0.16444213037996222,0.09542230759466955,0.0,0.0
3174,3,49,2,M,2,0.8101541123192975,0.6977440297206683,0.88,0.6977440297206683,0.0026502074375587964,0.08118295458386696,0.8101541123192975,0.6977440297206683,0.0,0.0
3175,3,49,2,M,3,0.8325093261287962,0.906831572510957,0.88,0.906831572510957,0.0025218616749170947,0.08118295458386696,0.8325093261287962,0.906831572510957,0.0,0.0
3176,3,50,2,M,0,0.19639012124317198,0.3047219160480661,0.12,0.3047219160480661,0.0025382337372636954,0.08118295458386696,0.196390121243172,0.3047219160480661,0.0,0.0
3177,3,50,2,M,1,0.16444213037996222,0.09542230759466955,0.12,0.09542230759466955,0.0025382337372637093,0.08118295458386696,0.16444213037996222,0.09542230759466955,0.0,0.0
3178,3,50,2,M,2,0.8101541123192975,0.6977440297206683,0.88,0.6977440297206683,0.0026502074375587964,0.08118295458386696,0.8101541123192975,0.6977440297206683,0.0,0.0
3179,3,50,2,M,3,0.8325093261287962,0.906831572510957,0.88,0.906831572510957,0.0025218616749170947,0.08118295458386696,0.8325093261287962,0.906831572510957,0.0,0.0
3180,3,51,2,M,0,0.196390121243172,0.3047219160480661,0.12,0.3047219160480661,0.0025382337372636954,0.08118295458386696,0.196390121243172,0.30472191604806614,0.0,0.0
3181,3,51,2,M,1,0.16444213037996222,0.09542230759466955,0.12,0.09542230759466955,0.0025382337372637093,0.08118295458386696,0.16444213037996225,0.09542230759466955,0.0,0.0
3182,3,51,2,M,2,0.8101541123192975,0.6977440297206683,0.88,0.6977440297206683,0.0026502074375587964,0.08118295458386696,0.8101541123192975,0.6977440297206683,0.0,0.0
3183,3,51,2,M,3,0.8325093261287962,0.906831572510957,0.88,0.906831572510957,0.0025218616749170947,0.08118295458386696,0.8325093261287962,0.906831572510957,0.0,0.0
3184,3,52,2,M,0,0.196390121243172,0.30472191604806614,0.12,0.30472191604806614,0.0025382337372636954,0.08118295458386696,0.19639012124317198,0.3047219160480661,0.0,0.0
3185,3,52,2,M,1,0.16444213037996225,0.09542230759466955,0.12,0.09542230759466955,0.0025382337372637093,0.08118295458386696,0.16444213037996222,0.09542230759466955,0.0,0.0
3186,3,52,2,M,2,0.8101541123192975,0.6977440297206683,0.88,0.6977440297206683,0.0026502074375587964,0.08118295458386696,0.8101541123192975,0.6977440297206683,0.0,0.0
3187,3,52,2,M,3,0.8325093261287962,0.906831572510957,0.88,0.906831572510957,0.0025218616749170947,0.08118295458386696,0.8325093261287962,0.906831572510957,0.0,0.0
3188,3,53,2,M,0,0.19639012124317198,0.3047219160480661,0.12,0.3047219160480661,0.0025382337372636954,0.08118295458386696,0.196390121243172,0.3047219160480661,0.0,0.0
3189,3,53,2,M,1,0.16444213037996222,0.09542230759466955,0.12,0.09542230759466955,0.0025382337372637093,0.08118295458386696,0.16444213037996222,0.09542230759466955,0.0,0.0
3190,3,53,2,M,2,0.8101541123192975,0.6977440297206683,0.88,0.6977440297206683,0.0026502074375587964,0.08118295458386696,0.8101541123192975,0.6977440297206683,0.0,0.0
3191,3,53,2,M,3,0.8325093261287962,0.906831572510957,0.88,0.906831572510957,0.0025218616749170947,0.08118295458386696,0.8325093261287962,0.906831572510957,0.0,0.0
3192,3,54,2,M,0,0.196390121243172,0.3047219160480661,0.12,0.3047219160480661,0.0025382337372636954,0.08118295458386696,0.196390121243172,0.30472191604806614,0.0,0.0
3193,3,54,2,M,1,0.16444213037996222,0.09542230759466955,0.12,0.09542230759466955,0.0025382337372637093,0.08118295458386696,0.16444213037996225,0.09542230759466955,0.0,0.0
3194,3,54,2,M,2,0.8101541123192975,0.6977440297206683,0.88,0.6977440297206683,0.0026502074375587964,0.08118295458386696,0.8101541123192975,0.6977440297206683,0.0,0.0
3195,3,54,2,M,3,0.8325093261287962,0.906831572510957,0.88,0.906831572510957,0.0025218616749170947,0.08118295458386696,0.8325093261287962,0.906831572510957,0.0,0.0
3196,3,55,2,M,0,0.196390121243172,0.30472191604806614,0.12,0.30472191604806614,0.0025382337372636954,0.08118295458386696,0.19639012124317198,0.3047219160480661,0.0,0.0
3197,3,55,2,M,1,0.16444213037996225,0.09542230759466955,0.12,0.09542230759466955,0.0025382337372637093,0.08118295458386696,0.16444213037996222,0.09542230759466955,0.0,0.0
3198,3,55,2,M,2,0.8101541123192975,0.6977440297206683,0.88,0.6977440297206683,0.0026502074375587964,0.08118295458386696,0.8101541123192975,0.6977440297206683,0.0,0.0
3199,3,55,2,M,3,0.8325093261287962,0.906831572510957,0.88,0.906831572510957,0.0025218616749170947,0.08118295458386696,0.8325093261287962,0.906831572510957,0.0,0.0
3200,3,56,3,M,0,0.19639012124317198,0.3047219160480661,0.12,0.3047219160480661,0.0025382337372636954,0.08118295458386696,0.196390121243172,0.3047219160480661,0.0,0.0
3201,3,56,3,M,1,0.16444213037996222,0.09542230759466955,0.12,0.09542230759466955,0.0025382337372637093,0.08118295458386696,0.16444213037996222,0.09542230759466955,0.0,0.0
3202,3,56,3,M,2,0.8101541123192975,0.6977440297206683,0.88,0.6977440297206683,0.0026502074375587964,0.08118295458386696,0.8101541123192975,0.6977440297206683,0.0,0.0
3203,3,56,3,M,3,0.8325093261287962,0.906831572510957,0.88,0.906831572510957,0.0025218616749170947,0.08118295458386696,0.8325093261287962,0.906831572510957,0.0,0.0
3204,3,57,3,M,0,0.1,0.62,0.12,0.62,0.002323984879146826,0.08118295458386696,0.19242239794931784,0.30444728648967123,1.0,1.0
3205,3,57,3,M,1,0.62,0.1,0.36,0.1,0.0021578994158978904,0.08118295458386696,0.17273005399799066,0.09549833233117014,1.0,1.0
3206,3,57,3,M,2,0.9,0.1,0.9,0.1,0.0020673579258738417,0.08118295458386696,0.8064825813499185,0.6987380014046763,1.0,1.0
3207,3,57,3,M,3,0.62,0.9,0.88,0.9,0.0023608356275186537,0.08118295458386696,0.8420078677304951,0.9071554422142835,1.0,1.0
3208,3,58,3,M,0,0.1,0.38,0.1,0.38,0.0019779490574269587,0.08118295458386696,0.19954985557712182,0.28689349974870937,1.0,1.0
3209,3,58,3,M,1,0.36,0.1,0.1,0.1,0.001890207030016522,0.08118295458386696,0.17188923390865082,0.09468122492573254,1.0,1.0
3210,3,58,3,M,2,0.88,0.62,0.9,0.62,0.0018258644936547802,0.08118295458386696,0.8066331680262304,0.688934373002734,1.0,1.0
3211,3,58,3,M,3,0.9,0.9,0.38,0.9,0.001810717049134547,0.08118295458386696,0.8400968212883464,0.904693983302359,1.0,1.0
3212,3,59,3,M,0,0.12,0.9,0.38,0.9,0.000749085709768102,0.08118295458386696,0.1880999229933791,0.31216092529230416,1.0,1.0
3213,3,59,3,M,1,0.12,0.12,0.0,0.12,0.0004898635536293022,0.08118295458386696,0.1608447674646534,0.09320744038082637,1.0,1.0
3214,3,59,3,M,2,0.88,0.38,0.62,0.38,0.000764989529215207,0.08118295458386696,0.8071940770041351,0.6773773661141846,1.0,1.0
3215,3,59,3,M,3,0.36,0.9,1.0,0.9,0.0004922988269058792,0.08118295458386696,0.838963687789428,0.9021353226095955,1.0,1.0
3216,3,60,3,M,0,0.1880999229933791,0.31216092529230416,0.38,0.31216092529230416,0.000749085709768102,0.08118295458386696,0.18593472296224217,0.32184976654259506,0.0,0.0
3217,3,60,3,M,1,0.1608447674646534,0.09320744038082637,0.0,0.09320744038082637,0.0004898635536293022,0.08118295458386696,0.16226347732429086,0.09708345752334045,0.0,0.0
3218,3,60,3,M,2,0.8071940770041351,0.6773773661141846,0.62,0.6773773661141846,0.000764989529215207,0.08118295458386696,0.8090511957066118,0.6687575256502563,0.0,0.0
3219,3,60,3,M,3,0.838963687789428,0.9021353226095955,1.0,0.9021353226095955,0.0004922988269058792,0.08118295458386696,0.8376142751216195,0.8992503754509652,0.0,0.0
3220,3,61,3,M,0,0.18593472296224217,0.32184976654259506,0.38,0.32184976654259506,0.000749085709768102,0.08118295458386696,0.18382424349261664,0.32978087129402844,0.0,0.0
3221,3,61,3,M,1,0.16226347732429086,0.09708345752334045,0.0,0.09708345752334045,0.0004898635536293022,0.08118295458386696,0.1638110134337959,0.1002679886000822,0.0,0.0
3222,3,61,3,M,2,0.8090511957066118,0.6687575256502563,0.62,0.6687575256502563,0.000764989529215207,0.08118295458386696,0.8115743832172407,0.6625016682269558,0.0,0.0
3223,3,61,3,M,3,0.8376142751216195,0.8992503754509652,1.0,0.8992503754509652,0.0004922988269058792,0.08118295458386696,0.836000978331973,0.897052808625859,0.0,0.0
3224,3,62,3,M,0,0.18382424349261664,0.32978087129402844,0.38,0.32978087129402844,0.000749085709768102,0.08118295458386696,0.1822900410966424,0.335549866903999,0.0,0.0
3225,3,62,3,M,1,0.1638110134337959,0.1002679886000822,0.0,0.1002679886000822,0.0004898635536293022,0.08118295458386696,0.16488124342410648,0.10242042754603557,0.0,0.0
3226,3,62,3,M,2,0.8115743832172407,0.6625016682269558,0.62,0.6625016682269558,0.000764989529215207,0.08118295458386696,0.8144124396585243,0.6589811247201589,0.0,0.0
3227,3,62,3,M,3,0.836000978331973,0.897052808625859,1.0,0.897052808625859,0.0004922988269058792,0.08118295458386696,0.8346992967445943,0.8959520226952057,0.0,0.0
3228,3,63,3,M,0,0.1822900410966424,0.335549866903999,0.38,0.335549866903999,0.000749085709768102,0.08118295458386696,0.18073370714642875,0.3396563394783945,0.0,0.0
3229,3,63,3,M,1,0.16488124342410648,0.10242042754603557,0.0,0.10242042754603557,0.0004898635536293022,0.08118295458386696,0.16564687401715222,0.10393712273337853,0.0,0.0
3230,3,63,3,M,2,0.8144124396585243,0.6589811247201589,0.62,0.6589811247201589,0.000764989529215207,0.08118295458386696,0.8163480271265475,0.6552531596612011,0.0,0.0
3231,3,63,3,M,3,0.8346992967445943,0.8959520226952057,1.0,0.8959520226952057,0.0004922988269058792,0.08118295458386696,0.8336828533032584,0.8947479089315049,0.0,0.0
3232,3,64,3,M,0,0.18073370714642875,0.3396563394783945,0.38,0.3396563394783945,0.000749085709768102,0.08118295458386696,0.17969585434034072,0.3436464771905951,0.0,0.0
3233,3,64,3,M,1,0.16564687401715222,0.10393712273337853,0.0,0.10393712273337853,0.0004898635536293022,0.08118295458386696,0.16623235315531262,0.1055049408868078,0.0,0.0
3234,3,64,3,M,2,0.8163480271265475,0.6552531596612011,0.62,0.6552531596612011,0.000764989529215207,0.08118295458386696,0.8181325439381228,0.6526079129657789,0.0,0.0
3235,3,64,3,M,3,0.8336828533032584,0.8947479089315049,1.0,0.8947479089315049,0.0004922988269058792,0.08118295458386696,0.8328008760146534,0.893824153604115,0.0,0.0
3236,3,65,3,M,0,0.17969585434034072,0.3436464771905951,0.38,0.3436464771905951,0.000749085709768102,0.08118295458386696,0.178443185240804,0.3464136934823766,0.0,0.0
3237,3,65,3,M,1,0.16623235315531262,0.1055049408868078,0.0,0.1055049408868078,0.0004898635536293022,0.08118295458386696,0.16693162794104185,0.10633863277284339,0.0,0.0
3238,3,65,3,M,2,0.8181325439381228,0.6526079129657789,0.62,0.6526079129657789,0.000764989529215207,0.08118295458386696,0.8202709351858363,0.6506336521818353,0.0,0.0
3239,3,65,3,M,3,0.8328008760146534,0.893824153604115,1.0,0.893824153604115,0.0004922988269058792,0.08118295458386696,0.8320622364583766,0.893175094647411,0.0,0.0
3240,3,66,3,M,0,0.178443185240804,0.3464136934823766,0.38,0.3464136934823766,0.000749085709768102,0.08118295458386696,0.17666208090308833,0.34896338552093664,0.0,0.0
3241,3,66,3,M,1,0.16693162794104185,0.10633863277284339,0.0,0.10633863277284339,0.0004898635536293022,0.08118295458386696,0.16784336914736364,0.10717777463449187,0.0,0.0
3242,3,66,3,M,2,0.8202709351858363,0.6506336521818353,0.62,0.6506336521818353,0.000764989529215207,0.08118295458386696,0.822445595303272,0.6489711302097021,0.0,0.0
3243,3,66,3,M,3,0.8320622364583766,0.893175094647411,1.0,0.893175094647411,0.0004922988269058792,0.08118295458386696,0.8312414503413894,0.8925629547053956,0.0,0.0
3244,3,67,3,M,0,0.17666208090308833,0.34896338552093664,0.38,0.34896338552093664,0.000749085709768102,0.08118295458386696,0.17444583824110532,0.35066528661069074,0.0,0.0
3245,3,67,3,M,1,0.16784336914736364,0.10717777463449187,0.0,0.10717777463449187,0.0004898635536293022,0.08118295458386696,0.16876031789299345,0.1077620605690725,0.0,0.0
3246,3,67,3,M,2,0.822445595303272,0.6489711302097021,0.62,0.6489711302097021,0.000764989529215207,0.08118295458386696,0.8241753129772907,0.6477444130315683,0.0,0.0
3247,3,67,3,M,3,0.8312414503413894,0.8925629547053956,1.0,0.8925629547053956,0.0004922988269058792,0.08118295458386696,0.8304925401374894,0.8921720826495393,0.0,0.0
3248,3,68,3,M,0,0.17444583824110532,0.35066528661069074,0.38,0.35066528661069074,0.000749085709768102,0.08118295458386696,0.1721300468051461,0.35184831546832745,0.0,0.0
3249,3,68,3,M,1,0.16876031789299345,0.1077620605690725,0.0,0.1077620605690725,0.0004898635536293022,0.08118295458386696,0.1696727452714071,0.10811931582983837,0.0,0.0
3250,3,68,3,M,2,0.8241753129772907,0.6477444130315683,0.62,0.6477444130315683,0.000764989529215207,0.08118295458386696,0.8256549422493905,0.646935086245016,0.0,0.0
3251,3,68,3,M,3,0.8304925401374894,0.8921720826495393,1.0,0.8921720826495393,0.0004922988269058792,0.08118295458386696,0.8298889913275603,0.8919577071663145,0.0,0.0
3252,3,69,3,M,0,0.1721300468051461,0.35184831546832745,0.38,0.35184831546832745,0.000749085709768102,0.08118295458386696,0.17146757653739808,0.3520104579375526,0.0,0.0
3253,3,69,3,M,1,0.1696727452714071,0.10811931582983837,0.0,0.10811931582983837,0.0004898635536293022,0.08118295458386696,0.16986848319032477,0.10817031564880072,0.0,0.0
3254,3,69,3,M,2,0.8256549422493905,0.646935086245016,0.62,0.646935086245016,0.000764989529215207,0.08118295458386696,0.8259559847711692,0.6466607970499202,0.0,0.0
3255,3,69,3,M,3,0.8298889913275603,0.8919577071663145,1.0,0.8919577071663145,0.0004922988269058792,0.08118295458386696,0.8297184163264071,0.8919131683324423,0.0,0.0
3256,3,70,3,M,0,0.17146757653739808,0.3520104579375526,0.38,0.3520104579375526,0.000749085709768102,0.08118295458386696,0.17146757653739808,0.3520104579375526,0.0,0.0
3257,3,70,3,M,1,0.16986848319032477,0.10817031564880072,0.0,0.10817031564880072,0.0004898635536293022,0.08118295458386696,0.16986848319032477,0.10817031564880072,0.0,0.0
3258,3,70,3,M,2,0.8259559847711692,0.6466607970499202,0.62,0.6466607970499202,0.000764989529215207,0.08118295458386696,0.8259559847711692,0.6466607970499202,0.0,0.0
3259,3,70,3,M,3,0.8297184163264071,0.8919131683324423,1.0,0.8919131683324423,0.0004922988269058792,0.08118295458386696,0.8297184163264071,0.8919131683324424,0.0,0.0
3260,3,71,3,M,0,0.17146757653739808,0.3520104579375526,0.38,0.3520104579375526,0.000749085709768102,0.08118295458386696,0.17146757653739808,0.3520104579375526,0.0,0.0
3261,3,71,3,M,1,0.16986848319032477,0.10817031564880072,0.0,0.10817031564880072,0.0004898635536293022,0.08118295458386696,0.16986848319032477,0.10817031564880072,0.0,0.0
3262,3,71,3,M,2,0.8259559847711692,0.6466607970499202,0.62,0.6466607970499202,0.000764989529215207,0.08118295458386696,0.8259559847711692,0.6466607970499201,0.0,0.0
3263,3,71,3,M,3,0.8297184163264071,0.8919131683324424,1.0,0.8919131683324424,0.0004922988269058792,0.08118295458386696,0.8297184163264071,0.8919131683324424,0.0,0.0
3264,3,72,3,M,0,0.17146757653739808,0.3520104579375526,0.38,0.3520104579375526,0.000749085709768102,0.08118295458386696,0.17146757653739808,0.35201045793755265,0.0,0.0
3265,3,72,3,M,1,0.16986848319032477,0.10817031564880072,0.0,0.10817031564880072,0.0004898635536293022,0.08118295458386696,0.16986848319032477,0.10817031564880071,0.0,0.0
3266,3,72,3,M,2,0.8259559847711692,0.6466607970499201,0.62,0.6466607970499201,0.000764989529215207,0.08118295458386696,0.8259559847711692,0.6466607970499202,0.0,0.0
3267,3,72,3,M,3,0.8297184163264071,0.8919131683324424,1.0,0.8919131683324424,0.0004922988269058792,0.08118295458386696,0.8297184163264071,0.8919131683324424,0.0,0.0
3268,3,73,3,M,0,0.17146757653739808,0.35201045793755265,0.38,0.35201045793755265,0.000749085709768102,0.08118295458386696,0.17146757653739808,0.3520104579375526,0.0,0.0
3269,3,73,3,M,1,0.16986848319032477,0.10817031564880071,0.0,0.10817031564880071,0.0004898635536293022,0.08118295458386696,0.16986848319032477,0.10817031564880071,0.0,0.0
3270,3,73,3,M,2,0.8259559847711692,0.6466607970499202,0.62,0.6466607970499202,0.000764989529215207,0.08118295458386696,0.8259559847711692,0.6466607970499201,0.0,0.0
3271,3,73,3,M,3,0.8297184163264071,0.8919131683324424,1.0,0.8919131683324424,0.0004922988269058792,0.08118295458386696,0.8297184163264071,0.8919131683324425,0.0,0.0
3272,3,74,3,M,0,0.17146757653739808,0.3520104579375526,0.38,0.3520104579375526,0.000749085709768102,0.08118295458386696,0.17146757653739805,0.35201045793755253,0.0,0.0
3273,3,74,3,M,1,0.16986848319032477,0.10817031564880071,0.0,0.10817031564880071,0.0004898635536293022,0.08118295458386696,0.16986848319032477,0.10817031564880071,0.0,0.0
3274,3,74,3,M,2,0.8259559847711692,0.6466607970499201,0.62,0.6466607970499201,0.000764989529215207,0.08118295458386696,0.8259559847711692,0.6466607970499202,0.0,0.0
3275,3,74,3,M,3,0.8297184163264071,0.8919131683324425,1.0,0.8919131683324425,0.0004922988269058792,0.08118295458386696,0.8297184163264071,0.8919131683324424,0.0,0.0
3276,3,75,3,M,0,0.17146757653739805,0.35201045793755253,0.38,0.35201045793755253,0.000749085709768102,0.08118295458386696,0.1714675765373981,0.3520104579375526,0.0,0.0
3277,3,75,3,M,1,0.16986848319032477,0.10817031564880071,0.0,0.10817031564880071,0.0004898635536293022,0.08118295458386696,0.16986848319032477,0.10817031564880071,0.0,0.0
3278,3,75,3,M,2,0.8259559847711692,0.6466607970499202,0.62,0.6466607970499202,0.000764989529215207,0.08118295458386696,0.8259559847711692,0.6466607970499201,0.0,0.0
3279,3,75,3,M,3,0.8297184163264071,0.8919131683324424,1.0,0.8919131683324424,0.0004922988269058792,0.08118295458386696,0.8297184163264071,0.8919131683324424,0.0,0.0
3280,3,76,3,M,0,0.1714675765373981,0.3520104579375526,0.38,0.3520104579375526,0.000749085709768102,0.08118295458386696,0.17146757653739808,0.3520104579375526,0.0,0.0
3281,3,76,3,M,1,0.16986848319032477,0.10817031564880071,0.0,0.10817031564880071,0.0004898635536293022,0.08118295458386696,0.16986848319032477,0.10817031564880071,0.0,0.0
3282,3,76,3,M,2,0.8259559847711692,0.6466607970499201,0.62,0.6466607970499201,0.000764989529215207,0.08118295458386696,0.8259559847711692,0.6466607970499202,0.0,0.0
3283,3,76,3,M,3,0.8297184163264071,0.8919131683324424,1.0,0.8919131683324424,0.0004922988269058792,0.08118295458386696,0.8297184163264071,0.8919131683324424,0.0,0.0
3284,3,77,3,M,0,0.17146757653739808,0.3520104579375526,0.38,0.3520104579375526,0.000749085709768102,0.08118295458386696,0.17146757653739808,0.3520104579375526,0.0,0.0
3285,3,77,3,M,1,0.16986848319032477,0.10817031564880071,0.0,0.10817031564880071,0.0004898635536293022,0.08118295458386696,0.16986848319032477,0.10817031564880071,0.0,0.0
3286,3,77,3,M,2,0.8259559847711692,0.6466607970499202,0.62,0.6466607970499202,0.000764989529215207,0.08118295458386696,0.8259559847711692,0.6466607970499201,0.0,0.0
3287,3,77,3,M,3,0.8297184163264071,0.8919131683324424,1.0,0.8919131683324424,0.0004922988269058792,0.08118295458386696,0.8297184163264071,0.8919131683324424,0.0,0.0
3288,3,78,3,M,0,0.17146757653739808,0.3520104579375526,0.38,0.3520104579375526,0.000749085709768102,0.08118295458386696,0.17146757653739808,0.35201045793755265,0.0,0.0
3289,3,78,3,M,1,0.16986848319032477,0.10817031564880071,0.0,0.10817031564880071,0.0004898635536293022,0.08118295458386696,0.16986848319032477,0.10817031564880071,0.0,0.0
3290,3,78,3,M,2,0.8259559847711692,0.6466607970499201,0.62,0.6466607970499201,0.000764989529215207,0.08118295458386696,0.8259559847711692,0.6466607970499202,0.0,0.0
3291,3,78,3,M,3,0.8297184163264071,0.8919131683324424,1.0,0.8919131683324424,0.0004922988269058792,0.08118295458386696,0.8297184163264071,0.8919131683324424,0.0,0.0
3292,3,79,3,M,0,0.17146757653739808,0.35201045793755265,0.38,0.35201045793755265,0.000749085709768102,0.08118295458386696,0.17146757653739808,0.3520104579375526,0.0,0.0
3293,3,79,3,M,1,0.16986848319032477,0.10817031564880071,0.0,0.10817031564880071,0.0004898635536293022,0.08118295458386696,0.16986848319032477,0.10817031564880071,0.0,0.0
3294,3,79,3,M,2,0.8259559847711692,0.6466607970499202,0.62,0.6466607970499202,0.000764989529215207,0.08118295458386696,0.8259559847711692,0.6466607970499201,0.0,0.0
3295,3,79,3,M,3,0.8297184163264071,0.8919131683324424,1.0,0.8919131683324424,0.0004922988269058792,0.08118295458386696,0.8297184163264071,0.8919131683324425,0.0,0.0
3296,3,80,3,M,0,0.17146757653739808,0.3520104579375526,0.38,0.3520104579375526,0.000749085709768102,0.08118295458386696,0.17146757653739805,0.35201045793755253,0.0,0.0
3297,3,80,3,M,1,0.16986848319032477,0.10817031564880071,0.0,0.10817031564880071,0.0004898635536293022,0.08118295458386696,0.16986848319032477,0.10817031564880071,0.0,0.0
3298,3,80,3,M,2,0.8259559847711692,0.6466607970499201,0.62,0.6466607970499201,0.000764989529215207,0.08118295458386696,0.8259559847711692,0.6466607970499202,0.0,0.0
3299,3,80,3,M,3,0.8297184163264071,0.8919131683324425,1.0,0.8919131683324425,0.0004922988269058792,0.08118295458386696,0.8297184163264071,0.8919131683324424,0.0,0.0
3300,3,81,3,M,0,0.17146757653739805,0.35201045793755253,0.38,0.35201045793755253,0.000749085709768102,0.08118295458386696,0.1714675765373981,0.3520104579375526,0.0,0.0
3301,3,81,3,M,1,0.16986848319032477,0.10817031564880071,0.0,0.10817031564880071,0.0004898635536293022,0.08118295458386696,0.16986848319032477,0.10817031564880071,0.0,0.0
3302,3,81,3,M,2,0.8259559847711692,0.6466607970499202,0.62,0.6466607970499202,0.000764989529215207,0.08118295458386696,0.8259559847711692,0.6466607970499201,0.0,0.0
3303,3,81,3,M,3,0.8297184163264071,0.8919131683324424,1.0,0.8919131683324424,0.0004922988269058792,0.08118295458386696,0.8297184163264071,0.8919131683324424,0.0,0.0
3304,3,82,3,M,0,0.1714675765373981,0.3520104579375526,0.38,0.3520104579375526,0.000749085709768102,0.08118295458386696,0.17146757653739808,0.3520104579375526,0.0,0.0
3305,3,82,3,M,1,0.16986848319032477,0.10817031564880071,0.0,0.10817031564880071,0.0004898635536293022,0.08118295458386696,0.16986848319032477,0.10817031564880071,0.0,0.0
3306,3,82,3,M,2,0.8259559847711692,0.6466607970499201,0.62,0.6466607970499201,0.000764989529215207,0.08118295458386696,0.8259559847711692,0.6466607970499202,0.0,0.0
3307,3,82,3,M,3,0.8297184163264071,0.8919131683324424,1.0,0.8919131683324424,0.0004922988269058792,0.08118295458386696,0.8297184163264071,0.8919131683324424,0.0,0.0
3308,3,83,3,M,0,0.17146757653739808,0.3520104579375526,0.38,0.3520104579375526,0.000749085709768102,0.08118295458386696,0.17146757653739808,0.3520104579375526,0.0,0.0
3309,3,83,3,M,1,0.16986848319032477,0.10817031564880071,0.0,0.10817031564880071,0.0004898635536293022,0.08118295458386696,0.16986848319032477,0.10817031564880071,0.0,0.0
3310,3,83,3,M,2,0.8259559847711692,0.6466607970499202,0.62,0.6466607970499202,0.000764989529215207,0.08118295458386696,0.8259559847711692,0.6466607970499201,0.0,0.0
3311,3,83,3,M,3,0.8297184163264071,0.8919131683324424,1.0,0.8919131683324424,0.0004922988269058792,0.08118295458386696,0.8297184163264071,0.8919131683324424,0.0,0.0
3312,3,84,3,M,0,0.17146757653739808,0.3520104579375526,0.38,0.3520104579375526,0.000749085709768102,0.08118295458386696,0.17146757653739808,0.35201045793755265,0.0,0.0
3313,3,84,3,M,1,0.16986848319032477,0.10817031564880071,0.0,0.10817031564880071,0.0004898635536293022,0.08118295458386696,0.16986848319032477,0.10817031564880071,0.0,0.0
3314,3,84,3,M,2,0.8259559847711692,0.6466607970499201,0.62,0.6466607970499201,0.000764989529215207,0.08118295458386696,0.8259559847711692,0.6466607970499202,0.0,0.0
3315,3,84,3,M,3,0.8297184163264071,0.8919131683324424,1.0,0.8919131683324424,0.0004922988269058792,0.08118295458386696,0.8297184163264071,0.8919131683324424,0.0,0.0
3316,3,85,3,M,0,0.17146757653739808,0.35201045793755265,0.38,0.35201045793755265,0.000749085709768102,0.08118295458386696,0.17146757653739808,0.3520104579375526,0.0,0.0
3317,3,85,3,M,1,0.16986848319032477,0.10817031564880071,0.0,0.10817031564880071,0.0004898635536293022,0.08118295458386696,0.16986848319032477,0.10817031564880071,0.0,0.0
3318,3,85,3,M,2,0.8259559847711692,0.6466607970499202,0.62,0.6466607970499202,0.000764989529215207,0.08118295458386696,0.8259559847711692,0.6466607970499201,0.0,0.0
3319,3,85,3,M,3,0.8297184163264071,0.8919131683324424,1.0,0.8919131683324424,0.0004922988269058792,0.08118295458386696,0.8297184163264071,0.8919131683324425,0.0,0.0
3320,3,86,3,M,0,0.17146757653739808,0.3520104579375526,0.38,0.3520104579375526,0.000749085709768102,0.08118295458386696,0.17146757653739805,0.35201045793755253,0.0,0.0
3321,3,86,3,M,1,0.16986848319032477,0.10817031564880071,0.0,0.10817031564880071,0.0004898635536293022,0.08118295458386696,0.16986848319032477,0.10817031564880071,0.0,0.0
3322,3,86,3,M,2,0.8259559847711692,0.6466607970499201,0.62,0.6466607970499201,0.000764989529215207,0.08118295458386696,0.8259559847711692,0.6466607970499202,0.0,0.0
3323,3,86,3,M,3,0.8297184163264071,0.8919131683324425,1.0,0.8919131683324425,0.0004922988269058792,0.08118295458386696,0.8297184163264071,0.8919131683324424,0.0,0.0
3324,3,87,3,M,0,0.17146757653739805,0.35201045793755253,0.38,0.35201045793755253,0.000749085709768102,0.08118295458386696,0.1714675765373981,0.3520104579375526,0.0,0.0
3325,3,87,3,M,1,0.16986848319032477,0.10817031564880071,0.0,0.10817031564880071,0.0004898635536293022,0.08118295458386696,0.16986848319032477,0.10817031564880071,0.0,0.0
3326,3,87,3,M,2,0.8259559847711692,0.6466607970499202,0.62,0.6466607970499202,0.000764989529215207,0.08118295458386696,0.8259559847711692,0.6466607970499201,0.0,0.0
3327,3,87,3,M,3,0.8297184163264071,0.8919131683324424,1.0,0.8919131683324424,0.0004922988269058792,0.08118295458386696,0.8297184163264071,0.8919131683324424,0.0,0.0
3328,3,88,3,M,0,0.1714675765373981,0.3520104579375526,0.38,0.3520104579375526,0.000749085709768102,0.08118295458386696,0.17146757653739808,0.3520104579375526,0.0,0.0
3329,3,88,3,M,1,0.16986848319032477,0.10817031564880071,0.0,0.10817031564880071,0.0004898635536293022,0.08118295458386696,0.16986848319032477,0.10817031564880071,0.0,0.0
3330,3,88,3,M,2,0.8259559847711692,0.6466607970499201,0.62,0.6466607970499201,0.000764989529215207,0.08118295458386696,0.8259559847711692,0.6466607970499202,0.0,0.0
3331,3,88,3,M,3,0.8297184163264071,0.8919131683324424,1.0,0.8919131683324424,0.0004922988269058792,0.08118295458386696,0.8297184163264071,0.8919131683324424,0.0,0.0
3332,3,89,3,M,0,0.17146757653739808,0.3520104579375526,0.38,0.3520104579375526,0.000749085709768102,0.08118295458386696,0.17146757653739808,0.3520104579375526,0.0,0.0
3333,3,89,3,M,1,0.16986848319032477,0.10817031564880071,0.0,0.10817031564880071,0.0004898635536293022,0.08118295458386696,0.16986848319032477,0.10817031564880071,0.0,0.0
3334,3,89,3,M,2,0.8259559847711692,0.6466607970499202,0.62,0.6466607970499202,0.000764989529215207,0.08118295458386696,0.8259559847711692,0.6466607970499201,0.0,0.0
3335,3,89,3,M,3,0.8297184163264071,0.8919131683324424,1.0,0.8919131683324424,0.0004922988269058792,0.08118295458386696,0.8297184163264071,0.8919131683324424,0.0,0.0
3336,3,90,3,M,0,0.17146757653739808,0.3520104579375526,0.38,0.3520104579375526,0.000749085709768102,0.08118295458386696,0.17146757653739808,0.35201045793755265,0.0,0.0
3337,3,90,3,M,1,0.16986848319032477,0.10817031564880071,0.0,0.10817031564880071,0.0004898635536293022,0.08118295458386696,0.16986848319032477,0.10817031564880071,0.0,0.0
3338,3,90,3,M,2,0.8259559847711692,0.6466607970499201,0.62,0.6466607970499201,0.000764989529215207,0.08118295458386696,0.8259559847711692,0.6466607970499202,0.0,0.0
3339,3,90,3,M,3,0.8297184163264071,0.8919131683324424,1.0,0.8919131683324424,0.0004922988269058792,0.08118295458386696,0.8297184163264071,0.8919131683324424,0.0,0.0
3340,3,91,3,M,0,0.17146757653739808,0.35201045793755265,0.38,0.35201045793755265,0.000749085709768102,0.08118295458386696,0.17146757653739808,0.3520104579375526,0.0,0.0
3341,3,91,3,M,1,0.16986848319032477,0.10817031564880071,0.0,0.10817031564880071,0.0004898635536293022,0.08118295458386696,0.16986848319032477,0.10817031564880071,0.0,0.0
3342,3,91,3,M,2,0.8259559847711692,0.6466607970499202,0.62,0.6466607970499202,0.000764989529215207,0.08118295458386696,0.8259559847711692,0.6466607970499201,0.0,0.0
3343,3,91,3,M,3,0.8297184163264071,0.8919131683324424,1.0,0.8919131683324424,0.0004922988269058792,0.08118295458386696,0.8297184163264071,0.8919131683324425,0.0,0.0
3344,3,92,3,M,0,0.17146757653739808,0.3520104579375526,0.38,0.3520104579375526,0.000749085709768102,0.08118295458386696,0.17146757653739805,0.35201045793755253,0.0,0.0
3345,3,92,3,M,1,0.16986848319032477,0.10817031564880071,0.0,0.10817031564880071,0.0004898635536293022,0.08118295458386696,0.16986848319032477,0.10817031564880071,0.0,0.0
3346,3,92,3,M,2,0.8259559847711692,0.6466607970499201,0.62,0.6466607970499201,0.000764989529215207,0.08118295458386696,0.8259559847711692,0.6466607970499202,0.0,0.0
3347,3,92,3,M,3,0.8297184163264071,0.8919131683324425,1.0,0.8919131683324425,0.0004922988269058792,0.08118295458386696,0.8297184163264071,0.8919131683324424,0.0,0.0
3348,3,93,3,M,0,0.17146757653739805,0.35201045793755253,0.38,0.35201045793755253,0.000749085709768102,0.08118295458386696,0.1714675765373981,0.3520104579375526,0.0,0.0
3349,3,93,3,M,1,0.16986848319032477,0.10817031564880071,0.0,0.10817031564880071,0.0004898635536293022,0.08118295458386696,0.16986848319032477,0.10817031564880071,0.0,0.0
3350,3,93,3,M,2,0.8259559847711692,0.6466607970499202,0.62,0.6466607970499202,0.000764989529215207,0.08118295458386696,0.8259559847711692,0.6466607970499201,0.0,0.0
3351,3,93,3,M,3,0.8297184163264071,0.8919131683324424,1.0,0.8919131683324424,0.0004922988269058792,0.08118295458386696,0.8297184163264071,0.8919131683324424,0.0,0.0
3352,3,94,3,M,0,0.1714675765373981,0.3520104579375526,0.38,0.3520104579375526,0.000749085709768102,0.08118295458386696,0.17146757653739808,0.3520104579375526,0.0,0.0
3353,3,94,3,M,1,0.16986848319032477,0.10817031564880071,0.0,0.10817031564880071,0.0004898635536293022,0.08118295458386696,0.16986848319032477,0.10817031564880071,0.0,0.0
3354,3,94,3,M,2,0.8259559847711692,0.6466607970499201,0.62,0.6466607970499201,0.000764989529215207,0.08118295458386696,0.8259559847711692,0.6466607970499202,0.0,0.0
3355,3,94,3,M,3,0.8297184163264071,0.8919131683324424,1.0,0.8919131683324424,0.0004922988269058792,0.08118295458386696,0.8297184163264071,0.8919131683324424,0.0,0.0
3356,3,95,3,M,0,0.17146757653739808,0.3520104579375526,0.38,0.3520104579375526,0.000749085709768102,0.08118295458386696,0.17146757653739808,0.3520104579375526,0.0,0.0
3357,3,95,3,M,1,0.16986848319032477,0.10817031564880071,0.0,0.10817031564880071,0.0004898635536293022,0.08118295458386696,0.16986848319032477,0.10817031564880071,0.0,0.0
3358,3,95,3,M,2,0.8259559847711692,0.6466607970499202,0.62,0.6466607970499202,0.000764989529215207,0.08118295458386696,0.8259559847711692,0.6466607970499201,0.0,0.0
3359,3,95,3,M,3,0.8297184163264071,0.8919131683324424,1.0,0.8919131683324424,0.0004922988269058792,0.08118295458386696,0.8297184163264071,0.8919131683324424,0.0,0.0
3360,3,96,3,M,0,0.17146757653739808,0.3520104579375526,0.38,0.3520104579375526,0.000749085709768102,0.08118295458386696,0.17146757653739808,0.35201045793755265,0.0,0.0
3361,3,96,3,M,1,0.16986848319032477,0.10817031564880071,0.0,0.10817031564880071,0.0004898635536293022,0.08118295458386696,0.16986848319032477,0.10817031564880071,0.0,0.0
3362,3,96,3,M,2,0.8259559847711692,0.6466607970499201,0.62,0.6466607970499201,0.000764989529215207,0.08118295458386696,0.8259559847711692,0.6466607970499202,0.0,0.0
3363,3,96,3,M,3,0.8297184163264071,0.8919131683324424,1.0,0.8919131683324424,0.0004922988269058792,0.08118295458386696,0.8297184163264071,0.8919131683324424,0.0,0.0
3364,3,97,3,M,0,0.17146757653739808,0.35201045793755265,0.38,0.35201045793755265,0.000749085709768102,0.08118295458386696,0.17146757653739808,0.3520104579375526,0.0,0.0
3365,3,97,3,M,1,0.16986848319032477,0.10817031564880071,0.0,0.10817031564880071,0.0004898635536293022,0.08118295458386696,0.16986848319032477,0.10817031564880071,0.0,0.0
3366,3,97,3,M,2,0.8259559847711692,0.6466607970499202,0.62,0.6466607970499202,0.000764989529215207,0.08118295458386696,0.8259559847711692,0.6466607970499201,0.0,0.0
3367,3,97,3,M,3,0.8297184163264071,0.8919131683324424,1.0,0.8919131683324424,0.0004922988269058792,0.08118295458386696,0.8297184163264071,0.8919131683324425,0.0,0.0
3368,3,98,3,M,0,0.17146757653739808,0.3520104579375526,0.38,0.3520104579375526,0.000749085709768102,0.08118295458386696,0.17146757653739805,0.35201045793755253,0.0,0.0
3369,3,98,3,M,1,0.16986848319032477,0.10817031564880071,0.0,0.10817031564880071,0.0004898635536293022,0.08118295458386696,0.16986848319032477,0.10817031564880071,0.0,0.0
3370,3,98,3,M,2,0.8259559847711692,0.6466607970499201,0.62,0.6466607970499201,0.000764989529215207,0.08118295458386696,0.8259559847711692,0.6466607970499202,0.0,0.0
3371,3,98,3,M,3,0.8297184163264071,0.8919131683324425,1.0,0.8919131683324425,0.0004922988269058792,0.08118295458386696,0.8297184163264071,0.8919131683324424,0.0,0.0
3372,3,99,3,M,0,0.17146757653739805,0.35201045793755253,0.38,0.35201045793755253,0.000749085709768102,0.08118295458386696,0.1714675765373981,0.3520104579375526,0.0,0.0
3373,3,99,3,M,1,0.16986848319032477,0.10817031564880071,0.0,0.10817031564880071,0.0004898635536293022,0.08118295458386696,0.16986848319032477,0.10817031564880071,0.0,0.0
3374,3,99,3,M,2,0.8259559847711692,0.6466607970499202,0.62,0.6466607970499202,0.000764989529215207,0.08118295458386696,0.8259559847711692,0.6466607970499201,0.0,0.0
3375,3,99,3,M,3,0.8297184163264071,0.8919131683324424,1.0,0.8919131683324424,0.0004922988269058792,0.08118295458386696,0.8297184163264071,0.8919131683324424,0.0,0.0
3376,3,100,3,M,0,0.1714675765373981,0.3520104579375526,0.38,0.3520104579375526,0.000749085709768102,0.08118295458386696,0.17146757653739808,0.3520104579375526,0.0,0.0
3377,3,100,3,M,1,0.16986848319032477,0.10817031564880071,0.0,0.10817031564880071,0.0004898635536293022,0.08118295458386696,0.16986848319032477,0.10817031564880071,0.0,0.0
3378,3,100,3,M,2,0.8259559847711692,0.6466607970499201,0.62,0.6466607970499201,0.000764989529215207,0.08118295458386696,0.8259559847711692,0.6466607970499202,0.0,0.0
3379,3,100,3,M,3,0.8297184163264071,0.8919131683324424,1.0,0.8919131683324424,0.0004922988269058792,0.08118295458386696,0.8297184163264071,0.8919131683324424,0.0,0.0
3380,3,101,3,M,0,0.17146757653739808,0.3520104579375526,0.38,0.3520104579375526,0.000749085709768102,0.08118295458386696,0.17146757653739808,0.3520104579375526,0.0,0.0
3381,3,101,3,M,1,0.16986848319032477,0.10817031564880071,0.0,0.10817031564880071,0.0004898635536293022,0.08118295458386696,0.16986848319032477,0.10817031564880071,0.0,0.0
3382,3,101,3,M,2,0.8259559847711692,0.6466607970499202,0.62,0.6466607970499202,0.000764989529215207,0.08118295458386696,0.8259559847711692,0.6466607970499201,0.0,0.0
3383,3,101,3,M,3,0.8297184163264071,0.8919131683324424,1.0,0.8919131683324424,0.0004922988269058792,0.08118295458386696,0.8297184163264071,0.8919131683324424,0.0,0.0
3384,3,102,3,M,0,0.17146757653739808,0.3520104579375526,0.38,0.3520104579375526,0.000749085709768102,0.08118295458386696,0.17146757653739808,0.35201045793755265,0.0,0.0
3385,3,102,3,M,1,0.16986848319032477,0.10817031564880071,0.0,0.10817031564880071,0.0004898635536293022,0.08118295458386696,0.16986848319032477,0.10817031564880071,0.0,0.0
3386,3,102,3,M,2,0.8259559847711692,0.6466607970499201,0.62,0.6466607970499201,0.000764989529215207,0.08118295458386696,0.8259559847711692,0.6466607970499202,0.0,0.0
3387,3,102,3,M,3,0.8297184163264071,0.8919131683324424,1.0,0.8919131683324424,0.0004922988269058792,0.08118295458386696,0.8297184163264071,0.8919131683324424,0.0,0.0
3388,3,103,3,M,0,0.17146757653739808,0.35201045793755265,0.38,0.35201045793755265,0.000749085709768102,0.08118295458386696,0.17146757653739808,0.3520104579375526,0.0,0.0
3389,3,103,3,M,1,0.16986848319032477,0.10817031564880071,0.0,0.10817031564880071,0.0004898635536293022,0.08118295458386696,0.16986848319032477,0.10817031564880071,0.0,0.0
3390,3,103,3,M,2,0.8259559847711692,0.6466607970499202,0.62,0.6466607970499202,0.000764989529215207,0.08118295458386696,0.8259559847711692,0.6466607970499201,0.0,0.0
3391,3,103,3,M,3,0.8297184163264071,0.8919131683324424,1.0,0.8919131683324424,0.0004922988269058792,0.08118295458386696,0.8297184163264071,0.8919131683324425,0.0,0.0
3392,3,104,3,M,0,0.17146757653739808,0.3520104579375526,0.38,0.3520104579375526,0.000749085709768102,0.08118295458386696,0.17146757653739805,0.35201045793755253,0.0,0.0
3393,3,104,3,M,1,0.16986848319032477,0.10817031564880071,0.0,0.10817031564880071,0.0004898635536293022,0.08118295458386696,0.16986848319032477,0.10817031564880071,0.0,0.0
3394,3,104,3,M,2,0.8259559847711692,0.6466607970499201,0.62,0.6466607970499201,0.000764989529215207,0.08118295458386696,0.8259559847711692,0.6466607970499202,0.0,0.0
3395,3,104,3,M,3,0.8297184163264071,0.8919131683324425,1.0,0.8919131683324425,0.0004922988269058792,0.08118295458386696,0.8297184163264071,0.8919131683324424,0.0,0.0
3396,3,105,3,M,0,0.17146757653739805,0.35201045793755253,0.38,0.35201045793755253,0.000749085709768102,0.08118295458386696,0.1714675765373981,0.3520104579375526,0.0,0.0
3397,3,105,3,M,1,0.16986848319032477,0.10817031564880071,0.0,0.10817031564880071,0.0004898635536293022,0.08118295458386696,0.16986848319032477,0.10817031564880071,0.0,0.0
3398,3,105,3,M,2,0.8259559847711692,0.6466607970499202,0.62,0.6466607970499202,0.000764989529215207,0.08118295458386696,0.8259559847711692,0.6466607970499201,0.0,0.0
3399,3,105,3,M,3,0.8297184163264071,0.8919131683324424,1.0,0.8919131683324424,0.0004922988269058792,0.08118295458386696,0.8297184163264071,0.8919131683324424,0.0,0.0
3400,3,106,3,M,0,0.1714675765373981,0.3520104579375526,0.38,0.3520104579375526,0.000749085709768102,0.08118295458386696,0.17146757653739808,0.3520104579375526,0.0,0.0
3401,3,106,3,M,1,0.16986848319032477,0.10817031564880071,0.0,0.10817031564880071,0.0004898635536293022,0.08118295458386696,0.16986848319032477,0.10817031564880071,0.0,0.0
3402,3,106,3,M,2,0.8259559847711692,0.6466607970499201,0.62,0.6466607970499201,0.000764989529215207,0.08118295458386696,0.8259559847711692,0.6466607970499202,0.0,0.0
3403,3,106,3,M,3,0.8297184163264071,0.8919131683324424,1.0,0.8919131683324424,0.0004922988269058792,0.08118295458386696,0.8297184163264071,0.8919131683324424,0.0,0.0
3404,3,107,3,M,0,0.17146757653739808,0.3520104579375526,0.38,0.3520104579375526,0.000749085709768102,0.08118295458386696,0.17146757653739808,0.3520104579375526,0.0,0.0
3405,3,107,3,M,1,0.16986848319032477,0.10817031564880071,0.0,0.10817031564880071,0.0004898635536293022,0.08118295458386696,0.16986848319032477,0.10817031564880071,0.0,0.0
3406,3,107,3,M,2,0.8259559847711692,0.6466607970499202,0.62,0.6466607970499202,0.000764989529215207,0.08118295458386696,0.8259559847711692,0.6466607970499201,0.0,0.0
3407,3,107,3,M,3,0.8297184163264071,0.8919131683324424,1.0,0.8919131683324424,0.0004922988269058792,0.08118295458386696,0.8297184163264071,0.8919131683324424,0.0,0.0
3408,3,108,3,M,0,0.17146757653739808,0.3520104579375526,0.38,0.3520104579375526,0.000749085709768102,0.08118295458386696,0.17146757653739808,0.35201045793755265,0.0,0.0
3409,3,108,3,M,1,0.16986848319032477,0.10817031564880071,0.0,0.10817031564880071,0.0004898635536293022,0.08118295458386696,0.16986848319032477,0.10817031564880071,0.0,0.0
3410,3,108,3,M,2,0.8259559847711692,0.6466607970499201,0.62,0.6466607970499201,0.000764989529215207,0.08118295458386696,0.8259559847711692,0.6466607970499202,0.0,0.0
3411,3,108,3,M,3,0.8297184163264071,0.8919131683324424,1.0,0.8919131683324424,0.0004922988269058792,0.08118295458386696,0.8297184163264071,0.8919131683324424,0.0,0.0
3412,3,109,3,M,0,0.17146757653739808,0.35201045793755265,0.38,0.35201045793755265,0.000749085709768102,0.08118295458386696,0.17146757653739808,0.3520104579375526,0.0,0.0
3413,3,109,3,M,1,0.16986848319032477,0.10817031564880071,0.0,0.10817031564880071,0.0004898635536293022,0.08118295458386696,0.16986848319032477,0.10817031564880071,0.0,0.0
3414,3,109,3,M,2,0.8259559847711692,0.6466607970499202,0.62,0.6466607970499202,0.000764989529215207,0.08118295458386696,0.8259559847711692,0.6466607970499201,0.0,0.0
3415,3,109,3,M,3,0.8297184163264071,0.8919131683324424,1.0,0.8919131683324424,0.0004922988269058792,0.08118295458386696,0.8297184163264071,0.8919131683324425,0.0,0.0
3416,3,110,3,M,0,0.17146757653739808,0.3520104579375526,0.38,0.3520104579375526,0.000749085709768102,0.08118295458386696,0.17146757653739805,0.35201045793755253,0.0,0.0
3417,3,110,3,M,1,0.16986848319032477,0.10817031564880071,0.0,0.10817031564880071,0.0004898635536293022,0.08118295458386696,0.16986848319032477,0.10817031564880071,0.0,0.0
3418,3,110,3,M,2,0.8259559847711692,0.6466607970499201,0.62,0.6466607970499201,0.000764989529215207,0.08118295458386696,0.8259559847711692,0.6466607970499202,0.0,0.0
3419,3,110,3,M,3,0.8297184163264071,0.8919131683324425,1.0,0.8919131683324425,0.0004922988269058792,0.08118295458386696,0.8297184163264071,0.8919131683324424,0.0,0.0
3420,3,111,3,M,0,0.17146757653739805,0.35201045793755253,0.38,0.35201045793755253,0.000749085709768102,0.08118295458386696,0.1714675765373981,0.3520104579375526,0.0,0.0
3421,3,111,3,M,1,0.16986848319032477,0.10817031564880071,0.0,0.10817031564880071,0.0004898635536293022,0.08118295458386696,0.16986848319032477,0.10817031564880071,0.0,0.0
3422,3,111,3,M,2,0.8259559847711692,0.6466607970499202,0.62,0.6466607970499202,0.000764989529215207,0.08118295458386696,0.8259559847711692,0.6466607970499201,0.0,0.0
3423,3,111,3,M,3,0.8297184163264071,0.8919131683324424,1.0,0.8919131683324424,0.0004922988269058792,0.08118295458386696,0.8297184163264071,0.8919131683324424,0.0,0.0
3424,3,112,3,M,0,0.1714675765373981,0.3520104579375526,0.38,0.3520104579375526,0.000749085709768102,0.08118295458386696,0.17146757653739808,0.3520104579375526,0.0,0.0
3425,3,112,3,M,1,0.16986848319032477,0.10817031564880071,0.0,0.10817031564880071,0.0004898635536293022,0.08118295458386696,0.16986848319032477,0.10817031564880071,0.0,0.0
3426,3,112,3,M,2,0.8259559847711692,0.6466607970499201,0.62,0.6466607970499201,0.000764989529215207,0.08118295458386696,0.8259559847711692,0.6466607970499202,0.0,0.0
3427,3,112,3,M,3,0.8297184163264071,0.8919131683324424,1.0,0.8919131683324424,0.0004922988269058792,0.08118295458386696,0.8297184163264071,0.8919131683324424,0.0,0.0
3428,3,113,3,M,0,0.17146757653739808,0.3520104579375526,0.38,0.3520104579375526,0.000749085709768102,0.08118295458386696,0.17146757653739808,0.3520104579375526,0.0,0.0
3429,3,113,3,M,1,0.16986848319032477,0.10817031564880071,0.0,0.10817031564880071,0.0004898635536293022,0.08118295458386696,0.16986848319032477,0.10817031564880071,0.0,0.0
3430,3,113,3,M,2,0.8259559847711692,0.6466607970499202,0.62,0.6466607970499202,0.000764989529215207,0.08118295458386696,0.8259559847711692,0.6466607970499201,0.0,0.0
3431,3,113,3,M,3,0.8297184163264071,0.8919131683324424,1.0,0.8919131683324424,0.0004922988269058792,0.08118295458386696,0.8297184163264071,0.8919131683324424,0.0,0.0
3432,3,114,3,M,0,0.17146757653739808,0.3520104579375526,0.38,0.3520104579375526,0.000749085709768102,0.08118295458386696,0.17146757653739808,0.35201045793755265,0.0,0.0
3433,3,114,3,M,1,0.16986848319032477,0.10817031564880071,0.0,0.10817031564880071,0.0004898635536293022,0.08118295458386696,0.16986848319032477,0.10817031564880071,0.0,0.0
3434,3,114,3,M,2,0.8259559847711692,0.6466607970499201,0.62,0.6466607970499201,0.000764989529215207,0.08118295458386696,0.8259559847711692,0.6466607970499202,0.0,0.0
3435,3,114,3,M,3,0.8297184163264071,0.8919131683324424,1.0,0.8919131683324424,0.0004922988269058792,0.08118295458386696,0.8297184163264071,0.8919131683324424,0.0,0.0
3436,3,115,3,M,0,0.17146757653739808,0.35201045793755265,0.38,0.35201045793755265,0.000749085709768102,0.08118295458386696,0.17146757653739808,0.3520104579375526,0.0,0.0
3437,3,115,3,M,1,0.16986848319032477,0.10817031564880071,0.0,0.10817031564880071,0.0004898635536293022,0.08118295458386696,0.16986848319032477,0.10817031564880071,0.0,0.0
3438,3,115,3,M,2,0.8259559847711692,0.6466607970499202,0.62,0.6466607970499202,0.000764989529215207,0.08118295458386696,0.8259559847711692,0.6466607970499201,0.0,0.0
3439,3,115,3,M,3,0.8297184163264071,0.8919131683324424,1.0,0.8919131683324424,0.0004922988269058792,0.08118295458386696,0.8297184163264071,0.8919131683324425,0.0,0.0
3440,3,116,3,M,0,0.17146757653739808,0.3520104579375526,0.38,0.3520104579375526,0.000749085709768102,0.08118295458386696,0.17146757653739805,0.35201045793755253,0.0,0.0
3441,3,116,3,M,1,0.16986848319032477,0.10817031564880071,0.0,0.10817031564880071,0.0004898635536293022,0.08118295458386696,0.16986848319032477,0.10817031564880071,0.0,0.0
3442,3,116,3,M,2,0.8259559847711692,0.6466607970499201,0.62,0.6466607970499201,0.000764989529215207,0.08118295458386696,0.8259559847711692,0.6466607970499202,0.0,0.0
3443,3,116,3,M,3,0.8297184163264071,0.8919131683324425,1.0,0.8919131683324425,0.0004922988269058792,0.08118295458386696,0.8297184163264071,0.8919131683324424,0.0,0.0
3444,3,117,3,M,0,0.17146757653739805,0.35201045793755253,0.38,0.35201045793755253,0.000749085709768102,0.08118295458386696,0.1714675765373981,0.3520104579375526,0.0,0.0
3445,3,117,3,M,1,0.16986848319032477,0.10817031564880071,0.0,0.10817031564880071,0.0004898635536293022,0.08118295458386696,0.16986848319032477,0.10817031564880071,0.0,0.0
3446,3,117,3,M,2,0.8259559847711692,0.6466607970499202,0.62,0.6466607970499202,0.000764989529215207,0.08118295458386696,0.8259559847711692,0.6466607970499201,0.0,0.0
3447,3,117,3,M,3,0.8297184163264071,0.8919131683324424,1.0,0.8919131683324424,0.0004922988269058792,0.08118295458386696,0.8297184163264071,0.8919131683324424,0.0,0.0
3448,3,118,3,M,0,0.1714675765373981,0.3520104579375526,0.38,0.3520104579375526,0.000749085709768102,0.08118295458386696,0.17146757653739808,0.3520104579375526,0.0,0.0
3449,3,118,3,M,1,0.16986848319032477,0.10817031564880071,0.0,0.10817031564880071,0.0004898635536293022,0.08118295458386696,0.16986848319032477,0.10817031564880071,0.0,0.0
3450,3,118,3,M,2,0.8259559847711692,0.6466607970499201,0.62,0.6466607970499201,0.000764989529215207,0.08118295458386696,0.8259559847711692,0.6466607970499202,0.0,0.0
3451,3,118,3,M,3,0.8297184163264071,0.8919131683324424,1.0,0.8919131683324424,0.0004922988269058792,0.08118295458386696,0.8297184163264071,0.8919131683324424,0.0,0.0
3452,3,119,3,M,0,0.17146757653739808,0.3520104579375526,0.38,0.3520104579375526,0.000749085709768102,0.08118295458386696,0.17146757653739808,0.3520104579375526,0.0,0.0
3453,3,119,3,M,1,0.16986848319032477,0.10817031564880071,0.0,0.10817031564880071,0.0004898635536293022,0.08118295458386696,0.16986848319032477,0.10817031564880071,0.0,0.0
3454,3,119,3,M,2,0.8259559847711692,0.6466607970499202,0.62,0.6466607970499202,0.000764989529215207,0.08118295458386696,0.8259559847711692,0.6466607970499201,0.0,0.0
3455,3,119,3,M,3,0.8297184163264071,0.8919131683324424,1.0,0.8919131683324424,0.0004922988269058792,0.08118295458386696,0.8297184163264071,0.8919131683324424,0.0,0.0
3456,3,120,4,M,0,0.17146757653739808,0.3520104579375526,0.38,0.3520104579375526,0.000749085709768102,0.08118295458386696,0.17146757653739808,0.35201045793755265,0.0,0.0
3457,3,120,4,M,1,0.16986848319032477,0.10817031564880071,0.0,0.10817031564880071,0.0004898635536293022,0.08118295458386696,0.16986848319032477,0.10817031564880071,0.0,0.0
3458,3,120,4,M,2,0.8259559847711692,0.6466607970499201,0.62,0.6466607970499201,0.000764989529215207,0.08118295458386696,0.8259559847711692,0.6466607970499202,0.0,0.0
3459,3,120,4,M,3,0.8297184163264071,0.8919131683324424,1.0,0.8919131683324424,0.0004922988269058792,0.08118295458386696,0.8297184163264071,0.8919131683324424,0.0,0.0
3460,3,121,4,M,0,0.0,0.9,0.38,0.9,0.0007099115524814431,0.08118295458386696,0.17113723519394847,0.352309221984505,1.0,1.0
3461,3,121,4,M,1,0.0,0.1,0.1,0.1,0.0003537493206534764,0.08118295458386696,0.16996535231693874,0.10816293880381496,1.0,1.0
3462,3,121,4,M,2,1.0,0.1,0.62,0.1,0.0007135073156697563,0.08118295458386696,0.8263322978536801,0.6464184224846898,1.0,1.0
3463,3,121,4,M,3,1.0,0.9,0.9,0.9,0.00028361721610070667,0.08118295458386696,0.8295312746555323,0.8919224975695039,1.0,1.0
3464,3,122,4,M,0,0.38,0.62,0.38,0.62,0.0005585933327849207,0.08118295458386696,0.16712840040503252,0.34662177378592307,1.0,1.0
3465,3,122,4,M,1,0.16996535231693874,0.10816293880381496,0.1,0.10816293880381496,0.00034832587902415557,0.08118295458386696,0.17000007977966808,0.10811326622096858,0.0,0.0
3466,3,122,4,M,2,0.62,0.64,0.64,0.64,0.0005038063713243696,0.08118295458386696,0.8233918020595077,0.6473643611534189,1.0,1.0
3467,3,122,4,M,3,0.8295312746555323,0.8919224975695039,0.9,0.8919224975695039,0.00025559895920293507,0.08118295458386696,0.8297048709922432,0.8920506424048833,0.0,0.0
3468,3,123,4,M,0,0.36,0.36,0.1,0.36,0.0002634139370683436,0.08118295458386696,0.17289171861489672,0.34730901003991277,1.0,1.0
3469,3,123,4,M,1,0.17000007977966808,0.10811326622096858,0.1,0.10811326622096858,0.00031510081957017433,0.08118295458386696,0.1699667909898835,0.10795418168717297,0.0,0.0
3470,3,123,4,M,2,0.8233918020595077,0.6473643611534189,0.64,0.6473643611534189,0.0002815684999491058,0.08118295458386696,0.8265549739994096,0.6520310122483871,0.0,0.0
3471,3,123,4,M,3,0.8297048709922432,0.8920506424048833,0.9,0.8920506424048833,0.0002533497747726904,0.08118295458386696,0.8296936073517608,0.8921368531070898,0.0,0.0
3472,3,124,4,M,0,0.17289171861489672,0.34730901003991277,0.1,0.34730901003991277,0.0002634139370683436,0.08118295458386696,0.17344582277718695,0.3474165381077047,0.0,0.0
3473,3,124,4,M,1,0.1699667909898835,0.10795418168717297,0.1,0.10795418168717297,0.00031510081957017433,0.08118295458386696,0.17004720158724035,0.10795833509284887,0.0,0.0
3474,3,124,4,M,2,0.8265549739994096,0.6520310122483871,0.64,0.6520310122483871,0.0002815684999491058,0.08118295458386696,0.8272744769271858,0.6525139556562133,0.0,0.0
3475,3,124,4,M,3,0.8296936073517608,0.8921368531070898,0.9,0.8921368531070898,0.0002533497747726904,0.08118295458386696,0.8296003603700738,0.8921123648644489,0.0,0.0
3476,3,125,4,M,0,0.17344582277718695,0.3474165381077047,0.1,0.3474165381077047,0.0002634139370683436,0.08118295458386696,0.1735083024984869,0.3474457319531336,0.0,0.0
3477,3,125,4,M,1,0.17004720158724035,0.10795833509284887,0.1,0.10795833509284887,0.00031510081957017433,0.08118295458386696,0.17007403392882506,0.10795534554797673,0.0,0.0
3478,3,125,4,M,2,0.8272744769271858,0.6525139556562133,0.64,0.6525139556562133,0.0002815684999491058,0.08118295458386696,0.827342312574942,0.652608684302499,0.0,0.0
3479,3,125,4,M,3,0.8296003603700738,0.8921123648644489,0.9,0.8921123648644489,0.0002533497747726904,0.08118295458386696,0.8296003603700737,0.8921123648644488,0.0,0.0
3480,3,126,4,M,0,0.1735083024984869,0.3474457319531336,0.1,0.3474457319531336,0.0002634139370683436,0.08118295458386696,0.1735083024984869,0.3474457319531336,0.0,0.0
3481,3,126,4,M,1,0.17007403392882506,0.10795534554797673,0.1,0.10795534554797673,0.00031510081957017433,0.08118295458386696,0.17007403392882509,0.10795534554797673,0.0,0.0
3482,3,126,4,M,2,0.827342312574942,0.652608684302499,0.64,0.652608684302499,0.0002815684999491058,0.08118295458386696,0.827342312574942,0.652608684302499,0.0,0.0
3483,3,126,4,M,3,0.8296003603700737,0.8921123648644488,0.9,0.8921123648644488,0.0002533497747726904,0.08118295458386696,0.8296003603700738,0.8921123648644489,0.0,0.0
3484,3,127,4,M,0,0.1735083024984869,0.3474457319531336,0.1,0.3474457319531336,0.0002634139370683436,0.08118295458386696,0.1735083024984869,0.34744573195313355,0.0,0.0
3485,3,127,4,M,1,0.17007403392882509,0.10795534554797673,0.1,0.10795534554797673,0.00031510081957017433,0.08118295458386696,0.17007403392882509,0.10795534554797673,0.0,0.0
3486,3,127,4,M,2,0.827342312574942,0.652608684302499,0.64,0.652608684302499,0.0002815684999491058,0.08118295458386696,0.827342312574942,0.652608684302499,0.0,0.0
3487,3,127,4,M,3,0.8296003603700738,0.8921123648644489,0.9,0.8921123648644489,0.0002533497747726904,0.08118295458386696,0.8296003603700738,0.8921123648644489,0.0,0.0
3488,3,128,4,M,0,0.1735083024984869,0.34744573195313355,0.1,0.34744573195313355,0.0002634139370683436,0.08118295458386696,0.1735083024984869,0.34744573195313355,0.0,0.0
3489,3,128,4,M,1,0.17007403392882509,0.10795534554797673,0.1,0.10795534554797673,0.00031510081957017433,0.08118295458386696,0.17007403392882506,0.10795534554797673,0.0,0.0
3490,3,128,4,M,2,0.827342312574942,0.652608684302499,0.64,0.652608684302499,0.0002815684999491058,0.08118295458386696,0.8273423125749421,0.6526086843024991,0.0,0.0
3491,3,128,4,M,3,0.8296003603700738,0.8921123648644489,0.9,0.8921123648644489,0.0002533497747726904,0.08118295458386696,0.8296003603700738,0.8921123648644488,0.0,0.0
3492,3,129,4,M,0,0.1735083024984869,0.34744573195313355,0.1,0.34744573195313355,0.0002634139370683436,0.08118295458386696,0.1735083024984869,0.3474457319531336,0.0,0.0
3493,3,129,4,M,1,0.17007403392882506,0.10795534554797673,0.1,0.10795534554797673,0.00031510081957017433,0.08118295458386696,0.17007403392882509,0.10795534554797673,0.0,0.0
3494,3,129,4,M,2,0.8273423125749421,0.6526086843024991,0.64,0.6526086843024991,0.0002815684999491058,0.08118295458386696,0.827342312574942,0.652608684302499,0.0,0.0
3495,3,129,4,M,3,0.8296003603700738,0.8921123648644488,0.9,0.8921123648644488,0.0002533497747726904,0.08118295458386696,0.8296003603700738,0.8921123648644489,0.0,0.0
3496,3,130,4,M,0,0.1735083024984869,0.3474457319531336,0.1,0.3474457319531336,0.0002634139370683436,0.08118295458386696,0.1735083024984869,0.34744573195313355,0.0,0.0
3497,3,130,4,M,1,0.17007403392882509,0.10795534554797673,0.1,0.10795534554797673,0.00031510081957017433,0.08118295458386696,0.17007403392882509,0.10795534554797673,0.0,0.0
3498,3,130,4,M,2,0.827342312574942,0.652608684302499,0.64,0.652608684302499,0.0002815684999491058,0.08118295458386696,0.827342312574942,0.652608684302499,0.0,0.0
3499,3,130,4,M,3,0.8296003603700738,0.8921123648644489,0.9,0.8921123648644489,0.0002533497747726904,0.08118295458386696,0.8296003603700738,0.8921123648644489,0.0,0.0
3500,3,131,4,M,0,0.1735083024984869,0.34744573195313355,0.1,0.34744573195313355,0.0002634139370683436,0.08118295458386696,0.1735083024984869,0.34744573195313355,0.0,0.0
3501,3,131,4,M,1,0.17007403392882509,0.10795534554797673,0.1,0.10795534554797673,0.00031510081957017433,0.08118295458386696,0.17007403392882506,0.10795534554797673,0.0,0.0
3502,3,131,4,M,2,0.827342312574942,0.652608684302499,0.64,0.652608684302499,0.0002815684999491058,0.08118295458386696,0.8273423125749421,0.6526086843024991,0.0,0.0
3503,3,131,4,M,3,0.8296003603700738,0.8921123648644489,0.9,0.8921123648644489,0.0002533497747726904,0.08118295458386696,0.8296003603700738,0.8921123648644488,0.0,0.0
3504,3,132,4,M,0,0.1735083024984869,0.34744573195313355,0.1,0.34744573195313355,0.0002634139370683436,0.08118295458386696,0.1735083024984869,0.3474457319531336,0.0,0.0
3505,3,132,4,M,1,0.17007403392882506,0.10795534554797673,0.1,0.10795534554797673,0.00031510081957017433,0.08118295458386696,0.17007403392882509,0.10795534554797673,0.0,0.0
3506,3,132,4,M,2,0.8273423125749421,0.6526086843024991,0.64,0.6526086843024991,0.0002815684999491058,0.08118295458386696,0.827342312574942,0.652608684302499,0.0,0.0
3507,3,132,4,M,3,0.8296003603700738,0.8921123648644488,0.9,0.8921123648644488,0.0002533497747726904,0.08118295458386696,0.8296003603700738,0.8921123648644489,0.0,0.0
3508,3,133,4,M,0,0.1735083024984869,0.3474457319531336,0.1,0.3474457319531336,0.0002634139370683436,0.08118295458386696,0.1735083024984869,0.34744573195313355,0.0,0.0
3509,3,133,4,M,1,0.17007403392882509,0.10795534554797673,0.1,0.10795534554797673,0.00031510081957017433,0.08118295458386696,0.17007403392882509,0.10795534554797673,0.0,0.0
3510,3,133,4,M,2,0.827342312574942,0.652608684302499,0.64,0.652608684302499,0.0002815684999491058,0.08118295458386696,0.827342312574942,0.652608684302499,0.0,0.0
3511,3,133,4,M,3,0.8296003603700738,0.8921123648644489,0.9,0.8921123648644489,0.0002533497747726904,0.08118295458386696,0.8296003603700738,0.8921123648644489,0.0,0.0
3512,3,134,4,M,0,0.1735083024984869,0.34744573195313355,0.1,0.34744573195313355,0.0002634139370683436,0.08118295458386696,0.1735083024984869,0.34744573195313355,0.0,0.0
3513,3,134,4,M,1,0.17007403392882509,0.10795534554797673,0.1,0.10795534554797673,0.00031510081957017433,0.08118295458386696,0.17007403392882506,0.10795534554797673,0.0,0.0
3514,3,134,4,M,2,0.827342312574942,0.652608684302499,0.64,0.652608684302499,0.0002815684999491058,0.08118295458386696,0.8273423125749421,0.6526086843024991,0.0,0.0
3515,3,134,4,M,3,0.8296003603700738,0.8921123648644489,0.9,0.8921123648644489,0.0002533497747726904,0.08118295458386696,0.8296003603700738,0.8921123648644488,0.0,0.0
3516,3,135,4,M,0,0.1735083024984869,0.34744573195313355,0.1,0.34744573195313355,0.0002634139370683436,0.08118295458386696,0.1735083024984869,0.3474457319531336,0.0,0.0
3517,3,135,4,M,1,0.17007403392882506,0.10795534554797673,0.1,0.10795534554797673,0.00031510081957017433,0.08118295458386696,0.17007403392882509,0.10795534554797673,0.0,0.0
3518,3,135,4,M,2,0.8273423125749421,0.6526086843024991,0.64,0.6526086843024991,0.0002815684999491058,0.08118295458386696,0.827342312574942,0.652608684302499,0.0,0.0
3519,3,135,4,M,3,0.8296003603700738,0.8921123648644488,0.9,0.8921123648644488,0.0002533497747726904,0.08118295458386696,0.8296003603700738,0.8921123648644489,0.0,0.0
3520,3,136,4,M,0,0.1735083024984869,0.3474457319531336,0.1,0.3474457319531336,0.0002634139370683436,0.08118295458386696,0.1735083024984869,0.34744573195313355,0.0,0.0
3521,3,136,4,M,1,0.17007403392882509,0.10795534554797673,0.1,0.10795534554797673,0.00031510081957017433,0.08118295458386696,0.17007403392882509,0.10795534554797673,0.0,0.0
3522,3,136,4,M,2,0.827342312574942,0.652608684302499,0.64,0.652608684302499,0.0002815684999491058,0.08118295458386696,0.827342312574942,0.652608684302499,0.0,0.0
3523,3,136,4,M,3,0.8296003603700738,0.8921123648644489,0.9,0.8921123648644489,0.0002533497747726904,0.08118295458386696,0.8296003603700738,0.8921123648644489,0.0,0.0
3524,3,137,4,M,0,0.1735083024984869,0.34744573195313355,0.1,0.34744573195313355,0.0002634139370683436,0.08118295458386696,0.1735083024984869,0.34744573195313355,0.0,0.0
3525,3,137,4,M,1,0.17007403392882509,0.10795534554797673,0.1,0.10795534554797673,0.00031510081957017433,0.08118295458386696,0.17007403392882506,0.10795534554797673,0.0,0.0
3526,3,137,4,M,2,0.827342312574942,0.652608684302499,0.64,0.652608684302499,0.0002815684999491058,0.08118295458386696,0.8273423125749421,0.6526086843024991,0.0,0.0
3527,3,137,4,M,3,0.8296003603700738,0.8921123648644489,0.9,0.8921123648644489,0.0002533497747726904,0.08118295458386696,0.8296003603700738,0.8921123648644488,0.0,0.0
3528,3,138,4,M,0,0.1735083024984869,0.34744573195313355,0.1,0.34744573195313355,0.0002634139370683436,0.08118295458386696,0.1735083024984869,0.3474457319531336,0.0,0.0
3529,3,138,4,M,1,0.17007403392882506,0.10795534554797673,0.1,0.10795534554797673,0.00031510081957017433,0.08118295458386696,0.17007403392882509,0.10795534554797673,0.0,0.0
3530,3,138,4,M,2,0.8273423125749421,0.6526086843024991,0.64,0.6526086843024991,0.0002815684999491058,0.08118295458386696,0.827342312574942,0.652608684302499,0.0,0.0
3531,3,138,4,M,3,0.8296003603700738,0.8921123648644488,0.9,0.8921123648644488,0.0002533497747726904,0.08118295458386696,0.8296003603700738,0.8921123648644489,0.0,0.0
3532,3,139,4,M,0,0.1735083024984869,0.3474457319531336,0.1,0.3474457319531336,0.0002634139370683436,0.08118295458386696,0.1735083024984869,0.34744573195313355,0.0,0.0
3533,3,139,4,M,1,0.17007403392882509,0.10795534554797673,0.1,0.10795534554797673,0.00031510081957017433,0.08118295458386696,0.17007403392882509,0.10795534554797673,0.0,0.0
3534,3,139,4,M,2,0.827342312574942,0.652608684302499,0.64,0.652608684302499,0.0002815684999491058,0.08118295458386696,0.827342312574942,0.652608684302499,0.0,0.0
3535,3,139,4,M,3,0.8296003603700738,0.8921123648644489,0.9,0.8921123648644489,0.0002533497747726904,0.08118295458386696,0.8296003603700738,0.8921123648644489,0.0,0.0
3536,3,140,4,M,0,0.1735083024984869,0.34744573195313355,0.1,0.34744573195313355,0.0002634139370683436,0.08118295458386696,0.1735083024984869,0.34744573195313355,0.0,0.0
3537,3,140,4,M,1,0.17007403392882509,0.10795534554797673,0.1,0.10795534554797673,0.00031510081957017433,0.08118295458386696,0.17007403392882506,0.10795534554797673,0.0,0.0
3538,3,140,4,M,2,0.827342312574942,0.652608684302499,0.64,0.652608684302499,0.0002815684999491058,0.08118295458386696,0.8273423125749421,0.6526086843024991,0.0,0.0
3539,3,140,4,M,3,0.8296003603700738,0.8921123648644489,0.9,0.8921123648644489,0.0002533497747726904,0.08118295458386696,0.8296003603700738,0.8921123648644488,0.0,0.0
3540,3,141,4,M,0,0.1735083024984869,0.34744573195313355,0.1,0.34744573195313355,0.0002634139370683436,0.08118295458386696,0.1735083024984869,0.3474457319531336,0.0,0.0
3541,3,141,4,M,1,0.17007403392882506,0.10795534554797673,0.1,0.10795534554797673,0.00031510081957017433,0.08118295458386696,0.17007403392882509,0.10795534554797673,0.0,0.0
3542,3,141,4,M,2,0.8273423125749421,0.6526086843024991,0.64,0.6526086843024991,0.0002815684999491058,0.08118295458386696,0.827342312574942,0.652608684302499,0.0,0.0
3543,3,141,4,M,3,0.8296003603700738,0.8921123648644488,0.9,0.8921123648644488,0.0002533497747726904,0.08118295458386696,0.8296003603700738,0.8921123648644489,0.0,0.0
3544,3,142,4,M,0,0.1735083024984869,0.3474457319531336,0.1,0.3474457319531336,0.0002634139370683436,0.08118295458386696,0.1735083024984869,0.34744573195313355,0.0,0.0
3545,3,142,4,M,1,0.17007403392882509,0.10795534554797673,0.1,0.10795534554797673,0.00031510081957017433,0.08118295458386696,0.17007403392882509,0.10795534554797673,0.0,0.0
3546,3,142,4,M,2,0.827342312574942,0.652608684302499,0.64,0.652608684302499,0.0002815684999491058,0.08118295458386696,0.827342312574942,0.652608684302499,0.0,0.0
3547,3,142,4,M,3,0.8296003603700738,0.8921123648644489,0.9,0.8921123648644489,0.0002533497747726904,0.08118295458386696,0.8296003603700738,0.8921123648644489,0.0,0.0
3548,3,143,4,M,0,0.1735083024984869,0.34744573195313355,0.1,0.34744573195313355,0.0002634139370683436,0.08118295458386696,0.1735083024984869,0.34744573195313355,0.0,0.0
3549,3,143,4,M,1,0.17007403392882509,0.10795534554797673,0.1,0.10795534554797673,0.00031510081957017433,0.08118295458386696,0.17007403392882506,0.10795534554797673,0.0,0.0
3550,3,143,4,M,2,0.827342312574942,0.652608684302499,0.64,0.652608684302499,0.0002815684999491058,0.08118295458386696,0.8273423125749421,0.6526086843024991,0.0,0.0
3551,3,143,4,M,3,0.8296003603700738,0.8921123648644489,0.9,0.8921123648644489,0.0002533497747726904,0.08118295458386696,0.8296003603700738,0.8921123648644488,0.0,0.0
3552,3,144,4,M,0,0.1735083024984869,0.34744573195313355,0.1,0.34744573195313355,0.0002634139370683436,0.08118295458386696,0.1735083024984869,0.3474457319531336,0.0,0.0
3553,3,144,4,M,1,0.17007403392882506,0.10795534554797673,0.1,0.10795534554797673,0.00031510081957017433,0.08118295458386696,0.17007403392882509,0.10795534554797673,0.0,0.0
3554,3,144,4,M,2,0.8273423125749421,0.6526086843024991,0.64,0.6526086843024991,0.0002815684999491058,0.08118295458386696,0.827342312574942,0.652608684302499,0.0,0.0
3555,3,144,4,M,3,0.8296003603700738,0.8921123648644488,0.9,0.8921123648644488,0.0002533497747726904,0.08118295458386696,0.8296003603700738,0.8921123648644489,0.0,0.0
3556,3,145,4,M,0,0.1735083024984869,0.3474457319531336,0.1,0.3474457319531336,0.0002634139370683436,0.08118295458386696,0.1735083024984869,0.34744573195313355,0.0,0.0
3557,3,145,4,M,1,0.17007403392882509,0.10795534554797673,0.1,0.10795534554797673,0.00031510081957017433,0.08118295458386696,0.17007403392882509,0.10795534554797673,0.0,0.0
3558,3,145,4,M,2,0.827342312574942,0.652608684302499,0.64,0.652608684302499,0.0002815684999491058,0.08118295458386696,0.827342312574942,0.652608684302499,0.0,0.0
3559,3,145,4,M,3,0.8296003603700738,0.8921123648644489,0.9,0.8921123648644489,0.0002533497747726904,0.08118295458386696,0.8296003603700738,0.8921123648644489,0.0,0.0
3560,3,146,4,M,0,0.1735083024984869,0.34744573195313355,0.1,0.34744573195313355,0.0002634139370683436,0.08118295458386696,0.1735083024984869,0.34744573195313355,0.0,0.0
3561,3,146,4,M,1,0.17007403392882509,0.10795534554797673,0.1,0.10795534554797673,0.00031510081957017433,0.08118295458386696,0.17007403392882506,0.10795534554797673,0.0,0.0
3562,3,146,4,M,2,0.827342312574942,0.652608684302499,0.64,0.652608684302499,0.0002815684999491058,0.08118295458386696,0.8273423125749421,0.6526086843024991,0.0,0.0
3563,3,146,4,M,3,0.8296003603700738,0.8921123648644489,0.9,0.8921123648644489,0.0002533497747726904,0.08118295458386696,0.8296003603700738,0.8921123648644488,0.0,0.0
3564,3,147,4,M,0,0.1735083024984869,0.34744573195313355,0.1,0.34744573195313355,0.0002634139370683436,0.08118295458386696,0.1735083024984869,0.3474457319531336,0.0,0.0
3565,3,147,4,M,1,0.17007403392882506,0.10795534554797673,0.1,0.10795534554797673,0.00031510081957017433,0.08118295458386696,0.17007403392882509,0.10795534554797673,0.0,0.0
3566,3,147,4,M,2,0.8273423125749421,0.6526086843024991,0.64,0.6526086843024991,0.0002815684999491058,0.08118295458386696,0.827342312574942,0.652608684302499,0.0,0.0
3567,3,147,4,M,3,0.8296003603700738,0.8921123648644488,0.9,0.8921123648644488,0.0002533497747726904,0.08118295458386696,0.8296003603700738,0.8921123648644489,0.0,0.0
3568,3,148,4,M,0,0.1735083024984869,0.3474457319531336,0.1,0.3474457319531336,0.0002634139370683436,0.08118295458386696,0.1735083024984869,0.34744573195313355,0.0,0.0
3569,3,148,4,M,1,0.17007403392882509,0.10795534554797673,0.1,0.10795534554797673,0.00031510081957017433,0.08118295458386696,0.17007403392882509,0.10795534554797673,0.0,0.0
3570,3,148,4,M,2,0.827342312574942,0.652608684302499,0.64,0.652608684302499,0.0002815684999491058,0.08118295458386696,0.827342312574942,0.652608684302499,0.0,0.0
3571,3,148,4,M,3,0.8296003603700738,0.8921123648644489,0.9,0.8921123648644489,0.0002533497747726904,0.08118295458386696,0.8296003603700738,0.8921123648644489,0.0,0.0
3572,3,149,4,M,0,0.1735083024984869,0.34744573195313355,0.1,0.34744573195313355,0.0002634139370683436,0.08118295458386696,0.1735083024984869,0.34744573195313355,0.0,0.0
3573,3,149,4,M,1,0.17007403392882509,0.10795534554797673,0.1,0.10795534554797673,0.00031510081957017433,0.08118295458386696,0.17007403392882506,0.10795534554797673,0.0,0.0
3574,3,149,4,M,2,0.827342312574942,0.652608684302499,0.64,0.652608684302499,0.0002815684999491058,0.08118295458386696,0.8273423125749421,0.6526086843024991,0.0,0.0
3575,3,149,4,M,3,0.8296003603700738,0.8921123648644489,0.9,0.8921123648644489,0.0002533497747726904,0.08118295458386696,0.8296003603700738,0.8921123648644488,0.0,0.0
3576,3,150,4,M,0,0.1735083024984869,0.34744573195313355,0.1,0.34744573195313355,0.0002634139370683436,0.08118295458386696,0.1735083024984869,0.3474457319531336,0.0,0.0
3577,3,150,4,M,1,0.17007403392882506,0.10795534554797673,0.1,0.10795534554797673,0.00031510081957017433,0.08118295458386696,0.17007403392882509,0.10795534554797673,0.0,0.0
3578,3,150,4,M,2,0.8273423125749421,0.6526086843024991,0.64,0.6526086843024991,0.0002815684999491058,0.08118295458386696,0.827342312574942,0.652608684302499,0.0,0.0
3579,3,150,4,M,3,0.8296003603700738,0.8921123648644488,0.9,0.8921123648644488,0.0002533497747726904,0.08118295458386696,0.8296003603700738,0.8921123648644489,0.0,0.0
3580,3,151,4,M,0,0.1735083024984869,0.3474457319531336,0.1,0.3474457319531336,0.0002634139370683436,0.08118295458386696,0.1735083024984869,0.34744573195313355,0.0,0.0
3581,3,151,4,M,1,0.17007403392882509,0.10795534554797673,0.1,0.10795534554797673,0.00031510081957017433,0.08118295458386696,0.17007403392882509,0.10795534554797673,0.0,0.0
3582,3,151,4,M,2,0.827342312574942,0.652608684302499,0.64,0.652608684302499,0.0002815684999491058,0.08118295458386696,0.827342312574942,0.652608684302499,0.0,0.0
3583,3,151,4,M,3,0.8296003603700738,0.8921123648644489,0.9,0.8921123648644489,0.0002533497747726904,0.08118295458386696,0.8296003603700738,0.8921123648644489,0.0,0.0
3584,3,152,4,M,0,0.1735083024984869,0.34744573195313355,0.1,0.34744573195313355,0.0002634139370683436,0.08118295458386696,0.1735083024984869,0.34744573195313355,0.0,0.0
3585,3,152,4,M,1,0.17007403392882509,0.10795534554797673,0.1,0.10795534554797673,0.00031510081957017433,0.08118295458386696,0.17007403392882506,0.10795534554797673,0.0,0.0
3586,3,152,4,M,2,0.827342312574942,0.652608684302499,0.64,0.652608684302499,0.0002815684999491058,0.08118295458386696,0.8273423125749421,0.6526086843024991,0.0,0.0
3587,3,152,4,M,3,0.8296003603700738,0.8921123648644489,0.9,0.8921123648644489,0.0002533497747726904,0.08118295458386696,0.8296003603700738,0.8921123648644488,0.0,0.0
3588,3,153,4,M,0,0.1735083024984869,0.34744573195313355,0.1,0.34744573195313355,0.0002634139370683436,0.08118295458386696,0.1735083024984869,0.3474457319531336,0.0,0.0
3589,3,153,4,M,1,0.17007403392882506,0.10795534554797673,0.1,0.10795534554797673,0.00031510081957017433,0.08118295458386696,0.17007403392882509,0.10795534554797673,0.0,0.0
3590,3,153,4,M,2,0.8273423125749421,0.6526086843024991,0.64,0.6526086843024991,0.0002815684999491058,0.08118295458386696,0.827342312574942,0.652608684302499,0.0,0.0
3591,3,153,4,M,3,0.8296003603700738,0.8921123648644488,0.9,0.8921123648644488,0.0002533497747726904,0.08118295458386696,0.8296003603700738,0.8921123648644489,0.0,0.0
3592,3,154,4,M,0,0.1735083024984869,0.3474457319531336,0.1,0.3474457319531336,0.0002634139370683436,0.08118295458386696,0.1735083024984869,0.34744573195313355,0.0,0.0
3593,3,154,4,M,1,0.17007403392882509,0.10795534554797673,0.1,0.10795534554797673,0.00031510081957017433,0.08118295458386696,0.17007403392882509,0.10795534554797673,0.0,0.0
3594,3,154,4,M,2,0.827342312574942,0.652608684302499,0.64,0.652608684302499,0.0002815684999491058,0.08118295458386696,0.827342312574942,0.652608684302499,0.0,0.0
3595,3,154,4,M,3,0.8296003603700738,0.8921123648644489,0.9,0.8921123648644489,0.0002533497747726904,0.08118295458386696,0.8296003603700738,0.8921123648644489,0.0,0.0
3596,3,155,4,M,0,0.1735083024984869,0.34744573195313355,0.1,0.34744573195313355,0.0002634139370683436,0.08118295458386696,0.1735083024984869,0.34744573195313355,0.0,0.0
3597,3,155,4,M,1,0.17007403392882509,0.10795534554797673,0.1,0.10795534554797673,0.00031510081957017433,0.08118295458386696,0.17007403392882506,0.10795534554797673,0.0,0.0
3598,3,155,4,M,2,0.827342312574942,0.652608684302499,0.64,0.652608684302499,0.0002815684999491058,0.08118295458386696,0.8273423125749421,0.6526086843024991,0.0,0.0
3599,3,155,4,M,3,0.8296003603700738,0.8921123648644489,0.9,0.8921123648644489,0.0002533497747726904,0.08118295458386696,0.8296003603700738,0.8921123648644488,0.0,0.0
3600,3,156,4,M,0,0.1735083024984869,0.34744573195313355,0.1,0.34744573195313355,0.0002634139370683436,0.08118295458386696,0.1735083024984869,0.3474457319531336,0.0,0.0
3601,3,156,4,M,1,0.17007403392882506,0.10795534554797673,0.1,0.10795534554797673,0.00031510081957017433,0.08118295458386696,0.17007403392882509,0.10795534554797673,0.0,0.0
3602,3,156,4,M,2,0.8273423125749421,0.6526086843024991,0.64,0.6526086843024991,0.0002815684999491058,0.08118295458386696,0.827342312574942,0.652608684302499,0.0,0.0
3603,3,156,4,M,3,0.8296003603700738,0.8921123648644488,0.9,0.8921123648644488,0.0002533497747726904,0.08118295458386696,0.8296003603700738,0.8921123648644489,0.0,0.0
3604,3,157,4,M,0,0.1735083024984869,0.3474457319531336,0.1,0.3474457319531336,0.0002634139370683436,0.08118295458386696,0.1735083024984869,0.34744573195313355,0.0,0.0
3605,3,157,4,M,1,0.17007403392882509,0.10795534554797673,0.1,0.10795534554797673,0.00031510081957017433,0.08118295458386696,0.17007403392882509,0.10795534554797673,0.0,0.0
3606,3,157,4,M,2,0.827342312574942,0.652608684302499,0.64,0.652608684302499,0.0002815684999491058,0.08118295458386696,0.827342312574942,0.652608684302499,0.0,0.0
3607,3,157,4,M,3,0.8296003603700738,0.8921123648644489,0.9,0.8921123648644489,0.0002533497747726904,0.08118295458386696,0.8296003603700738,0.8921123648644489,0.0,0.0
3608,3,158,4,M,0,0.1735083024984869,0.34744573195313355,0.1,0.34744573195313355,0.0002634139370683436,0.08118295458386696,0.1735083024984869,0.34744573195313355,0.0,0.0
3609,3,158,4,M,1,0.17007403392882509,0.10795534554797673,0.1,0.10795534554797673,0.00031510081957017433,0.08118295458386696,0.17007403392882506,0.10795534554797673,0.0,0.0
3610,3,158,4,M,2,0.827342312574942,0.652608684302499,0.64,0.652608684302499,0.0002815684999491058,0.08118295458386696,0.8273423125749421,0.6526086843024991,0.0,0.0
3611,3,158,4,M,3,0.8296003603700738,0.8921123648644489,0.9,0.8921123648644489,0.0002533497747726904,0.08118295458386696,0.8296003603700738,0.8921123648644488,0.0,0.0
3612,3,159,4,M,0,0.1735083024984869,0.34744573195313355,0.1,0.34744573195313355,0.0002634139370683436,0.08118295458386696,0.1735083024984869,0.3474457319531336,0.0,0.0
3613,3,159,4,M,1,0.17007403392882506,0.10795534554797673,0.1,0.10795534554797673,0.00031510081957017433,0.08118295458386696,0.17007403392882509,0.10795534554797673,0.0,0.0
3614,3,159,4,M,2,0.8273423125749421,0.6526086843024991,0.64,0.6526086843024991,0.0002815684999491058,0.08118295458386696,0.827342312574942,0.652608684302499,0.0,0.0
3615,3,159,4,M,3,0.8296003603700738,0.8921123648644488,0.9,0.8921123648644488,0.0002533497747726904,0.08118295458386696,0.8296003603700738,0.8921123648644489,0.0,0.0
3616,3,160,4,M,0,0.1735083024984869,0.3474457319531336,0.1,0.3474457319531336,0.0002634139370683436,0.08118295458386696,0.1735083024984869,0.34744573195313355,0.0,0.0
3617,3,160,4,M,1,0.17007403392882509,0.10795534554797673,0.1,0.10795534554797673,0.00031510081957017433,0.08118295458386696,0.17007403392882509,0.10795534554797673,0.0,0.0
3618,3,160,4,M,2,0.827342312574942,0.652608684302499,0.64,0.652608684302499,0.0002815684999491058,0.08118295458386696,0.827342312574942,0.652608684302499,0.0,0.0
3619,3,160,4,M,3,0.8296003603700738,0.8921123648644489,0.9,0.8921123648644489,0.0002533497747726904,0.08118295458386696,0.8296003603700738,0.8921123648644489,0.0,0.0
3620,3,161,4,M,0,0.1735083024984869,0.34744573195313355,0.1,0.34744573195313355,0.0002634139370683436,0.08118295458386696,0.1735083024984869,0.34744573195313355,0.0,0.0
3621,3,161,4,M,1,0.17007403392882509,0.10795534554797673,0.1,0.10795534554797673,0.00031510081957017433,0.08118295458386696,0.17007403392882506,0.10795534554797673,0.0,0.0
3622,3,161,4,M,2,0.827342312574942,0.652608684302499,0.64,0.652608684302499,0.0002815684999491058,0.08118295458386696,0.8273423125749421,0.6526086843024991,0.0,0.0
3623,3,161,4,M,3,0.8296003603700738,0.8921123648644489,0.9,0.8921123648644489,0.0002533497747726904,0.08118295458386696,0.8296003603700738,0.8921123648644488,0.0,0.0
3624,3,162,4,M,0,0.1735083024984869,0.34744573195313355,0.1,0.34744573195313355,0.0002634139370683436,0.08118295458386696,0.1735083024984869,0.3474457319531336,0.0,0.0
3625,3,162,4,M,1,0.17007403392882506,0.10795534554797673,0.1,0.10795534554797673,0.00031510081957017433,0.08118295458386696,0.17007403392882509,0.10795534554797673,0.0,0.0
3626,3,162,4,M,2,0.8273423125749421,0.6526086843024991,0.64,0.6526086843024991,0.0002815684999491058,0.08118295458386696,0.827342312574942,0.652608684302499,0.0,0.0
3627,3,162,4,M,3,0.8296003603700738,0.8921123648644488,0.9,0.8921123648644488,0.0002533497747726904,0.08118295458386696,0.8296003603700738,0.8921123648644489,0.0,0.0
3628,3,163,4,M,0,0.1735083024984869,0.3474457319531336,0.1,0.3474457319531336,0.0002634139370683436,0.08118295458386696,0.1735083024984869,0.34744573195313355,0.0,0.0
3629,3,163,4,M,1,0.17007403392882509,0.10795534554797673,0.1,0.10795534554797673,0.00031510081957017433,0.08118295458386696,0.17007403392882509,0.10795534554797673,0.0,0.0
3630,3,163,4,M,2,0.827342312574942,0.652608684302499,0.64,0.652608684302499,0.0002815684999491058,0.08118295458386696,0.827342312574942,0.652608684302499,0.0,0.0
3631,3,163,4,M,3,0.8296003603700738,0.8921123648644489,0.9,0.8921123648644489,0.0002533497747726904,0.08118295458386696,0.8296003603700738,0.8921123648644489,0.0,0.0
3632,3,164,4,M,0,0.1735083024984869,0.34744573195313355,0.1,0.34744573195313355,0.0002634139370683436,0.08118295458386696,0.1735083024984869,0.34744573195313355,0.0,0.0
3633,3,164,4,M,1,0.17007403392882509,0.10795534554797673,0.1,0.10795534554797673,0.00031510081957017433,0.08118295458386696,0.17007403392882506,0.10795534554797673,0.0,0.0
3634,3,164,4,M,2,0.827342312574942,0.652608684302499,0.64,0.652608684302499,0.0002815684999491058,0.08118295458386696,0.8273423125749421,0.6526086843024991,0.0,0.0
3635,3,164,4,M,3,0.8296003603700738,0.8921123648644489,0.9,0.8921123648644489,0.0002533497747726904,0.08118295458386696,0.8296003603700738,0.8921123648644488,0.0,0.0
3636,3,165,4,M,0,0.1735083024984869,0.34744573195313355,0.1,0.34744573195313355,0.0002634139370683436,0.08118295458386696,0.1735083024984869,0.3474457319531336,0.0,0.0
3637,3,165,4,M,1,0.17007403392882506,0.10795534554797673,0.1,0.10795534554797673,0.00031510081957017433,0.08118295458386696,0.17007403392882509,0.10795534554797673,0.0,0.0
3638,3,165,4,M,2,0.8273423125749421,0.6526086843024991,0.64,0.6526086843024991,0.0002815684999491058,0.08118295458386696,0.827342312574942,0.652608684302499,0.0,0.0
3639,3,165,4,M,3,0.8296003603700738,0.8921123648644488,0.9,0.8921123648644488,0.0002533497747726904,0.08118295458386696,0.8296003603700738,0.8921123648644489,0.0,0.0
3640,3,166,4,M,0,0.1735083024984869,0.3474457319531336,0.1,0.3474457319531336,0.0002634139370683436,0.08118295458386696,0.1735083024984869,0.34744573195313355,0.0,0.0
3641,3,166,4,M,1,0.17007403392882509,0.10795534554797673,0.1,0.10795534554797673,0.00031510081957017433,0.08118295458386696,0.17007403392882509,0.10795534554797673,0.0,0.0
3642,3,166,4,M,2,0.827342312574942,0.652608684302499,0.64,0.652608684302499,0.0002815684999491058,0.08118295458386696,0.827342312574942,0.652608684302499,0.0,0.0
3643,3,166,4,M,3,0.8296003603700738,0.8921123648644489,0.9,0.8921123648644489,0.0002533497747726904,0.08118295458386696,0.8296003603700738,0.8921123648644489,0.0,0.0
3644,3,167,4,M,0,0.1735083024984869,0.34744573195313355,0.1,0.34744573195313355,0.0002634139370683436,0.08118295458386696,0.1735083024984869,0.34744573195313355,0.0,0.0
3645,3,167,4,M,1,0.17007403392882509,0.10795534554797673,0.1,0.10795534554797673,0.00031510081957017433,0.08118295458386696,0.17007403392882506,0.10795534554797673,0.0,0.0
3646,3,167,4,M,2,0.827342312574942,0.652608684302499,0.64,0.652608684302499,0.0002815684999491058,0.08118295458386696,0.8273423125749421,0.6526086843024991,0.0,0.0
3647,3,167,4,M,3,0.8296003603700738,0.8921123648644489,0.9,0.8921123648644489,0.0002533497747726904,0.08118295458386696,0.8296003603700738,0.8921123648644488,0.0,0.0
3648,3,168,4,M,0,0.1735083024984869,0.34744573195313355,0.1,0.34744573195313355,0.0002634139370683436,0.08118295458386696,0.1735083024984869,0.3474457319531336,0.0,0.0
3649,3,168,4,M,1,0.17007403392882506,0.10795534554797673,0.1,0.10795534554797673,0.00031510081957017433,0.08118295458386696,0.17007403392882509,0.10795534554797673,0.0,0.0
3650,3,168,4,M,2,0.8273423125749421,0.6526086843024991,0.64,0.6526086843024991,0.0002815684999491058,0.08118295458386696,0.827342312574942,0.652608684302499,0.0,0.0
3651,3,168,4,M,3,0.8296003603700738,0.8921123648644488,0.9,0.8921123648644488,0.0002533497747726904,0.08118295458386696,0.8296003603700738,0.8921123648644489,0.0,0.0
3652,3,169,4,M,0,0.1735083024984869,0.3474457319531336,0.1,0.3474457319531336,0.0002634139370683436,0.08118295458386696,0.1735083024984869,0.34744573195313355,0.0,0.0
3653,3,169,4,M,1,0.17007403392882509,0.10795534554797673,0.1,0.10795534554797673,0.00031510081957017433,0.08118295458386696,0.17007403392882509,0.10795534554797673,0.0,0.0
3654,3,169,4,M,2,0.827342312574942,0.652608684302499,0.64,0.652608684302499,0.0002815684999491058,0.08118295458386696,0.827342312574942,0.652608684302499,0.0,0.0
3655,3,169,4,M,3,0.8296003603700738,0.8921123648644489,0.9,0.8921123648644489,0.0002533497747726904,0.08118295458386696,0.8296003603700738,0.8921123648644489,0.0,0.0
3656,3,170,4,M,0,0.1735083024984869,0.34744573195313355,0.1,0.34744573195313355,0.0002634139370683436,0.08118295458386696,0.1735083024984869,0.34744573195313355,0.0,0.0
3657,3,170,4,M,1,0.17007403392882509,0.10795534554797673,0.1,0.10795534554797673,0.00031510081957017433,0.08118295458386696,0.17007403392882506,0.10795534554797673,0.0,0.0
3658,3,170,4,M,2,0.827342312574942,0.652608684302499,0.64,0.652608684302499,0.0002815684999491058,0.08118295458386696,0.8273423125749421,0.6526086843024991,0.0,0.0
3659,3,170,4,M,3,0.8296003603700738,0.8921123648644489,0.9,0.8921123648644489,0.0002533497747726904,0.08118295458386696,0.8296003603700738,0.8921123648644488,0.0,0.0
3660,3,171,4,M,0,0.1735083024984869,0.34744573195313355,0.1,0.34744573195313355,0.0002634139370683436,0.08118295458386696,0.1735083024984869,0.3474457319531336,0.0,0.0
3661,3,171,4,M,1,0.17007403392882506,0.10795534554797673,0.1,0.10795534554797673,0.00031510081957017433,0.08118295458386696,0.17007403392882509,0.10795534554797673,0.0,0.0
3662,3,171,4,M,2,0.8273423125749421,0.6526086843024991,0.64,0.6526086843024991,0.0002815684999491058,0.08118295458386696,0.827342312574942,0.652608684302499,0.0,0.0
3663,3,171,4,M,3,0.8296003603700738,0.8921123648644488,0.9,0.8921123648644488,0.0002533497747726904,0.08118295458386696,0.8296003603700738,0.8921123648644489,0.0,0.0
3664,3,172,4,M,0,0.1735083024984869,0.3474457319531336,0.1,0.3474457319531336,0.0002634139370683436,0.08118295458386696,0.1735083024984869,0.34744573195313355,0.0,0.0
3665,3,172,4,M,1,0.17007403392882509,0.10795534554797673,0.1,0.10795534554797673,0.00031510081957017433,0.08118295458386696,0.17007403392882509,0.10795534554797673,0.0,0.0
3666,3,172,4,M,2,0.827342312574942,0.652608684302499,0.64,0.652608684302499,0.0002815684999491058,0.08118295458386696,0.827342312574942,0.652608684302499,0.0,0.0
3667,3,172,4,M,3,0.8296003603700738,0.8921123648644489,0.9,0.8921123648644489,0.0002533497747726904,0.08118295458386696,0.8296003603700738,0.8921123648644489,0.0,0.0
3668,3,173,4,M,0,0.1735083024984869,0.34744573195313355,0.1,0.34744573195313355,0.0002634139370683436,0.08118295458386696,0.1735083024984869,0.34744573195313355,0.0,0.0
3669,3,173,4,M,1,0.17007403392882509,0.10795534554797673,0.1,0.10795534554797673,0.00031510081957017433,0.08118295458386696,0.17007403392882506,0.10795534554797673,0.0,0.0
3670,3,173,4,M,2,0.827342312574942,0.652608684302499,0.64,0.652608684302499,0.0002815684999491058,0.08118295458386696,0.8273423125749421,0.6526086843024991,0.0,0.0
3671,3,173,4,M,3,0.8296003603700738,0.8921123648644489,0.9,0.8921123648644489,0.0002533497747726904,0.08118295458386696,0.8296003603700738,0.8921123648644488,0.0,0.0
3672,3,174,4,M,0,0.1735083024984869,0.34744573195313355,0.1,0.34744573195313355,0.0002634139370683436,0.08118295458386696,0.1735083024984869,0.3474457319531336,0.0,0.0
3673,3,174,4,M,1,0.17007403392882506,0.10795534554797673,0.1,0.10795534554797673,0.00031510081957017433,0.08118295458386696,0.17007403392882509,0.10795534554797673,0.0,0.0
3674,3,174,4,M,2,0.8273423125749421,0.6526086843024991,0.64,0.6526086843024991,0.0002815684999491058,0.08118295458386696,0.827342312574942,0.652608684302499,0.0,0.0
3675,3,174,4,M,3,0.8296003603700738,0.8921123648644488,0.9,0.8921123648644488,0.0002533497747726904,0.08118295458386696,0.8296003603700738,0.8921123648644489,0.0,0.0
3676,3,175,4,M,0,0.1735083024984869,0.3474457319531336,0.1,0.3474457319531336,0.0002634139370683436,0.08118295458386696,0.1735083024984869,0.34744573195313355,0.0,0.0
3677,3,175,4,M,1,0.17007403392882509,0.10795534554797673,0.1,0.10795534554797673,0.00031510081957017433,0.08118295458386696,0.17007403392882509,0.10795534554797673,0.0,0.0
3678,3,175,4,M,2,0.827342312574942,0.652608684302499,0.64,0.652608684302499,0.0002815684999491058,0.08118295458386696,0.827342312574942,0.652608684302499,0.0,0.0
3679,3,175,4,M,3,0.8296003603700738,0.8921123648644489,0.9,0.8921123648644489,0.0002533497747726904,0.08118295458386696,0.8296003603700738,0.8921123648644489,0.0,0.0
3680,3,176,4,M,0,0.1735083024984869,0.34744573195313355,0.1,0.34744573195313355,0.0002634139370683436,0.08118295458386696,0.1735083024984869,0.34744573195313355,0.0,0.0
3681,3,176,4,M,1,0.17007403392882509,0.10795534554797673,0.1,0.10795534554797673,0.00031510081957017433,0.08118295458386696,0.17007403392882506,0.10795534554797673,0.0,0.0
3682,3,176,4,M,2,0.827342312574942,0.652608684302499,0.64,0.652608684302499,0.0002815684999491058,0.08118295458386696,0.8273423125749421,0.6526086843024991,0.0,0.0
3683,3,176,4,M,3,0.8296003603700738,0.8921123648644489,0.9,0.8921123648644489,0.0002533497747726904,0.08118295458386696,0.8296003603700738,0.8921123648644488,0.0,0.0
3684,3,177,4,M,0,0.1735083024984869,0.34744573195313355,0.1,0.34744573195313355,0.0002634139370683436,0.08118295458386696,0.1735083024984869,0.3474457319531336,0.0,0.0
3685,3,177,4,M,1,0.17007403392882506,0.10795534554797673,0.1,0.10795534554797673,0.00031510081957017433,0.08118295458386696,0.17007403392882509,0.10795534554797673,0.0,0.0
3686,3,177,4,M,2,0.8273423125749421,0.6526086843024991,0.64,0.6526086843024991,0.0002815684999491058,0.08118295458386696,0.827342312574942,0.652608684302499,0.0,0.0
3687,3,177,4,M,3,0.8296003603700738,0.8921123648644488,0.9,0.8921123648644488,0.0002533497747726904,0.08118295458386696,0.8296003603700738,0.8921123648644489,0.0,0.0
3688,3,178,4,M,0,0.1735083024984869,0.3474457319531336,0.1,0.3474457319531336,0.0002634139370683436,0.08118295458386696,0.1735083024984869,0.34744573195313355,0.0,0.0
3689,3,178,4,M,1,0.17007403392882509,0.10795534554797673,0.1,0.10795534554797673,0.00031510081957017433,0.08118295458386696,0.17007403392882509,0.10795534554797673,0.0,0.0
3690,3,178,4,M,2,0.827342312574942,0.652608684302499,0.64,0.652608684302499,0.0002815684999491058,0.08118295458386696,0.827342312574942,0.652608684302499,0.0,0.0
3691,3,178,4,M,3,0.8296003603700738,0.8921123648644489,0.9,0.8921123648644489,0.0002533497747726904,0.08118295458386696,0.8296003603700738,0.8921123648644489,0.0,0.0
3692,3,179,4,M,0,0.1735083024984869,0.34744573195313355,0.1,0.34744573195313355,0.0002634139370683436,0.08118295458386696,0.1735083024984869,0.34744573195313355,0.0,0.0
3693,3,179,4,M,1,0.17007403392882509,0.10795534554797673,0.1,0.10795534554797673,0.00031510081957017433,0.08118295458386696,0.17007403392882506,0.10795534554797673,0.0,0.0
3694,3,179,4,M,2,0.827342312574942,0.652608684302499,0.64,0.652608684302499,0.0002815684999491058,0.08118295458386696,0.8273423125749421,0.6526086843024991,0.0,0.0
3695,3,179,4,M,3,0.8296003603700738,0.8921123648644489,0.9,0.8921123648644489,0.0002533497747726904,0.08118295458386696,0.8296003603700738,0.8921123648644488,0.0,0.0
3696,3,180,4,M,0,0.1735083024984869,0.34744573195313355,0.1,0.34744573195313355,0.0002634139370683436,0.08118295458386696,0.1735083024984869,0.3474457319531336,0.0,0.0
3697,3,180,4,M,1,0.17007403392882506,0.10795534554797673,0.1,0.10795534554797673,0.00031510081957017433,0.08118295458386696,0.17007403392882509,0.10795534554797673,0.0,0.0
3698,3,180,4,M,2,0.8273423125749421,0.6526086843024991,0.64,0.6526086843024991,0.0002815684999491058,0.08118295458386696,0.827342312574942,0.652608684302499,0.0,0.0
3699,3,180,4,M,3,0.8296003603700738,0.8921123648644488,0.9,0.8921123648644488,0.0002533497747726904,0.08118295458386696,0.8296003603700738,0.8921123648644489,0.0,0.0
3700,3,181,4,M,0,0.1735083024984869,0.3474457319531336,0.1,0.3474457319531336,0.0002634139370683436,0.08118295458386696,0.1735083024984869,0.34744573195313355,0.0,0.0
3701,3,181,4,M,1,0.17007403392882509,0.10795534554797673,0.1,0.10795534554797673,0.00031510081957017433,0.08118295458386696,0.17007403392882509,0.10795534554797673,0.0,0.0
3702,3,181,4,M,2,0.827342312574942,0.652608684302499,0.64,0.652608684302499,0.0002815684999491058,0.08118295458386696,0.827342312574942,0.652608684302499,0.0,0.0
3703,3,181,4,M,3,0.8296003603700738,0.8921123648644489,0.9,0.8921123648644489,0.0002533497747726904,0.08118295458386696,0.8296003603700738,0.8921123648644489,0.0,0.0
3704,3,182,4,M,0,0.1735083024984869,0.34744573195313355,0.1,0.34744573195313355,0.0002634139370683436,0.08118295458386696,0.1735083024984869,0.34744573195313355,0.0,0.0
3705,3,182,4,M,1,0.17007403392882509,0.10795534554797673,0.1,0.10795534554797673,0.00031510081957017433,0.08118295458386696,0.17007403392882506,0.10795534554797673,0.0,0.0
3706,3,182,4,M,2,0.827342312574942,0.652608684302499,0.64,0.652608684302499,0.0002815684999491058,0.08118295458386696,0.8273423125749421,0.6526086843024991,0.0,0.0
3707,3,182,4,M,3,0.8296003603700738,0.8921123648644489,0.9,0.8921123648644489,0.0002533497747726904,0.08118295458386696,0.8296003603700738,0.8921123648644488,0.0,0.0
3708,3,183,4,M,0,0.1735083024984869,0.34744573195313355,0.1,0.34744573195313355,0.0002634139370683436,0.08118295458386696,0.1735083024984869,0.3474457319531336,0.0,0.0
3709,3,183,4,M,1,0.17007403392882506,0.10795534554797673,0.1,0.10795534554797673,0.00031510081957017433,0.08118295458386696,0.17007403392882509,0.10795534554797673,0.0,0.0
3710,3,183,4,M,2,0.8273423125749421,0.6526086843024991,0.64,0.6526086843024991,0.0002815684999491058,0.08118295458386696,0.827342312574942,0.652608684302499,0.0,0.0
3711,3,183,4,M,3,0.8296003603700738,0.8921123648644488,0.9,0.8921123648644488,0.0002533497747726904,0.08118295458386696,0.8296003603700738,0.8921123648644489,0.0,0.0
3712,3,184,4,M,0,0.1735083024984869,0.3474457319531336,0.1,0.3474457319531336,0.0002634139370683436,0.08118295458386696,0.1735083024984869,0.34744573195313355,0.0,0.0
3713,3,184,4,M,1,0.17007403392882509,0.10795534554797673,0.1,0.10795534554797673,0.00031510081957017433,0.08118295458386696,0.17007403392882509,0.10795534554797673,0.0,0.0
3714,3,184,4,M,2,0.827342312574942,0.652608684302499,0.64,0.652608684302499,0.0002815684999491058,0.08118295458386696,0.827342312574942,0.652608684302499,0.0,0.0
3715,3,184,4,M,3,0.8296003603700738,0.8921123648644489,0.9,0.8921123648644489,0.0002533497747726904,0.08118295458386696,0.8296003603700738,0.8921123648644489,0.0,0.0
3716,3,185,4,M,0,0.1735083024984869,0.34744573195313355,0.1,0.34744573195313355,0.0002634139370683436,0.08118295458386696,0.1735083024984869,0.34744573195313355,0.0,0.0
3717,3,185,4,M,1,0.17007403392882509,0.10795534554797673,0.1,0.10795534554797673,0.00031510081957017433,0.08118295458386696,0.17007403392882506,0.10795534554797673,0.0,0.0
3718,3,185,4,M,2,0.827342312574942,0.652608684302499,0.64,0.652608684302499,0.0002815684999491058,0.08118295458386696,0.8273423125749421,0.6526086843024991,0.0,0.0
3719,3,185,4,M,3,0.8296003603700738,0.8921123648644489,0.9,0.8921123648644489,0.0002533497747726904,0.08118295458386696,0.8296003603700738,0.8921123648644488,0.0,0.0
3720,3,186,4,M,0,0.1735083024984869,0.34744573195313355,0.1,0.34744573195313355,0.0002634139370683436,0.08118295458386696,0.1735083024984869,0.3474457319531336,0.0,0.0
3721,3,186,4,M,1,0.17007403392882506,0.10795534554797673,0.1,0.10795534554797673,0.00031510081957017433,0.08118295458386696,0.17007403392882509,0.10795534554797673,0.0,0.0
3722,3,186,4,M,2,0.8273423125749421,0.6526086843024991,0.64,0.6526086843024991,0.0002815684999491058,0.08118295458386696,0.827342312574942,0.652608684302499,0.0,0.0
3723,3,186,4,M,3,0.8296003603700738,0.8921123648644488,0.9,0.8921123648644488,0.0002533497747726904,0.08118295458386696,0.8296003603700738,0.8921123648644489,0.0,0.0
3724,3,187,4,M,0,0.1735083024984869,0.3474457319531336,0.1,0.3474457319531336,0.0002634139370683436,0.08118295458386696,0.1735083024984869,0.34744573195313355,0.0,0.0
3725,3,187,4,M,1,0.17007403392882509,0.10795534554797673,0.1,0.10795534554797673,0.00031510081957017433,0.08118295458386696,0.17007403392882509,0.10795534554797673,0.0,0.0
3726,3,187,4,M,2,0.827342312574942,0.652608684302499,0.64,0.652608684302499,0.0002815684999491058,0.08118295458386696,0.827342312574942,0.652608684302499,0.0,0.0
3727,3,187,4,M,3,0.8296003603700738,0.8921123648644489,0.9,0.8921123648644489,0.0002533497747726904,0.08118295458386696,0.8296003603700738,0.8921123648644489,0.0,0.0
3728,3,188,4,M,0,0.1735083024984869,0.34744573195313355,0.1,0.34744573195313355,0.0002634139370683436,0.08118295458386696,0.1735083024984869,0.34744573195313355,0.0,0.0
3729,3,188,4,M,1,0.17007403392882509,0.10795534554797673,0.1,0.10795534554797673,0.00031510081957017433,0.08118295458386696,0.17007403392882506,0.10795534554797673,0.0,0.0
3730,3,188,4,M,2,0.827342312574942,0.652608684302499,0.64,0.652608684302499,0.0002815684999491058,0.08118295458386696,0.8273423125749421,0.6526086843024991,0.0,0.0
3731,3,188,4,M,3,0.8296003603700738,0.8921123648644489,0.9,0.8921123648644489,0.0002533497747726904,0.08118295458386696,0.8296003603700738,0.8921123648644488,0.0,0.0
3732,3,189,4,M,0,0.1735083024984869,0.34744573195313355,0.1,0.34744573195313355,0.0002634139370683436,0.08118295458386696,0.1735083024984869,0.3474457319531336,0.0,0.0
3733,3,189,4,M,1,0.17007403392882506,0.10795534554797673,0.1,0.10795534554797673,0.00031510081957017433,0.08118295458386696,0.17007403392882509,0.10795534554797673,0.0,0.0
3734,3,189,4,M,2,0.8273423125749421,0.6526086843024991,0.64,0.6526086843024991,0.0002815684999491058,0.08118295458386696,0.827342312574942,0.652608684302499,0.0,0.0
3735,3,189,4,M,3,0.8296003603700738,0.8921123648644488,0.9,0.8921123648644488,0.0002533497747726904,0.08118295458386696,0.8296003603700738,0.8921123648644489,0.0,0.0
3736,3,190,4,M,0,0.1735083024984869,0.3474457319531336,0.1,0.3474457319531336,0.0002634139370683436,0.08118295458386696,0.1735083024984869,0.34744573195313355,0.0,0.0
3737,3,190,4,M,1,0.17007403392882509,0.10795534554797673,0.1,0.10795534554797673,0.00031510081957017433,0.08118295458386696,0.17007403392882509,0.10795534554797673,0.0,0.0
3738,3,190,4,M,2,0.827342312574942,0.652608684302499,0.64,0.652608684302499,0.0002815684999491058,0.08118295458386696,0.827342312574942,0.652608684302499,0.0,0.0
3739,3,190,4,M,3,0.8296003603700738,0.8921123648644489,0.9,0.8921123648644489,0.0002533497747726904,0.08118295458386696,0.8296003603700738,0.8921123648644489,0.0,0.0
3740,3,191,4,M,0,0.1735083024984869,0.34744573195313355,0.1,0.34744573195313355,0.0002634139370683436,0.08118295458386696,0.1735083024984869,0.34744573195313355,0.0,0.0
3741,3,191,4,M,1,0.17007403392882509,0.10795534554797673,0.1,0.10795534554797673,0.00031510081957017433,0.08118295458386696,0.17007403392882506,0.10795534554797673,0.0,0.0
3742,3,191,4,M,2,0.827342312574942,0.652608684302499,0.64,0.652608684302499,0.0002815684999491058,0.08118295458386696,0.8273423125749421,0.6526086843024991,0.0,0.0
3743,3,191,4,M,3,0.8296003603700738,0.8921123648644489,0.9,0.8921123648644489,0.0002533497747726904,0.08118295458386696,0.8296003603700738,0.8921123648644488,0.0,0.0
3744,3,192,4,M,0,0.1735083024984869,0.34744573195313355,0.1,0.34744573195313355,0.0002634139370683436,0.08118295458386696,0.1735083024984869,0.3474457319531336,0.0,0.0
3745,3,192,4,M,1,0.17007403392882506,0.10795534554797673,0.1,0.10795534554797673,0.00031510081957017433,0.08118295458386696,0.17007403392882509,0.10795534554797673,0.0,0.0
3746,3,192,4,M,2,0.8273423125749421,0.6526086843024991,0.64,0.6526086843024991,0.0002815684999491058,0.08118295458386696,0.827342312574942,0.652608684302499,0.0,0.0
3747,3,192,4,M,3,0.8296003603700738,0.8921123648644488,0.9,0.8921123648644488,0.0002533497747726904,0.08118295458386696,0.8296003603700738,0.8921123648644489,0.0,0.0
3748,3,193,4,M,0,0.1735083024984869,0.3474457319531336,0.1,0.3474457319531336,0.0002634139370683436,0.08118295458386696,0.1735083024984869,0.34744573195313355,0.0,0.0
3749,3,193,4,M,1,0.17007403392882509,0.10795534554797673,0.1,0.10795534554797673,0.00031510081957017433,0.08118295458386696,0.17007403392882509,0.10795534554797673,0.0,0.0
3750,3,193,4,M,2,0.827342312574942,0.652608684302499,0.64,0.652608684302499,0.0002815684999491058,0.08118295458386696,0.827342312574942,0.652608684302499,0.0,0.0
3751,3,193,4,M,3,0.8296003603700738,0.8921123648644489,0.9,0.8921123648644489,0.0002533497747726904,0.08118295458386696,0.8296003603700738,0.8921123648644489,0.0,0.0
3752,3,194,4,M,0,0.1735083024984869,0.34744573195313355,0.1,0.34744573195313355,0.0002634139370683436,0.08118295458386696,0.1735083024984869,0.34744573195313355,0.0,0.0
3753,3,194,4,M,1,0.17007403392882509,0.10795534554797673,0.1,0.10795534554797673,0.00031510081957017433,0.08118295458386696,0.17007403392882506,0.10795534554797673,0.0,0.0
3754,3,194,4,M,2,0.827342312574942,0.652608684302499,0.64,0.652608684302499,0.0002815684999491058,0.08118295458386696,0.8273423125749421,0.6526086843024991,0.0,0.0
3755,3,194,4,M,3,0.8296003603700738,0.8921123648644489,0.9,0.8921123648644489,0.0002533497747726904,0.08118295458386696,0.8296003603700738,0.8921123648644488,0.0,0.0
3756,3,195,4,M,0,0.1735083024984869,0.34744573195313355,0.1,0.34744573195313355,0.0002634139370683436,0.08118295458386696,0.1735083024984869,0.3474457319531336,0.0,0.0
3757,3,195,4,M,1,0.17007403392882506,0.10795534554797673,0.1,0.10795534554797673,0.00031510081957017433,0.08118295458386696,0.17007403392882509,0.10795534554797673,0.0,0.0
3758,3,195,4,M,2,0.8273423125749421,0.6526086843024991,0.64,0.6526086843024991,0.0002815684999491058,0.08118295458386696,0.827342312574942,0.652608684302499,0.0,0.0
3759,3,195,4,M,3,0.8296003603700738,0.8921123648644488,0.9,0.8921123648644488,0.0002533497747726904,0.08118295458386696,0.8296003603700738,0.8921123648644489,0.0,0.0
3760,3,196,4,M,0,0.1735083024984869,0.3474457319531336,0.1,0.3474457319531336,0.0002634139370683436,0.08118295458386696,0.1735083024984869,0.34744573195313355,0.0,0.0
3761,3,196,4,M,1,0.17007403392882509,0.10795534554797673,0.1,0.10795534554797673,0.00031510081957017433,0.08118295458386696,0.17007403392882509,0.10795534554797673,0.0,0.0
3762,3,196,4,M,2,0.827342312574942,0.652608684302499,0.64,0.652608684302499,0.0002815684999491058,0.08118295458386696,0.827342312574942,0.652608684302499,0.0,0.0
3763,3,196,4,M,3,0.8296003603700738,0.8921123648644489,0.9,0.8921123648644489,0.0002533497747726904,0.08118295458386696,0.8296003603700738,0.8921123648644489,0.0,0.0
3764,3,197,4,M,0,0.1735083024984869,0.34744573195313355,0.1,0.34744573195313355,0.0002634139370683436,0.08118295458386696,0.1735083024984869,0.34744573195313355,0.0,0.0
3765,3,197,4,M,1,0.17007403392882509,0.10795534554797673,0.1,0.10795534554797673,0.00031510081957017433,0.08118295458386696,0.17007403392882506,0.10795534554797673,0.0,0.0
3766,3,197,4,M,2,0.827342312574942,0.652608684302499,0.64,0.652608684302499,0.0002815684999491058,0.08118295458386696,0.8273423125749421,0.6526086843024991,0.0,0.0
3767,3,197,4,M,3,0.8296003603700738,0.8921123648644489,0.9,0.8921123648644489,0.0002533497747726904,0.08118295458386696,0.8296003603700738,0.8921123648644488,0.0,0.0
3768,3,198,4,M,0,0.1735083024984869,0.34744573195313355,0.1,0.34744573195313355,0.0002634139370683436,0.08118295458386696,0.1735083024984869,0.3474457319531336,0.0,0.0
3769,3,198,4,M,1,0.17007403392882506,0.10795534554797673,0.1,0.10795534554797673,0.00031510081957017433,0.08118295458386696,0.17007403392882509,0.10795534554797673,0.0,0.0
3770,3,198,4,M,2,0.8273423125749421,0.6526086843024991,0.64,0.6526086843024991,0.0002815684999491058,0.08118295458386696,0.827342312574942,0.652608684302499,0.0,0.0
3771,3,198,4,M,3,0.8296003603700738,0.8921123648644488,0.9,0.8921123648644488,0.0002533497747726904,0.08118295458386696,0.8296003603700738,0.8921123648644489,0.0,0.0
3772,3,199,4,M,0,0.1735083024984869,0.3474457319531336,0.1,0.3474457319531336,0.0002634139370683436,0.08118295458386696,0.1735083024984869,0.34744573195313355,0.0,0.0
3773,3,199,4,M,1,0.17007403392882509,0.10795534554797673,0.1,0.10795534554797673,0.00031510081957017433,0.08118295458386696,0.17007403392882509,0.10795534554797673,0.0,0.0
3774,3,199,4,M,2,0.827342312574942,0.652608684302499,0.64,0.652608684302499,0.0002815684999491058,0.08118295458386696,0.827342312574942,0.652608684302499,0.0,0.0
3775,3,199,4,M,3,0.8296003603700738,0.8921123648644489,0.9,0.8921123648644489,0.0002533497747726904,0.08118295458386696,0.8296003603700738,0.8921123648644489,0.0,0.0
3776,3,200,4,M,0,0.1735083024984869,0.34744573195313355,0.1,0.34744573195313355,0.0002634139370683436,0.08118295458386696,0.1735083024984869,0.34744573195313355,0.0,0.0
3777,3,200,4,M,1,0.17007403392882509,0.10795534554797673,0.1,0.10795534554797673,0.00031510081957017433,0.08118295458386696,0.17007403392882506,0.10795534554797673,0.0,0.0
3778,3,200,4,M,2,0.827342312574942,0.652608684302499,0.64,0.652608684302499,0.0002815684999491058,0.08118295458386696,0.8273423125749421,0.6526086843024991,0.0,0.0
3779,3,200,4,M,3,0.8296003603700738,0.8921123648644489,0.9,0.8921123648644489,0.0002533497747726904,0.08118295458386696,0.8296003603700738,0.8921123648644488,0.0,0.0
3780,3,201,4,M,0,0.1735083024984869,0.34744573195313355,0.1,0.34744573195313355,0.0002634139370683436,0.08118295458386696,0.1735083024984869,0.3474457319531336,0.0,0.0
3781,3,201,4,M,1,0.17007403392882506,0.10795534554797673,0.1,0.10795534554797673,0.00031510081957017433,0.08118295458386696,0.17007403392882509,0.10795534554797673,0.0,0.0
3782,3,201,4,M,2,0.8273423125749421,0.6526086843024991,0.64,0.6526086843024991,0.0002815684999491058,0.08118295458386696,0.827342312574942,0.652608684302499,0.0,0.0
3783,3,201,4,M,3,0.8296003603700738,0.8921123648644488,0.9,0.8921123648644488,0.0002533497747726904,0.08118295458386696,0.8296003603700738,0.8921123648644489,0.0,0.0
3784,3,202,4,M,0,0.1735083024984869,0.3474457319531336,0.1,0.3474457319531336,0.0002634139370683436,0.08118295458386696,0.1735083024984869,0.34744573195313355,0.0,0.0
3785,3,202,4,M,1,0.17007403392882509,0.10795534554797673,0.1,0.10795534554797673,0.00031510081957017433,0.08118295458386696,0.17007403392882509,0.10795534554797673,0.0,0.0
3786,3,202,4,M,2,0.827342312574942,0.652608684302499,0.64,0.652608684302499,0.0002815684999491058,0.08118295458386696,0.827342312574942,0.652608684302499,0.0,0.0
3787,3,202,4,M,3,0.8296003603700738,0.8921123648644489,0.9,0.8921123648644489,0.0002533497747726904,0.08118295458386696,0.8296003603700738,0.8921123648644489,0.0,0.0
3788,3,203,4,M,0,0.1735083024984869,0.34744573195313355,0.1,0.34744573195313355,0.0002634139370683436,0.08118295458386696,0.1735083024984869,0.34744573195313355,0.0,0.0
3789,3,203,4,M,1,0.17007403392882509,0.10795534554797673,0.1,0.10795534554797673,0.00031510081957017433,0.08118295458386696,0.17007403392882506,0.10795534554797673,0.0,0.0
3790,3,203,4,M,2,0.827342312574942,0.652608684302499,0.64,0.652608684302499,0.0002815684999491058,0.08118295458386696,0.8273423125749421,0.6526086843024991,0.0,0.0
3791,3,203,4,M,3,0.8296003603700738,0.8921123648644489,0.9,0.8921123648644489,0.0002533497747726904,0.08118295458386696,0.8296003603700738,0.8921123648644488,0.0,0.0
3792,3,204,4,M,0,0.1735083024984869,0.34744573195313355,0.1,0.34744573195313355,0.0002634139370683436,0.08118295458386696,0.1735083024984869,0.3474457319531336,0.0,0.0
3793,3,204,4,M,1,0.17007403392882506,0.10795534554797673,0.1,0.10795534554797673,0.00031510081957017433,0.08118295458386696,0.17007403392882509,0.10795534554797673,0.0,0.0
3794,3,204,4,M,2,0.8273423125749421,0.6526086843024991,0.64,0.6526086843024991,0.0002815684999491058,0.08118295458386696,0.827342312574942,0.652608684302499,0.0,0.0
3795,3,204,4,M,3,0.8296003603700738,0.8921123648644488,0.9,0.8921123648644488,0.0002533497747726904,0.08118295458386696,0.8296003603700738,0.8921123648644489,0.0,0.0
3796,3,205,4,M,0,0.1735083024984869,0.3474457319531336,0.1,0.3474457319531336,0.0002634139370683436,0.08118295458386696,0.1735083024984869,0.34744573195313355,0.0,0.0
3797,3,205,4,M,1,0.17007403392882509,0.10795534554797673,0.1,0.10795534554797673,0.00031510081957017433,0.08118295458386696,0.17007403392882509,0.10795534554797673,0.0,0.0
3798,3,205,4,M,2,0.827342312574942,0.652608684302499,0.64,0.652608684302499,0.0002815684999491058,0.08118295458386696,0.827342312574942,0.652608684302499,0.0,0.0
3799,3,205,4,M,3,0.8296003603700738,0.8921123648644489,0.9,0.8921123648644489,0.0002533497747726904,0.08118295458386696,0.8296003603700738,0.8921123648644489,0.0,0.0
3800,3,206,4,M,0,0.1735083024984869,0.34744573195313355,0.1,0.34744573195313355,0.0002634139370683436,0.08118295458386696,0.1735083024984869,0.34744573195313355,0.0,0.0
3801,3,206,4,M,1,0.17007403392882509,0.10795534554797673,0.1,0.10795534554797673,0.00031510081957017433,0.08118295458386696,0.17007403392882506,0.10795534554797673,0.0,0.0
3802,3,206,4,M,2,0.827342312574942,0.652608684302499,0.64,0.652608684302499,0.0002815684999491058,0.08118295458386696,0.8273423125749421,0.6526086843024991,0.0,0.0
3803,3,206,4,M,3,0.8296003603700738,0.8921123648644489,0.9,0.8921123648644489,0.0002533497747726904,0.08118295458386696,0.8296003603700738,0.8921123648644488,0.0,0.0
3804,3,207,4,M,0,0.1735083024984869,0.34744573195313355,0.1,0.34744573195313355,0.0002634139370683436,0.08118295458386696,0.1735083024984869,0.3474457319531336,0.0,0.0
3805,3,207,4,M,1,0.17007403392882506,0.10795534554797673,0.1,0.10795534554797673,0.00031510081957017433,0.08118295458386696,0.17007403392882509,0.10795534554797673,0.0,0.0
3806,3,207,4,M,2,0.8273423125749421,0.6526086843024991,0.64,0.6526086843024991,0.0002815684999491058,0.08118295458386696,0.827342312574942,0.652608684302499,0.0,0.0
3807,3,207,4,M,3,0.8296003603700738,0.8921123648644488,0.9,0.8921123648644488,0.0002533497747726904,0.08118295458386696,0.8296003603700738,0.8921123648644489,0.0,0.0
3808,3,208,4,M,0,0.1735083024984869,0.3474457319531336,0.1,0.3474457319531336,0.0002634139370683436,0.08118295458386696,0.1735083024984869,0.34744573195313355,0.0,0.0
3809,3,208,4,M,1,0.17007403392882509,0.10795534554797673,0.1,0.10795534554797673,0.00031510081957017433,0.08118295458386696,0.17007403392882509,0.10795534554797673,0.0,0.0
3810,3,208,4,M,2,0.827342312574942,0.652608684302499,0.64,0.652608684302499,0.0002815684999491058,0.08118295458386696,0.827342312574942,0.652608684302499,0.0,0.0
3811,3,208,4,M,3,0.8296003603700738,0.8921123648644489,0.9,0.8921123648644489,0.0002533497747726904,0.08118295458386696,0.8296003603700738,0.8921123648644489,0.0,0.0
3812,3,209,4,M,0,0.1735083024984869,0.34744573195313355,0.1,0.34744573195313355,0.0002634139370683436,0.08118295458386696,0.1735083024984869,0.34744573195313355,0.0,0.0
3813,3,209,4,M,1,0.17007403392882509,0.10795534554797673,0.1,0.10795534554797673,0.00031510081957017433,0.08118295458386696,0.17007403392882506,0.10795534554797673,0.0,0.0
3814,3,209,4,M,2,0.827342312574942,0.652608684302499,0.64,0.652608684302499,0.0002815684999491058,0.08118295458386696,0.8273423125749421,0.6526086843024991,0.0,0.0
3815,3,209,4,M,3,0.8296003603700738,0.8921123648644489,0.9,0.8921123648644489,0.0002533497747726904,0.08118295458386696,0.8296003603700738,0.8921123648644488,0.0,0.0
3816,3,210,4,M,0,0.1735083024984869,0.34744573195313355,0.1,0.34744573195313355,0.0002634139370683436,0.08118295458386696,0.1735083024984869,0.3474457319531336,0.0,0.0
3817,3,210,4,M,1,0.17007403392882506,0.10795534554797673,0.1,0.10795534554797673,0.00031510081957017433,0.08118295458386696,0.17007403392882509,0.10795534554797673,0.0,0.0
3818,3,210,4,M,2,0.8273423125749421,0.6526086843024991,0.64,0.6526086843024991,0.0002815684999491058,0.08118295458386696,0.827342312574942,0.652608684302499,0.0,0.0
3819,3,210,4,M,3,0.8296003603700738,0.8921123648644488,0.9,0.8921123648644488,0.0002533497747726904,0.08118295458386696,0.8296003603700738,0.8921123648644489,0.0,0.0
3820,3,211,4,M,0,0.1735083024984869,0.3474457319531336,0.1,0.3474457319531336,0.0002634139370683436,0.08118295458386696,0.1735083024984869,0.34744573195313355,0.0,0.0
3821,3,211,4,M,1,0.17007403392882509,0.10795534554797673,0.1,0.10795534554797673,0.00031510081957017433,0.08118295458386696,0.17007403392882509,0.10795534554797673,0.0,0.0
3822,3,211,4,M,2,0.827342312574942,0.652608684302499,0.64,0.652608684302499,0.0002815684999491058,0.08118295458386696,0.827342312574942,0.652608684302499,0.0,0.0
3823,3,211,4,M,3,0.8296003603700738,0.8921123648644489,0.9,0.8921123648644489,0.0002533497747726904,0.08118295458386696,0.8296003603700738,0.8921123648644489,0.0,0.0
3824,3,212,4,M,0,0.1735083024984869,0.34744573195313355,0.1,0.34744573195313355,0.0002634139370683436,0.08118295458386696,0.1735083024984869,0.34744573195313355,0.0,0.0
3825,3,212,4,M,1,0.17007403392882509,0.10795534554797673,0.1,0.10795534554797673,0.00031510081957017433,0.08118295458386696,0.17007403392882506,0.10795534554797673,0.0,0.0
3826,3,212,4,M,2,0.827342312574942,0.652608684302499,0.64,0.652608684302499,0.0002815684999491058,0.08118295458386696,0.8273423125749421,0.6526086843024991,0.0,0.0
3827,3,212,4,M,3,0.8296003603700738,0.8921123648644489,0.9,0.8921123648644489,0.0002533497747726904,0.08118295458386696,0.8296003603700738,0.8921123648644488,0.0,0.0
3828,3,213,4,M,0,0.1735083024984869,0.34744573195313355,0.1,0.34744573195313355,0.0002634139370683436,0.08118295458386696,0.1735083024984869,0.3474457319531336,0.0,0.0
3829,3,213,4,M,1,0.17007403392882506,0.10795534554797673,0.1,0.10795534554797673,0.00031510081957017433,0.08118295458386696,0.17007403392882509,0.10795534554797673,0.0,0.0
3830,3,213,4,M,2,0.8273423125749421,0.6526086843024991,0.64,0.6526086843024991,0.0002815684999491058,0.08118295458386696,0.827342312574942,0.652608684302499,0.0,0.0
3831,3,213,4,M,3,0.8296003603700738,0.8921123648644488,0.9,0.8921123648644488,0.0002533497747726904,0.08118295458386696,0.8296003603700738,0.8921123648644489,0.0,0.0
3832,3,214,4,M,0,0.1735083024984869,0.3474457319531336,0.1,0.3474457319531336,0.0002634139370683436,0.08118295458386696,0.1735083024984869,0.34744573195313355,0.0,0.0
3833,3,214,4,M,1,0.17007403392882509,0.10795534554797673,0.1,0.10795534554797673,0.00031510081957017433,0.08118295458386696,0.17007403392882509,0.10795534554797673,0.0,0.0
3834,3,214,4,M,2,0.827342312574942,0.652608684302499,0.64,0.652608684302499,0.0002815684999491058,0.08118295458386696,0.827342312574942,0.652608684302499,0.0,0.0
3835,3,214,4,M,3,0.8296003603700738,0.8921123648644489,0.9,0.8921123648644489,0.0002533497747726904,0.08118295458386696,0.8296003603700738,0.8921123648644489,0.0,0.0
3836,3,215,4,M,0,0.1735083024984869,0.34744573195313355,0.1,0.34744573195313355,0.0002634139370683436,0.08118295458386696,0.1735083024984869,0.34744573195313355,0.0,0.0
3837,3,215,4,M,1,0.17007403392882509,0.10795534554797673,0.1,0.10795534554797673,0.00031510081957017433,0.08118295458386696,0.17007403392882506,0.10795534554797673,0.0,0.0
3838,3,215,4,M,2,0.827342312574942,0.652608684302499,0.64,0.652608684302499,0.0002815684999491058,0.08118295458386696,0.8273423125749421,0.6526086843024991,0.0,0.0
3839,3,215,4,M,3,0.8296003603700738,0.8921123648644489,0.9,0.8921123648644489,0.0002533497747726904,0.08118295458386696,0.8296003603700738,0.8921123648644488,0.0,0.0
3840,3,216,4,M,0,0.1735083024984869,0.34744573195313355,0.1,0.34744573195313355,0.0002634139370683436,0.08118295458386696,0.1735083024984869,0.3474457319531336,0.0,0.0
3841,3,216,4,M,1,0.17007403392882506,0.10795534554797673,0.1,0.10795534554797673,0.00031510081957017433,0.08118295458386696,0.17007403392882509,0.10795534554797673,0.0,0.0
3842,3,216,4,M,2,0.8273423125749421,0.6526086843024991,0.64,0.6526086843024991,0.0002815684999491058,0.08118295458386696,0.827342312574942,0.652608684302499,0.0,0.0
3843,3,216,4,M,3,0.8296003603700738,0.8921123648644488,0.9,0.8921123648644488,0.0002533497747726904,0.08118295458386696,0.8296003603700738,0.8921123648644489,0.0,0.0
3844,3,217,4,M,0,0.1735083024984869,0.3474457319531336,0.1,0.3474457319531336,0.0002634139370683436,0.08118295458386696,0.1735083024984869,0.34744573195313355,0.0,0.0
3845,3,217,4,M,1,0.17007403392882509,0.10795534554797673,0.1,0.10795534554797673,0.00031510081957017433,0.08118295458386696,0.17007403392882509,0.10795534554797673,0.0,0.0
3846,3,217,4,M,2,0.827342312574942,0.652608684302499,0.64,0.652608684302499,0.0002815684999491058,0.08118295458386696,0.827342312574942,0.652608684302499,0.0,0.0
3847,3,217,4,M,3,0.8296003603700738,0.8921123648644489,0.9,0.8921123648644489,0.0002533497747726904,0.08118295458386696,0.8296003603700738,0.8921123648644489,0.0,0.0
3848,3,218,4,M,0,0.1735083024984869,0.34744573195313355,0.1,0.34744573195313355,0.0002634139370683436,0.08118295458386696,0.1735083024984869,0.34744573195313355,0.0,0.0
3849,3,218,4,M,1,0.17007403392882509,0.10795534554797673,0.1,0.10795534554797673,0.00031510081957017433,0.08118295458386696,0.17007403392882506,0.10795534554797673,0.0,0.0
3850,3,218,4,M,2,0.827342312574942,0.652608684302499,0.64,0.652608684302499,0.0002815684999491058,0.08118295458386696,0.8273423125749421,0.6526086843024991,0.0,0.0
3851,3,218,4,M,3,0.8296003603700738,0.8921123648644489,0.9,0.8921123648644489,0.0002533497747726904,0.08118295458386696,0.8296003603700738,0.8921123648644488,0.0,0.0
3852,3,219,4,M,0,0.1735083024984869,0.34744573195313355,0.1,0.34744573195313355,0.0002634139370683436,0.08118295458386696,0.1735083024984869,0.3474457319531336,0.0,0.0
3853,3,219,4,M,1,0.17007403392882506,0.10795534554797673,0.1,0.10795534554797673,0.00031510081957017433,0.08118295458386696,0.17007403392882509,0.10795534554797673,0.0,0.0
3854,3,219,4,M,2,0.8273423125749421,0.6526086843024991,0.64,0.6526086843024991,0.0002815684999491058,0.08118295458386696,0.827342312574942,0.652608684302499,0.0,0.0
3855,3,219,4,M,3,0.8296003603700738,0.8921123648644488,0.9,0.8921123648644488,0.0002533497747726904,0.08118295458386696,0.8296003603700738,0.8921123648644489,0.0,0.0
3856,3,220,4,M,0,0.1735083024984869,0.3474457319531336,0.1,0.3474457319531336,0.0002634139370683436,0.08118295458386696,0.1735083024984869,0.34744573195313355,0.0,0.0
3857,3,220,4,M,1,0.17007403392882509,0.10795534554797673,0.1,0.10795534554797673,0.00031510081957017433,0.08118295458386696,0.17007403392882509,0.10795534554797673,0.0,0.0
3858,3,220,4,M,2,0.827342312574942,0.652608684302499,0.64,0.652608684302499,0.0002815684999491058,0.08118295458386696,0.827342312574942,0.652608684302499,0.0,0.0
3859,3,220,4,M,3,0.8296003603700738,0.8921123648644489,0.9,0.8921123648644489,0.0002533497747726904,0.08118295458386696,0.8296003603700738,0.8921123648644489,0.0,0.0
3860,3,221,4,M,0,0.1735083024984869,0.34744573195313355,0.1,0.34744573195313355,0.0002634139370683436,0.08118295458386696,0.1735083024984869,0.34744573195313355,0.0,0.0
3861,3,221,4,M,1,0.17007403392882509,0.10795534554797673,0.1,0.10795534554797673,0.00031510081957017433,0.08118295458386696,0.17007403392882506,0.10795534554797673,0.0,0.0
3862,3,221,4,M,2,0.827342312574942,0.652608684302499,0.64,0.652608684302499,0.0002815684999491058,0.08118295458386696,0.8273423125749421,0.6526086843024991,0.0,0.0
3863,3,221,4,M,3,0.8296003603700738,0.8921123648644489,0.9,0.8921123648644489,0.0002533497747726904,0.08118295458386696,0.8296003603700738,0.8921123648644488,0.0,0.0
3864,3,222,4,M,0,0.1735083024984869,0.34744573195313355,0.1,0.34744573195313355,0.0002634139370683436,0.08118295458386696,0.1735083024984869,0.3474457319531336,0.0,0.0
3865,3,222,4,M,1,0.17007403392882506,0.10795534554797673,0.1,0.10795534554797673,0.00031510081957017433,0.08118295458386696,0.17007403392882509,0.10795534554797673,0.0,0.0
3866,3,222,4,M,2,0.8273423125749421,0.6526086843024991,0.64,0.6526086843024991,0.0002815684999491058,0.08118295458386696,0.827342312574942,0.652608684302499,0.0,0.0
3867,3,222,4,M,3,0.8296003603700738,0.8921123648644488,0.9,0.8921123648644488,0.0002533497747726904,0.08118295458386696,0.8296003603700738,0.8921123648644489,0.0,0.0
3868,3,223,4,M,0,0.1735083024984869,0.3474457319531336,0.1,0.3474457319531336,0.0002634139370683436,0.08118295458386696,0.1735083024984869,0.34744573195313355,0.0,0.0
3869,3,223,4,M,1,0.17007403392882509,0.10795534554797673,0.1,0.10795534554797673,0.00031510081957017433,0.08118295458386696,0.17007403392882509,0.10795534554797673,0.0,0.0
3870,3,223,4,M,2,0.827342312574942,0.652608684302499,0.64,0.652608684302499,0.0002815684999491058,0.08118295458386696,0.827342312574942,0.652608684302499,0.0,0.0
3871,3,223,4,M,3,0.8296003603700738,0.8921123648644489,0.9,0.8921123648644489,0.0002533497747726904,0.08118295458386696,0.8296003603700738,0.8921123648644489,0.0,0.0
3872,3,224,4,M,0,0.1735083024984869,0.34744573195313355,0.1,0.34744573195313355,0.0002634139370683436,0.08118295458386696,0.1735083024984869,0.34744573195313355,0.0,0.0
3873,3,224,4,M,1,0.17007403392882509,0.10795534554797673,0.1,0.10795534554797673,0.00031510081957017433,0.08118295458386696,0.17007403392882506,0.10795534554797673,0.0,0.0
3874,3,224,4,M,2,0.827342312574942,0.652608684302499,0.64,0.652608684302499,0.0002815684999491058,0.08118295458386696,0.8273423125749421,0.6526086843024991,0.0,0.0
3875,3,224,4,M,3,0.8296003603700738,0.8921123648644489,0.9,0.8921123648644489,0.0002533497747726904,0.08118295458386696,0.8296003603700738,0.8921123648644488,0.0,0.0
3876,3,225,4,M,0,0.1735083024984869,0.34744573195313355,0.1,0.34744573195313355,0.0002634139370683436,0.08118295458386696,0.1735083024984869,0.3474457319531336,0.0,0.0
3877,3,225,4,M,1,0.17007403392882506,0.10795534554797673,0.1,0.10795534554797673,0.00031510081957017433,0.08118295458386696,0.17007403392882509,0.10795534554797673,0.0,0.0
3878,3,225,4,M,2,0.8273423125749421,0.6526086843024991,0.64,0.6526086843024991,0.0002815684999491058,0.08118295458386696,0.827342312574942,0.652608684302499,0.0,0.0
3879,3,225,4,M,3,0.8296003603700738,0.8921123648644488,0.9,0.8921123648644488,0.0002533497747726904,0.08118295458386696,0.8296003603700738,0.8921123648644489,0.0,0.0
3880,3,226,4,M,0,0.1735083024984869,0.3474457319531336,0.1,0.3474457319531336,0.0002634139370683436,0.08118295458386696,0.1735083024984869,0.34744573195313355,0.0,0.0
3881,3,226,4,M,1,0.17007403392882509,0.10795534554797673,0.1,0.10795534554797673,0.00031510081957017433,0.08118295458386696,0.17007403392882509,0.10795534554797673,0.0,0.0
3882,3,226,4,M,2,0.827342312574942,0.652608684302499,0.64,0.652608684302499,0.0002815684999491058,0.08118295458386696,0.827342312574942,0.652608684302499,0.0,0.0
3883,3,226,4,M,3,0.8296003603700738,0.8921123648644489,0.9,0.8921123648644489,0.0002533497747726904,0.08118295458386696,0.8296003603700738,0.8921123648644489,0.0,0.0
3884,3,227,4,M,0,0.1735083024984869,0.34744573195313355,0.1,0.34744573195313355,0.0002634139370683436,0.08118295458386696,0.1735083024984869,0.34744573195313355,0.0,0.0
3885,3,227,4,M,1,0.17007403392882509,0.10795534554797673,0.1,0.10795534554797673,0.00031510081957017433,0.08118295458386696,0.17007403392882506,0.10795534554797673,0.0,0.0
3886,3,227,4,M,2,0.827342312574942,0.652608684302499,0.64,0.652608684302499,0.0002815684999491058,0.08118295458386696,0.8273423125749421,0.6526086843024991,0.0,0.0
3887,3,227,4,M,3,0.8296003603700738,0.8921123648644489,0.9,0.8921123648644489,0.0002533497747726904,0.08118295458386696,0.8296003603700738,0.8921123648644488,0.0,0.0
3888,3,228,4,M,0,0.1735083024984869,0.34744573195313355,0.1,0.34744573195313355,0.0002634139370683436,0.08118295458386696,0.1735083024984869,0.3474457319531336,0.0,0.0
3889,3,228,4,M,1,0.17007403392882506,0.10795534554797673,0.1,0.10795534554797673,0.00031510081957017433,0.08118295458386696,0.17007403392882509,0.10795534554797673,0.0,0.0
3890,3,228,4,M,2,0.8273423125749421,0.6526086843024991,0.64,0.6526086843024991,0.0002815684999491058,0.08118295458386696,0.827342312574942,0.652608684302499,0.0,0.0
3891,3,228,4,M,3,0.8296003603700738,0.8921123648644488,0.9,0.8921123648644488,0.0002533497747726904,0.08118295458386696,0.8296003603700738,0.8921123648644489,0.0,0.0
3892,3,229,4,M,0,0.1735083024984869,0.3474457319531336,0.1,0.3474457319531336,0.0002634139370683436,0.08118295458386696,0.1735083024984869,0.34744573195313355,0.0,0.0
3893,3,229,4,M,1,0.17007403392882509,0.10795534554797673,0.1,0.10795534554797673,0.00031510081957017433,0.08118295458386696,0.17007403392882509,0.10795534554797673,0.0,0.0
3894,3,229,4,M,2,0.827342312574942,0.652608684302499,0.64,0.652608684302499,0.0002815684999491058,0.08118295458386696,0.827342312574942,0.652608684302499,0.0,0.0
3895,3,229,4,M,3,0.8296003603700738,0.8921123648644489,0.9,0.8921123648644489,0.0002533497747726904,0.08118295458386696,0.8296003603700738,0.8921123648644489,0.0,0.0
3896,3,230,4,M,0,0.1735083024984869,0.34744573195313355,0.1,0.34744573195313355,0.0002634139370683436,0.08118295458386696,0.1735083024984869,0.34744573195313355,0.0,0.0
3897,3,230,4,M,1,0.17007403392882509,0.10795534554797673,0.1,0.10795534554797673,0.00031510081957017433,0.08118295458386696,0.17007403392882506,0.10795534554797673,0.0,0.0
3898,3,230,4,M,2,0.827342312574942,0.652608684302499,0.64,0.652608684302499,0.0002815684999491058,0.08118295458386696,0.8273423125749421,0.6526086843024991,0.0,0.0
3899,3,230,4,M,3,0.8296003603700738,0.8921123648644489,0.9,0.8921123648644489,0.0002533497747726904,0.08118295458386696,0.8296003603700738,0.8921123648644488,0.0,0.0
3900,3,231,4,M,0,0.1735083024984869,0.34744573195313355,0.1,0.34744573195313355,0.0002634139370683436,0.08118295458386696,0.1735083024984869,0.3474457319531336,0.0,0.0
3901,3,231,4,M,1,0.17007403392882506,0.10795534554797673,0.1,0.10795534554797673,0.00031510081957017433,0.08118295458386696,0.17007403392882509,0.10795534554797673,0.0,0.0
3902,3,231,4,M,2,0.8273423125749421,0.6526086843024991,0.64,0.6526086843024991,0.0002815684999491058,0.08118295458386696,0.827342312574942,0.652608684302499,0.0,0.0
3903,3,231,4,M,3,0.8296003603700738,0.8921123648644488,0.9,0.8921123648644488,0.0002533497747726904,0.08118295458386696,0.8296003603700738,0.8921123648644489,0.0,0.0
3904,3,232,4,M,0,0.1735083024984869,0.3474457319531336,0.1,0.3474457319531336,0.0002634139370683436,0.08118295458386696,0.1735083024984869,0.34744573195313355,0.0,0.0
3905,3,232,4,M,1,0.17007403392882509,0.10795534554797673,0.1,0.10795534554797673,0.00031510081957017433,0.08118295458386696,0.17007403392882509,0.10795534554797673,0.0,0.0
3906,3,232,4,M,2,0.827342312574942,0.652608684302499,0.64,0.652608684302499,0.0002815684999491058,0.08118295458386696,0.827342312574942,0.652608684302499,0.0,0.0
3907,3,232,4,M,3,0.8296003603700738,0.8921123648644489,0.9,0.8921123648644489,0.0002533497747726904,0.08118295458386696,0.8296003603700738,0.8921123648644489,0.0,0.0
3908,3,233,4,M,0,0.1735083024984869,0.34744573195313355,0.1,0.34744573195313355,0.0002634139370683436,0.08118295458386696,0.1735083024984869,0.34744573195313355,0.0,0.0
3909,3,233,4,M,1,0.17007403392882509,0.10795534554797673,0.1,0.10795534554797673,0.00031510081957017433,0.08118295458386696,0.17007403392882506,0.10795534554797673,0.0,0.0
3910,3,233,4,M,2,0.827342312574942,0.652608684302499,0.64,0.652608684302499,0.0002815684999491058,0.08118295458386696,0.8273423125749421,0.6526086843024991,0.0,0.0
3911,3,233,4,M,3,0.8296003603700738,0.8921123648644489,0.9,0.8921123648644489,0.0002533497747726904,0.08118295458386696,0.8296003603700738,0.8921123648644488,0.0,0.0
3912,3,234,4,M,0,0.1735083024984869,0.34744573195313355,0.1,0.34744573195313355,0.0002634139370683436,0.08118295458386696,0.1735083024984869,0.3474457319531336,0.0,0.0
3913,3,234,4,M,1,0.17007403392882506,0.10795534554797673,0.1,0.10795534554797673,0.00031510081957017433,0.08118295458386696,0.17007403392882509,0.10795534554797673,0.0,0.0
3914,3,234,4,M,2,0.8273423125749421,0.6526086843024991,0.64,0.6526086843024991,0.0002815684999491058,0.08118295458386696,0.827342312574942,0.652608684302499,0.0,0.0
3915,3,234,4,M,3,0.8296003603700738,0.8921123648644488,0.9,0.8921123648644488,0.0002533497747726904,0.08118295458386696,0.8296003603700738,0.8921123648644489,0.0,0.0
3916,3,235,4,M,0,0.1735083024984869,0.3474457319531336,0.1,0.3474457319531336,0.0002634139370683436,0.08118295458386696,0.1735083024984869,0.34744573195313355,0.0,0.0
3917,3,235,4,M,1,0.17007403392882509,0.10795534554797673,0.1,0.10795534554797673,0.00031510081957017433,0.08118295458386696,0.17007403392882509,0.10795534554797673,0.0,0.0
3918,3,235,4,M,2,0.827342312574942,0.652608684302499,0.64,0.652608684302499,0.0002815684999491058,0.08118295458386696,0.827342312574942,0.652608684302499,0.0,0.0
3919,3,235,4,M,3,0.8296003603700738,0.8921123648644489,0.9,0.8921123648644489,0.0002533497747726904,0.08118295458386696,0.8296003603700738,0.8921123648644489,0.0,0.0
3920,3,236,4,M,0,0.1735083024984869,0.34744573195313355,0.1,0.34744573195313355,0.0002634139370683436,0.08118295458386696,0.1735083024984869,0.34744573195313355,0.0,0.0
3921,3,236,4,M,1,0.17007403392882509,0.10795534554797673,0.1,0.10795534554797673,0.00031510081957017433,0.08118295458386696,0.17007403392882506,0.10795534554797673,0.0,0.0
3922,3,236,4,M,2,0.827342312574942,0.652608684302499,0.64,0.652608684302499,0.0002815684999491058,0.08118295458386696,0.8273423125749421,0.6526086843024991,0.0,0.0
3923,3,236,4,M,3,0.8296003603700738,0.8921123648644489,0.9,0.8921123648644489,0.0002533497747726904,0.08118295458386696,0.8296003603700738,0.8921123648644488,0.0,0.0
3924,3,237,4,M,0,0.1735083024984869,0.34744573195313355,0.1,0.34744573195313355,0.0002634139370683436,0.08118295458386696,0.1735083024984869,0.3474457319531336,0.0,0.0
3925,3,237,4,M,1,0.17007403392882506,0.10795534554797673,0.1,0.10795534554797673,0.00031510081957017433,0.08118295458386696,0.17007403392882509,0.10795534554797673,0.0,0.0
3926,3,237,4,M,2,0.8273423125749421,0.6526086843024991,0.64,0.6526086843024991,0.0002815684999491058,0.08118295458386696,0.827342312574942,0.652608684302499,0.0,0.0
3927,3,237,4,M,3,0.8296003603700738,0.8921123648644488,0.9,0.8921123648644488,0.0002533497747726904,0.08118295458386696,0.8296003603700738,0.8921123648644489,0.0,0.0
3928,3,238,4,M,0,0.1735083024984869,0.3474457319531336,0.1,0.3474457319531336,0.0002634139370683436,0.08118295458386696,0.1735083024984869,0.34744573195313355,0.0,0.0
3929,3,238,4,M,1,0.17007403392882509,0.10795534554797673,0.1,0.10795534554797673,0.00031510081957017433,0.08118295458386696,0.17007403392882509,0.10795534554797673,0.0,0.0
3930,3,238,4,M,2,0.827342312574942,0.652608684302499,0.64,0.652608684302499,0.0002815684999491058,0.08118295458386696,0.827342312574942,0.652608684302499,0.0,0.0
3931,3,238,4,M,3,0.8296003603700738,0.8921123648644489,0.9,0.8921123648644489,0.0002533497747726904,0.08118295458386696,0.8296003603700738,0.8921123648644489,0.0,0.0
3932,3,239,4,M,0,0.1735083024984869,0.34744573195313355,0.1,0.34744573195313355,0.0002634139370683436,0.08118295458386696,0.1735083024984869,0.34744573195313355,0.0,0.0
3933,3,239,4,M,1,0.17007403392882509,0.10795534554797673,0.1,0.10795534554797673,0.00031510081957017433,0.08118295458386696,0.17007403392882506,0.10795534554797673,0.0,0.0
3934,3,239,4,M,2,0.827342312574942,0.652608684302499,0.64,0.652608684302499,0.0002815684999491058,0.08118295458386696,0.8273423125749421,0.6526086843024991,0.0,0.0
3935,3,239,4,M,3,0.8296003603700738,0.8921123648644489,0.9,0.8921123648644489,0.0002533497747726904,0.08118295458386696,0.8296003603700738,0.8921123648644488,0.0,0.0
3936,3,240,4,M,0,0.1735083024984869,0.34744573195313355,0.1,0.34744573195313355,0.0002634139370683436,0.08118295458386696,0.1735083024984869,0.3474457319531336,0.0,0.0
3937,3,240,4,M,1,0.17007403392882506,0.10795534554797673,0.1,0.10795534554797673,0.00031510081957017433,0.08118295458386696,0.17007403392882509,0.10795534554797673,0.0,0.0
3938,3,240,4,M,2,0.8273423125749421,0.6526086843024991,0.64,0.6526086843024991,0.0002815684999491058,0.08118295458386696,0.827342312574942,0.652608684302499,0.0,0.0
3939,3,240,4,M,3,0.8296003603700738,0.8921123648644488,0.9,0.8921123648644488,0.0002533497747726904,0.08118295458386696,0.8296003603700738,0.8921123648644489,0.0,0.0
3940,3,241,4,M,0,0.1735083024984869,0.3474457319531336,0.1,0.3474457319531336,0.0002634139370683436,0.08118295458386696,0.1735083024984869,0.34744573195313355,0.0,0.0
3941,3,241,4,M,1,0.17007403392882509,0.10795534554797673,0.1,0.10795534554797673,0.00031510081957017433,0.08118295458386696,0.17007403392882509,0.10795534554797673,0.0,0.0
3942,3,241,4,M,2,0.827342312574942,0.652608684302499,0.64,0.652608684302499,0.0002815684999491058,0.08118295458386696,0.827342312574942,0.652608684302499,0.0,0.0
3943,3,241,4,M,3,0.8296003603700738,0.8921123648644489,0.9,0.8921123648644489,0.0002533497747726904,0.08118295458386696,0.8296003603700738,0.8921123648644489,0.0,0.0
3944,3,242,4,M,0,0.1735083024984869,0.34744573195313355,0.1,0.34744573195313355,0.0002634139370683436,0.08118295458386696,0.1735083024984869,0.34744573195313355,0.0,0.0
3945,3,242,4,M,1,0.17007403392882509,0.10795534554797673,0.1,0.10795534554797673,0.00031510081957017433,0.08118295458386696,0.17007403392882506,0.10795534554797673,0.0,0.0
3946,3,242,4,M,2,0.827342312574942,0.652608684302499,0.64,0.652608684302499,0.0002815684999491058,0.08118295458386696,0.8273423125749421,0.6526086843024991,0.0,0.0
3947,3,242,4,M,3,0.8296003603700738,0.8921123648644489,0.9,0.8921123648644489,0.0002533497747726904,0.08118295458386696,0.8296003603700738,0.8921123648644488,0.0,0.0
3948,3,243,4,M,0,0.1735083024984869,0.34744573195313355,0.1,0.34744573195313355,0.0002634139370683436,0.08118295458386696,0.1735083024984869,0.3474457319531336,0.0,0.0
3949,3,243,4,M,1,0.17007403392882506,0.10795534554797673,0.1,0.10795534554797673,0.00031510081957017433,0.08118295458386696,0.17007403392882509,0.10795534554797673,0.0,0.0
3950,3,243,4,M,2,0.8273423125749421,0.6526086843024991,0.64,0.6526086843024991,0.0002815684999491058,0.08118295458386696,0.827342312574942,0.652608684302499,0.0,0.0
3951,3,243,4,M,3,0.8296003603700738,0.8921123648644488,0.9,0.8921123648644488,0.0002533497747726904,0.08118295458386696,0.8296003603700738,0.8921123648644489,0.0,0.0
3952,3,244,4,M,0,0.1735083024984869,0.3474457319531336,0.1,0.3474457319531336,0.0002634139370683436,0.08118295458386696,0.1735083024984869,0.34744573195313355,0.0,0.0
3953,3,244,4,M,1,0.17007403392882509,0.10795534554797673,0.1,0.10795534554797673,0.00031510081957017433,0.08118295458386696,0.17007403392882509,0.10795534554797673,0.0,0.0
3954,3,244,4,M,2,0.827342312574942,0.652608684302499,0.64,0.652608684302499,0.0002815684999491058,0.08118295458386696,0.827342312574942,0.652608684302499,0.0,0.0
3955,3,244,4,M,3,0.8296003603700738,0.8921123648644489,0.9,0.8921123648644489,0.0002533497747726904,0.08118295458386696,0.8296003603700738,0.8921123648644489,0.0,0.0
3956,3,245,4,M,0,0.1735083024984869,0.34744573195313355,0.1,0.34744573195313355,0.0002634139370683436,0.08118295458386696,0.1735083024984869,0.34744573195313355,0.0,0.0
3957,3,245,4,M,1,0.17007403392882509,0.10795534554797673,0.1,0.10795534554797673,0.00031510081957017433,0.08118295458386696,0.17007403392882506,0.10795534554797673,0.0,0.0
3958,3,245,4,M,2,0.827342312574942,0.652608684302499,0.64,0.652608684302499,0.0002815684999491058,0.08118295458386696,0.8273423125749421,0.6526086843024991,0.0,0.0
3959,3,245,4,M,3,0.8296003603700738,0.8921123648644489,0.9,0.8921123648644489,0.0002533497747726904,0.08118295458386696,0.8296003603700738,0.8921123648644488,0.0,0.0
3960,3,246,4,M,0,0.1735083024984869,0.34744573195313355,0.1,0.34744573195313355,0.0002634139370683436,0.08118295458386696,0.1735083024984869,0.3474457319531336,0.0,0.0
3961,3,246,4,M,1,0.17007403392882506,0.10795534554797673,0.1,0.10795534554797673,0.00031510081957017433,0.08118295458386696,0.17007403392882509,0.10795534554797673,0.0,0.0
3962,3,246,4,M,2,0.8273423125749421,0.6526086843024991,0.64,0.6526086843024991,0.0002815684999491058,0.08118295458386696,0.827342312574942,0.652608684302499,0.0,0.0
3963,3,246,4,M,3,0.8296003603700738,0.8921123648644488,0.9,0.8921123648644488,0.0002533497747726904,0.08118295458386696,0.8296003603700738,0.8921123648644489,0.0,0.0
3964,3,247,4,M,0,0.1735083024984869,0.3474457319531336,0.1,0.3474457319531336,0.0002634139370683436,0.08118295458386696,0.1735083024984869,0.34744573195313355,0.0,0.0
3965,3,247,4,M,1,0.17007403392882509,0.10795534554797673,0.1,0.10795534554797673,0.00031510081957017433,0.08118295458386696,0.17007403392882509,0.10795534554797673,0.0,0.0
3966,3,247,4,M,2,0.827342312574942,0.652608684302499,0.64,0.652608684302499,0.0002815684999491058,0.08118295458386696,0.827342312574942,0.652608684302499,0.0,0.0
3967,3,247,4,M,3,0.8296003603700738,0.8921123648644489,0.9,0.8921123648644489,0.0002533497747726904,0.08118295458386696,0.8296003603700738,0.8921123648644489,0.0,0.0
3968,4,0,0,M,0,0.7174475146355002,0.13720159620358008,0.7000000000000001,0.13720159620358008,0.045751832080572,0.08118295458386696,0.61333689520761,0.11901849501499095,0.0,0.0
3969,4,0,0,M,1,0.09051898070905717,0.5864849119493267,0.0,0.5864849119493267,0.046333865887770116,0.08118295458386696,0.1499797197250384,0.7292302311559629,0.0,0.0
3970,4,0,0,M,2,0.8114121186058408,0.2002959240522606,1.0,0.2002959240522606,0.0463338658877701,0.08118295458386696,0.8749530952137499,0.31659341725438683,0.0,0.0
3971,4,0,0,M,3,0.4113188484752369,0.4748804648307008,1.0,0.4748804648307008,0.04633386588777013,0.08118295458386696,0.4929225430960707,0.586590183903599,0.0,0.0
3972,4,1,0,M,0,0.5,0.0,0.28,0.0,0.040829909943536934,0.08118295458386696,0.24318818675969558,0.10871916486157451,1.0,1.0
3973,4,1,0,M,1,0.0,0.0,0.0,0.0,0.046328221721018935,0.08118295458386696,0.15561650504316704,0.695065013068192,1.0,1.0
3974,4,1,0,M,2,0.76,0.24,1.0,0.24,0.043258950225402396,0.08118295458386696,0.9202812457537168,0.444172916599234,1.0,1.0
3975,4,1,0,M,3,1.0,1.0,0.48,1.0,0.04548402682122346,0.08118295458386696,0.6164959200338179,0.735065481267906,1.0,1.0
3976,4,2,0,M,0,0.24318818675969558,0.10871916486157451,0.0,0.10871916486157451,0.042147448831940694,0.08118295458386696,0.18110277422883173,0.17294468852412173,0.0,0.0
3977,4,2,0,M,1,0.24,0.76,0.0,0.76,0.04325250359155023,0.08118295458386696,0.1184761800303373,0.7002350211991506,1.0,1.0
3978,4,2,0,M,2,1.0,0.5,1.0,0.5,0.04240987679030746,0.08118295458386696,0.8996701163779063,0.2987112145109923,1.0,1.0
3979,4,2,0,M,3,0.5,1.0,0.42,1.0,0.040347603123701954,0.08118295458386696,0.7823360371802919,0.8221736915947399,1.0,1.0
3980,4,3,0,M,0,0.18110277422883173,0.17294468852412173,0.0,0.17294468852412173,0.03650846193423496,0.08118295458386696,0.20580140684704837,0.21105947927108054,0.0,0.0
3981,4,3,0,M,1,0.0,1.0,0.0,1.0,0.03918918877127777,0.08118295458386696,0.20794868486571855,0.5445149411246931,1.0,1.0
3982,4,3,0,M,2,1.0,0.0,0.58,0.0,0.03697303495580537,0.08118295458386696,0.664168053664543,0.4214473581177169,1.0,1.0
3983,4,3,0,M,3,0.24,0.24,0.62,0.24,0.04004180203622994,0.08118295458386696,0.8006650647848718,0.8144184857242573,1.0,1.0
3984,4,4,0,M,0,0.20580140684704837,0.21105947927108054,0.24,0.21105947927108054,0.017677419661079982,0.08118295458386696,0.18810144155047273,0.1627058856882406,0.0,0.0
3985,4,4,0,M,1,0.0,0.5,0.24,0.5,0.017950950516938693,0.08118295458386696,0.22127754528704735,0.4906640343578095,1.0,1.0
3986,4,4,0,M,2,0.664168053664543,0.4214473581177169,0.72,0.4214473581177169,0.026499054123904756,0.08118295458386696,0.6398561576976163,0.33011165665209463,0.0,0.0
3987,4,4,0,M,3,0.5,0.5,0.76,0.5,0.03350791319990284,0.08118295458386696,0.8485630232087502,0.858012041842359,1.0,1.0
3988,4,5,0,M,0,0.18810144155047273,0.1627058856882406,0.0,0.1627058856882406,0.017669222480267685,0.08118295458386696,0.17468828394736632,0.14718981213722482,0.0,0.0
3989,4,5,0,M,1,0.22127754528704735,0.4906640343578095,0.0,0.4906640343578095,0.0176692224802677,0.08118295458386696,0.23103592247176016,0.4552621434822453,0.0,0.0
3990,4,5,0,M,2,0.6398561576976163,0.33011165665209463,1.0,0.33011165665209463,0.017669222480267685,0.08118295458386696,0.6281643094567323,0.3964750388490928,0.0,0.0
3991,4,5,0,M,3,0.76,0.76,0.76,0.76,0.0176692224802677,0.08118295458386696,0.8129068550427436,0.8244277511944358,1.0,1.0
3992,4,6,0,M,0,0.17468828394736632,0.14718981213722482,0.0,0.14718981213722482,0.017669222480267685,0.08118295458386696,0.17415805647141638,0.13868319495437414,0.0,0.0
3993,4,6,0,M,1,0.23103592247176016,0.4552621434822453,0.0,0.4552621434822453,0.0176692224802677,0.08118295458386696,0.22240733403889998,0.4183259722707105,0.0,0.0
3994,4,6,0,M,2,0.6281643094567323,0.3964750388490928,1.0,0.3964750388490928,0.017669222480267685,0.08118295458386696,0.6336270381885287,0.4250662216407349,0.0,0.0
3995,4,6,0,M,3,0.8129068550427436,0.8244277511944358,0.76,0.8244277511944358,0.0176692224802677,0.08118295458386696,0.8118151556413941,0.8254864082123263,0.0,0.0
3996,4,7,0,M,0,0.17415805647141638,0.13868319495437414,0.0,0.13868319495437414,0.017669222480267685,0.08118295458386696,0.17547483031797237,0.13020506124189063,0.0,0.0
3997,4,7,0,M,1,0.22240733403889998,0.4183259722707105,0.0,0.4183259722707105,0.0176692224802677,0.08118295458386696,0.21708458750168577,0.3927104498610384,0.0,0.0
3998,4,7,0,M,2,0.6336270381885287,0.4250662216407349,1.0,0.4250662216407349,0.017669222480267685,0.08118295458386696,0.6480818029848345,0.45966265501461684,0.0,0.0
3999,4,7,0,M,3,0.8118151556413941,0.8254864082123263,0.76,0.8254864082123263,0.0176692224802677,0.08118295458386696,0.8127906199772931,0.8289489534400099,0.0,0.0
4000,4,8,1,M,0,0.17547483031797237,0.13020506124189063,0.0,0.13020506124189063,0.017669222480267685,0.08118295458386696,0.17676282598400042,0.1231273643627754,0.0,0.0
4001,4,8,1,M,1,0.21708458750168577,0.3927104498610384,0.0,0.3927104498610384,0.0176692224802677,0.08118295458386696,0.2166569280319586,0.3732989060400003,0.0,0.0
4002,4,8,1,M,2,0.6480818029848345,0.45966265501461684,1.0,0.45966265501461684,0.017669222480267685,0.08118295458386696,0.6654128901687544,0.5038500708064366,0.0,0.0
4003,4,8,1,M,3,0.8127906199772931,0.8289489534400099,0.76,0.8289489534400099,0.0176692224802677,0.08118295458386696,0.8153328658462636,0.8348683424403951,0.0,0.0
4004,4,9,1,M,0,0.0,0.24,0.24,0.24,0.015575543676838041,0.08118295458386696,0.1740245555482284,0.12026754118016064,1.0,1.0
4005,4,9,1,M,1,0.24,0.5,0.0,0.5,0.014167428553749015,0.08118295458386696,0.21507258813894004,0.3286878985805574,1.0,1.0
4006,4,9,1,M,2,0.76,0.5,1.0,0.5,0.017060195237703635,0.08118295458386696,0.652273440912102,0.5437744865725549,1.0,1.0
4007,4,9,1,M,3,0.24,1.0,1.0,1.0,0.01694004413740806,0.08118295458386696,0.8146686734614625,0.8446287890358611,1.0,1.0
4008,4,10,1,M,0,0.24,0.0,0.7000000000000001,0.0,0.013720818932239087,0.08118295458386696,0.17137545160670792,0.10692828165571086,1.0,1.0
4009,4,10,1,M,1,0.0,0.76,0.5,0.76,0.010565996801780206,0.08118295458386696,0.2184810456913185,0.3126040113710093,1.0,1.0
4010,4,10,1,M,2,0.5,0.74,0.76,0.74,0.016064888246775252,0.08118295458386696,0.6884101689311265,0.5817681087815982,1.0,1.0
4011,4,10,1,M,3,1.0,0.76,0.76,0.76,0.012970314881284292,0.08118295458386696,0.8379430643211953,0.8447187992886387,1.0,1.0
4012,4,11,1,M,0,0.17137545160670792,0.10692828165571086,0.48,0.10692828165571086,0.00674229468243831,0.08118295458386696,0.16641864708415316,0.10148537806145747,0.0,0.0
4013,4,11,1,M,1,0.2184810456913185,0.3126040113710093,0.52,0.3126040113710093,0.009722135082868386,0.08118295458386696,0.22493718806398674,0.30467915014506386,0.0,0.0
4014,4,11,1,M,2,0.76,0.0,1.0,0.0,0.014078563690799697,0.08118295458386696,0.7137792764761237,0.6264428806570647,1.0,1.0
4015,4,11,1,M,3,0.76,1.0,0.62,1.0,0.002690354076170978,0.08118295458386696,0.8406956019731482,0.857449579840159,1.0,1.0
4016,4,12,1,M,0,0.16641864708415316,0.10148537806145747,0.48,0.10148537806145747,0.005272999244856691,0.08118295458386696,0.16191028150764603,0.09921780476286175,0.0,0.0
4017,4,12,1,M,1,0.22493718806398674,0.30467915014506386,0.5,0.30467915014506386,0.00877070420619308,0.08118295458386696,0.23302084058906938,0.29882175204367467,0.0,0.0
4018,4,12,1,M,2,1.0,0.24,0.58,0.24,0.0063656618212733634,0.08118295458386696,0.7407797360534478,0.6551086446474564,1.0,1.0
4019,4,12,1,M,3,0.8406956019731482,0.857449579840159,0.62,0.857449579840159,0.002678698180338543,0.08118295458386696,0.8444545827888197,0.8689453755049567,0.0,0.0
4020,4,13,1,M,0,0.16191028150764603,0.09921780476286175,0.4,0.09921780476286175,0.004644398467597219,0.08118295458386696,0.15612543026614925,0.09975800378471654,0.0,0.0
4021,4,13,1,M,1,0.23302084058906938,0.29882175204367467,0.5,0.29882175204367467,0.00877070420619308,0.08118295458386696,0.24370066604729057,0.2949229288510213,0.0,0.0
4022,4,13,1,M,2,0.7407797360534478,0.6551086446474564,0.6,0.6551086446474564,0.0053334514509560255,0.08118295458386696,0.7613308500798389,0.6742325788106404,0.0,0.0
4023,4,13,1,M,3,0.8444545827888197,0.8689453755049567,0.62,0.8689453755049567,0.002678698180338543,0.08118295458386696,0.8452138244925422,0.8799352858965613,0.0,0.0
4024,4,14,1,M,0,0.15612543026614925,0.09975800378471654,0.4,0.09975800378471654,0.00395631707580936,0.08118295458386696,0.15037583508588256,0.1020262554138526,0.0,0.0
4025,4,14,1,M,1,0.24370066604729057,0.2949229288510213,0.5,0.2949229288510213,0.00877070420619308,0.08118295458386696,0.2541698793237366,0.29172077815089764,0.0,0.0
4026,4,14,1,M,2,0.7613308500798389,0.6742325788106404,0.62,0.6742325788106404,0.0043671311138608615,0.08118295458386696,0.7750428954527628,0.6874525851872091,0.0,0.0
4027,4,14,1,M,3,0.8452138244925422,0.8799352858965613,0.62,0.8799352858965613,0.002678698180338543,0.08118295458386696,0.844874323802247,0.8891391811325089,0.0,0.0
4028,4,15,1,M,0,0.15037583508588256,0.1020262554138526,0.36,0.1020262554138526,0.003366320200567305,0.08118295458386696,0.1444977839260903,0.10552134824997883,0.0,0.0
4029,4,15,1,M,1,0.2541698793237366,0.29172077815089764,0.5,0.29172077815089764,0.00877070420619308,0.08118295458386696,0.26473797169355795,0.2880329536369479,0.0,0.0
4030,4,15,1,M,2,0.7750428954527628,0.6874525851872091,0.62,0.6874525851872091,0.003963123718015785,0.08118295458386696,0.7841812135743842,0.6961086446439486,0.0,0.0
4031,4,15,1,M,3,0.844874323802247,0.8891391811325089,0.62,0.8891391811325089,0.002678698180338543,0.08118295458386696,0.8437227223436516,0.8959689505465991,0.0,0.0
4032,4,16,1,M,0,0.1444977839260903,0.10552134824997883,0.38,0.10552134824997883,0.0030815519536513264,0.08118295458386696,0.1392305168174928,0.10889190716317768,0.0,0.0
4033,4,16,1,M,1,0.26473797169355795,0.2880329536369479,0.5,0.2880329536369479,0.00877070420619308,0.08118295458386696,0.273599523798349,0.2837787652793673,0.0,0.0
4034,4,16,1,M,2,0.7841812135743842,0.6961086446439486,0.64,0.6961086446439486,0.003506957430261512,0.08118295458386696,0.7915460744452458,0.7017788233523478,0.0,0.0
4035,4,16,1,M,3,0.8437227223436516,0.8959689505465991,0.62,0.8959689505465991,0.002678698180338543,0.08118295458386696,0.8416999287272436,0.9011326972176634,0.0,0.0
4036,4,17,1,M,0,0.1392305168174928,0.10889190716317768,0.12,0.10889190716317768,0.002665362250372283,0.08118295458386696,0.13291603049132952,0.11379041168286841,0.0,0.0
4037,4,17,1,M,1,0.273599523798349,0.2837787652793673,0.5,0.2837787652793673,0.00877070420619308,0.08118295458386696,0.2839133927632135,0.2776845294139088,0.0,0.0
4038,4,17,1,M,2,0.7915460744452458,0.7017788233523478,0.64,0.7017788233523478,0.003506957430261512,0.08118295458386696,0.79656172212435,0.7060615580228687,0.0,0.0
4039,4,17,1,M,3,0.8416999287272436,0.9011326972176634,0.62,0.9011326972176634,0.002678698180338543,0.08118295458386696,0.8400074829695571,0.9050169117805701,0.0,0.0
4040,4,18,1,M,0,0.13291603049132952,0.11379041168286841,0.12,0.11379041168286841,0.002665362250372283,0.08118295458386696,0.12651817297396872,0.12031225597602084,0.0,0.0
4041,4,18,1,M,1,0.2839133927632135,0.2776845294139088,0.5,0.2776845294139088,0.00877070420619308,0.08118295458386696,0.29548973362234054,0.27018260952845213,0.0,0.0
4042,4,18,1,M,2,0.79656172212435,0.7060615580228687,0.64,0.7060615580228687,0.0031500644024599067,0.08118295458386696,0.799620035800341,0.7078986679836009,0.0,0.0
4043,4,18,1,M,3,0.8400074829695571,0.9050169117805701,0.62,0.9050169117805701,0.002678698180338543,0.08118295458386696,0.8385602623906431,0.9067269885542166,0.0,0.0
4044,4,19,1,M,0,0.12651817297396872,0.12031225597602084,0.12,0.12031225597602084,0.002665362250372283,0.08118295458386696,0.12075906669965421,0.12844182318460787,0.0,0.0
4045,4,19,1,M,1,0.29548973362234054,0.27018260952845213,0.5,0.27018260952845213,0.00877070420619308,0.08118295458386696,0.30792319172137056,0.26113100568203135,0.0,0.0
4046,4,19,1,M,2,0.799620035800341,0.7078986679836009,0.66,0.7078986679836009,0.002981308190160639,0.08118295458386696,0.801471644259427,0.7079646208935684,0.0,0.0
4047,4,19,1,M,3,0.8385602623906431,0.9067269885542166,0.62,0.9067269885542166,0.002678698180338543,0.08118295458386696,0.837320886808849,0.9071368198483216,0.0,0.0
4048,4,20,1,M,0,0.12075906669965421,0.12844182318460787,0.12,0.12844182318460787,0.002665362250372283,0.08118295458386696,0.115177679374024,0.1372590827807022,0.0,0.0
4049,4,20,1,M,1,0.30792319172137056,0.26113100568203135,0.5,0.26113100568203135,0.00877070420619308,0.08118295458386696,0.31954625051872476,0.24947537187081065,0.0,0.0
4050,4,20,1,M,2,0.801471644259427,0.7079646208935684,0.66,0.7079646208935684,0.0027406529241473243,0.08118295458386696,0.8036071457346413,0.7088453147641582,0.0,0.0
4051,4,20,1,M,3,0.837320886808849,0.9071368198483216,0.62,0.9071368198483216,0.002678698180338543,0.08118295458386696,0.8359952963857324,0.9081299969894568,0.0,0.0
4052,4,21,1,M,0,0.115177679374024,0.1372590827807022,0.12,0.1372590827807022,0.002665362250372283,0.08118295458386696,0.11140295643743653,0.14605631696575058,0.0,0.0
4053,4,21,1,M,1,0.31954625051872476,0.24947537187081065,0.5,0.24947537187081065,0.00877070420619308,0.08118295458386696,0.3298336125471633,0.23768056245330066,0.0,0.0
4054,4,21,1,M,2,0.8036071457346413,0.7088453147641582,0.66,0.7088453147641582,0.0027406529241473243,0.08118295458386696,0.804724683809569,0.7094058821100051,0.0,0.0
4055,4,21,1,M,3,0.8359952963857324,0.9081299969894568,0.38,0.9081299969894568,0.002678698180338543,0.08118295458386696,0.8352527742950685,0.9087351183297135,0.0,0.0
4056,4,22,1,M,0,0.11140295643743653,0.14605631696575058,0.12,0.14605631696575058,0.002665362250372283,0.08118295458386696,0.10950179445877171,0.15262350767812416,0.0,0.0
4057,4,22,1,M,1,0.3298336125471633,0.23768056245330066,0.5,0.23768056245330066,0.00877070420619308,0.08118295458386696,0.33679835906458716,0.22848469883681263,0.0,0.0
4058,4,22,1,M,2,0.804724683809569,0.7094058821100051,0.88,0.7094058821100051,0.0025637522902979965,0.08118295458386696,0.8066109837962174,0.7097761384545856,0.0,0.0
4059,4,22,1,M,3,0.8352527742950685,0.9087351183297135,0.38,0.9087351183297135,0.002678698180338543,0.08118295458386696,0.8339698165516246,0.9092007328218038,0.0,0.0
4060,4,23,1,M,0,0.10950179445877171,0.15262350767812416,0.12,0.15262350767812416,0.002665362250372283,0.08118295458386696,0.10885958247324758,0.15586472707318813,0.0,0.0
4061,4,23,1,M,1,0.33679835906458716,0.22848469883681263,0.5,0.22848469883681263,0.00877070420619308,0.08118295458386696,0.33982963372248826,0.22354429321776031,0.0,0.0
4062,4,23,1,M,2,0.8066109837962174,0.7097761384545856,0.88,0.7097761384545856,0.0025637522902979965,0.08118295458386696,0.8075188996108249,0.7102168958208859,0.0,0.0
4063,4,23,1,M,3,0.8339698165516246,0.9092007328218038,0.38,0.9092007328218038,0.002678698180338543,0.08118295458386696,0.8332553849326466,0.9096589824086675,0.0,0.0
4064,4,24,2,M,0,0.10885958247324758,0.15586472707318813,0.12,0.15586472707318813,0.002665362250372283,0.08118295458386696,0.10785831359148036,0.15961991940569253,0.0,0.0
4065,4,24,2,M,1,0.33982963372248826,0.22354429321776031,0.5,0.22354429321776031,0.00877070420619308,0.08118295458386696,0.3420521171752192,0.217509012447162,0.0,0.0
4066,4,24,2,M,2,0.8075188996108249,0.7102168958208859,0.88,0.7102168958208859,0.0025637522902979965,0.08118295458386696,0.8074945908394195,0.7101814407998763,0.0,0.0
4067,4,24,2,M,3,0.8332553849326466,0.9096589824086675,0.38,0.9096589824086675,0.002678698180338543,0.08118295458386696,0.8332791829848999,0.9096596703475316,0.0,0.0
4068,4,25,2,M,0,0.10785831359148036,0.15961991940569253,0.12,0.15961991940569253,0.0025382337372636954,0.08118295458386696,0.10791959652385306,0.1617299135040266,0.0,0.0
4069,4,25,2,M,1,0.5,0.24,0.88,0.24,0.0025382337372636954,0.08118295458386696,0.3182105611104738,0.21156860941227013,1.0,1.0
4070,4,25,2,M,2,0.8074945908394195,0.7101814407998763,0.38,0.7101814407998763,0.0025315352241882944,0.08118295458386696,0.806664671110372,0.7058856208341507,0.0,0.0
4071,4,25,2,M,3,0.8332791829848999,0.9096596703475316,0.38,0.9096596703475316,0.0026502074375587825,0.08118295458386696,0.83413511919627,0.9096650764814116,0.0,0.0
4072,4,26,2,M,0,0.10791959652385306,0.1617299135040266,0.12,0.1617299135040266,0.0025382337372636954,0.08118295458386696,0.10200648650106885,0.16186719117680592,0.0,0.0
4073,4,26,2,M,1,0.3182105611104738,0.21156860941227013,0.88,0.21156860941227013,0.0025382337372636954,0.08118295458386696,0.3098823459614629,0.2069219354906691,0.0,0.0
4074,4,26,2,M,2,0.806664671110372,0.7058856208341507,0.38,0.7058856208341507,0.0025315352241882944,0.08118295458386696,0.8064620628843622,0.7042498935011584,0.0,0.0
4075,4,26,2,M,3,0.83413511919627,0.9096650764814116,0.38,0.9096650764814116,0.0026502074375587825,0.08118295458386696,0.8339634897581971,0.9087314140087364,0.0,0.0
4076,4,27,2,M,0,0.10200648650106885,0.16186719117680592,0.12,0.16186719117680592,0.0025382337372636954,0.08118295458386696,0.09861048781626454,0.16172911551178448,0.0,0.0
4077,4,27,2,M,1,0.3098823459614629,0.2069219354906691,0.88,0.2069219354906691,0.0025382337372636954,0.08118295458386696,0.3046336501974686,0.20472650157621525,0.0,0.0
4078,4,27,2,M,2,0.8064620628843622,0.7042498935011584,0.38,0.7042498935011584,0.0025315352241882944,0.08118295458386696,0.8070908272034851,0.7029103202445545,0.0,0.0
4079,4,27,2,M,3,0.8339634897581971,0.9087314140087364,0.38,0.9087314140087364,0.0026502074375587825,0.08118295458386696,0.8332298880892238,0.9083206672103825,0.0,0.0
4080,4,28,2,M,0,0.09861048781626454,0.16172911551178448,0.12,0.16172911551178448,0.0025382337372636954,0.08118295458386696,0.09607267539739624,0.1626469993376175,0.0,0.0
4081,4,28,2,M,1,0.3046336501974686,0.20472650157621525,0.88,0.20472650157621525,0.0025382337372636954,0.08118295458386696,0.30178968830474323,0.2020000830925116,0.0,0.0
4082,4,28,2,M,2,0.8070908272034851,0.7029103202445545,0.38,0.7029103202445545,0.0025315352241882944,0.08118295458386696,0.8073525754161274,0.7027603316379075,0.0,0.0
4083,4,28,2,M,3,0.8332298880892238,0.9083206672103825,0.38,0.9083206672103825,0.0026502074375587825,0.08118295458386696,0.8330525420413325,0.908263912440845,0.0,0.0
4084,4,29,2,M,0,0.09607267539739624,0.1626469993376175,0.12,0.1626469993376175,0.0025382337372636954,0.08118295458386696,0.0949954617092007,0.16304284892169715,0.0,0.0
4085,4,29,2,M,1,0.30178968830474323,0.2020000830925116,0.88,0.2020000830925116,0.0025382337372636954,0.08118295458386696,0.3005615722776163,0.20087954085652707,0.0,0.0
4086,4,29,2,M,2,0.8073525754161274,0.7027603316379075,0.38,0.7027603316379075,0.0025315352241882944,0.08118295458386696,0.8073525754161275,0.7027603316379075,0.0,0.0
4087,4,29,2,M,3,0.8330525420413325,0.908263912440845,0.38,0.908263912440845,0.0026502074375587825,0.08118295458386696,0.8330525420413324,0.9082639124408449,0.0,0.0
4088,4,30,2,M,0,0.0949954617092007,0.16304284892169715,0.12,0.16304284892169715,0.0025382337372636954,0.08118295458386696,0.09468774590683776,0.16252114421394548,0.0,0.0
4089,4,30,2,M,1,0.3005615722776163,0.20087954085652707,0.88,0.20087954085652707,0.0025382337372636954,0.08118295458386696,0.29987336778806584,0.20143077023293804,0.0,0.0
4090,4,30,2,M,2,0.8073525754161275,0.7027603316379075,0.38,0.7027603316379075,0.0025315352241882944,0.08118295458386696,0.8073525754161275,0.7027603316379076,0.0,0.0
4091,4,30,2,M,3,0.8330525420413324,0.9082639124408449,0.38,0.9082639124408449,0.0026502074375587825,0.08118295458386696,0.8330525420413325,0.9082639124408449,0.0,0.0
4092,4,31,2,M,0,0.09468774590683776,0.16252114421394548,0.12,0.16252114421394548,0.0025382337372636954,0.08118295458386696,0.09456824558114892,0.1622136870211835,0.0,0.0
4093,4,31,2,M,1,0.29987336778806584,0.20143077023293804,0.88,0.20143077023293804,0.0025382337372636954,0.08118295458386696,0.2995490780787313,0.20178270816226287,0.0,0.0
4094,4,31,2,M,2,0.8073525754161275,0.7027603316379076,0.38,0.7027603316379076,0.0025315352241882944,0.08118295458386696,0.8073525754161274,0.7027603316379075,0.0,0.0
4095,4,31,2,M,3,0.8330525420413325,0.9082639124408449,0.38,0.9082639124408449,0.0026502074375587825,0.08118295458386696,0.8330525420413324,0.9082639124408449,0.0,0.0
4096,4,32,2,M,0,0.09456824558114892,0.1622136870211835,0.12,0.1622136870211835,0.0025382337372636954,0.08118295458386696,0.09454669379759749,0.16204794797945954,0.0,0.0
4097,4,32,2,M,1,0.2995490780787313,0.20178270816226287,0.88,0.20178270816226287,0.0025382337372636954,0.08118295458386696,0.29934666340323035,0.20201858944275952,0.0,0.0
4098,4,32,2,M,2,0.8073525754161274,0.7027603316379075,0.38,0.7027603316379075,0.0025315352241882944,0.08118295458386696,0.8073752402427014,0.7026771574574467,0.0,0.0
4099,4,32,2,M,3,0.8330525420413324,0.9082639124408449,0.38,0.9082639124408449,0.0026502074375587825,0.08118295458386696,0.8330525420413325,0.908263912440845,0.0,0.0
4100,4,33,2,M,0,0.09454669379759749,0.16204794797945954,0.12,0.16204794797945954,0.0025382337372636954,0.08118295458386696,0.09455088930612623,0.16216118493773637,0.0,0.0
4101,4,33,2,M,1,0.29934666340323035,0.20201858944275952,0.88,0.20201858944275952,0.0025382337372636954,0.08118295458386696,0.29944436553618087,0.20186105660210196,0.0,0.0
4102,4,33,2,M,2,0.8073752402427014,0.7026771574574467,0.38,0.7026771574574467,0.0025315352241882944,0.08118295458386696,0.8073683199385476,0.7027072045316742,0.0,0.0
4103,4,33,2,M,3,0.8330525420413325,0.908263912440845,0.38,0.908263912440845,0.0026502074375587825,0.08118295458386696,0.8330525420413324,0.9082639124408449,0.0,0.0
4104,4,34,2,M,0,0.09455088930612623,0.16216118493773637,0.12,0.16216118493773637,0.0025382337372636954,0.08118295458386696,0.09455032519926117,0.1621075768451551,0.0,0.0
4105,4,34,2,M,1,0.29944436553618087,0.20186105660210196,0.88,0.20186105660210196,0.0025382337372636954,0.08118295458386696,0.2994144166747881,0.20193285465417468,0.0,0.0
4106,4,34,2,M,2,0.8073683199385476,0.7027072045316742,0.38,0.7027072045316742,0.0025315352241882944,0.08118295458386696,0.8073683199385476,0.7027072045316742,0.0,0.0
4107,4,34,2,M,3,0.8330525420413324,0.9082639124408449,0.38,0.9082639124408449,0.0026502074375587825,0.08118295458386696,0.8330525420413324,0.9082639124408448,0.0,0.0
4108,4,35,2,M,0,0.09455032519926117,0.1621075768451551,0.12,0.1621075768451551,0.0025382337372636954,0.08118295458386696,0.09455032519926117,0.1621075768451551,0.0,0.0
4109,4,35,2,M,1,0.2994144166747881,0.20193285465417468,0.88,0.20193285465417468,0.0025382337372636954,0.08118295458386696,0.2994144166747881,0.20193285465417465,0.0,0.0
4110,4,35,2,M,2,0.8073683199385476,0.7027072045316742,0.38,0.7027072045316742,0.0025315352241882944,0.08118295458386696,0.8073683199385476,0.7027072045316741,0.0,0.0
4111,4,35,2,M,3,0.8330525420413324,0.9082639124408448,0.38,0.9082639124408448,0.0026502074375587825,0.08118295458386696,0.8330525420413324,0.9082639124408449,0.0,0.0
4112,4,36,2,M,0,0.09455032519926117,0.1621075768451551,0.12,0.1621075768451551,0.0025382337372636954,0.08118295458386696,0.09455032519926117,0.1621075768451551,0.0,0.0
4113,4,36,2,M,1,0.2994144166747881,0.20193285465417465,0.88,0.20193285465417465,0.0025382337372636954,0.08118295458386696,0.29941441667478813,0.20193285465417468,0.0,0.0
4114,4,36,2,M,2,0.8073683199385476,0.7027072045316741,0.38,0.7027072045316741,0.0025315352241882944,0.08118295458386696,0.8073683199385476,0.7027072045316741,0.0,0.0
4115,4,36,2,M,3,0.8330525420413324,0.9082639124408449,0.38,0.9082639124408449,0.0026502074375587825,0.08118295458386696,0.8330525420413325,0.9082639124408449,0.0,0.0
4116,4,37,2,M,0,0.09455032519926117,0.1621075768451551,0.12,0.1621075768451551,0.0025382337372636954,0.08118295458386696,0.09455032519926117,0.1621075768451551,0.0,0.0
4117,4,37,2,M,1,0.29941441667478813,0.20193285465417468,0.88,0.20193285465417468,0.0025382337372636954,0.08118295458386696,0.29941441667478813,0.20193285465417468,0.0,0.0
4118,4,37,2,M,2,0.8073683199385476,0.7027072045316741,0.38,0.7027072045316741,0.0025315352241882944,0.08118295458386696,0.8073683199385476,0.7027072045316742,0.0,0.0
4119,4,37,2,M,3,0.8330525420413325,0.9082639124408449,0.38,0.9082639124408449,0.0026502074375587825,0.08118295458386696,0.8330525420413325,0.9082639124408449,0.0,0.0
4120,4,38,2,M,0,0.09455032519926117,0.1621075768451551,0.12,0.1621075768451551,0.0025382337372636954,0.08118295458386696,0.09455032519926117,0.1621075768451551,0.0,0.0
4121,4,38,2,M,1,0.29941441667478813,0.20193285465417468,0.88,0.20193285465417468,0.0025382337372636954,0.08118295458386696,0.29941441667478813,0.20193285465417468,0.0,0.0
4122,4,38,2,M,2,0.8073683199385476,0.7027072045316742,0.38,0.7027072045316742,0.0025315352241882944,0.08118295458386696,0.8073683199385475,0.7027072045316742,0.0,0.0
4123,4,38,2,M,3,0.8330525420413325,0.9082639124408449,0.38,0.9082639124408449,0.0026502074375587825,0.08118295458386696,0.8330525420413324,0.9082639124408449,0.0,0.0
4124,4,39,2,M,0,0.09455032519926117,0.1621075768451551,0.12,0.1621075768451551,0.0025382337372636954,0.08118295458386696,0.09455032519926115,0.16210757684515506,0.0,0.0
4125,4,39,2,M,1,0.29941441667478813,0.20193285465417468,0.88,0.20193285465417468,0.0025382337372636954,0.08118295458386696,0.29941441667478813,0.20193285465417468,0.0,0.0
4126,4,39,2,M,2,0.8073683199385475,0.7027072045316742,0.38,0.7027072045316742,0.0025315352241882944,0.08118295458386696,0.8073683199385475,0.7027072045316742,0.0,0.0
4127,4,39,2,M,3,0.8330525420413324,0.9082639124408449,0.38,0.9082639124408449,0.0026502074375587825,0.08118295458386696,0.8330525420413324,0.9082639124408449,0.0,0.0
4128,4,40,2,M,0,0.09455032519926115,0.16210757684515506,0.12,0.16210757684515506,0.0025382337372636954,0.08118295458386696,0.09455032519926115,0.16210757684515506,0.0,0.0
4129,4,40,2,M,1,0.29941441667478813,0.20193285465417468,0.88,0.20193285465417468,0.0025382337372636954,0.08118295458386696,0.2994144166747881,0.20193285465417465,0.0,0.0
4130,4,40,2,M,2,0.8073683199385475,0.7027072045316742,0.38,0.7027072045316742,0.0025315352241882944,0.08118295458386696,0.8073683199385475,0.7027072045316742,0.0,0.0
4131,4,40,2,M,3,0.8330525420413324,0.9082639124408449,0.38,0.9082639124408449,0.0026502074375587825,0.08118295458386696,0.8330525420413324,0.9082639124408449,0.0,0.0
4132,4,41,2,M,0,0.09455032519926115,0.16210757684515506,0.12,0.16210757684515506,0.0025382337372636954,0.08118295458386696,0.09455032519926117,0.16210757684515506,0.0,0.0
4133,4,41,2,M,1,0.2994144166747881,0.20193285465417465,0.88,0.20193285465417465,0.0025382337372636954,0.08118295458386696,0.29941441667478813,0.20193285465417468,0.0,0.0
4134,4,41,2,M,2,0.8073683199385475,0.7027072045316742,0.38,0.7027072045316742,0.0025315352241882944,0.08118295458386696,0.8073683199385475,0.7027072045316741,0.0,0.0
4135,4,41,2,M,3,0.8330525420413324,0.9082639124408449,0.38,0.9082639124408449,0.0026502074375587825,0.08118295458386696,0.8330525420413324,0.9082639124408449,0.0,0.0
4136,4,42,2,M,0,0.09455032519926117,0.16210757684515506,0.12,0.16210757684515506,0.0025382337372636954,0.08118295458386696,0.09455032519926117,0.1621075768451551,0.0,0.0
4137,4,42,2,M,1,0.29941441667478813,0.20193285465417468,0.88,0.20193285465417468,0.0025382337372636954,0.08118295458386696,0.2994144166747881,0.20193285465417468,0.0,0.0
4138,4,42,2,M,2,0.8073683199385475,0.7027072045316741,0.38,0.7027072045316741,0.0025315352241882944,0.08118295458386696,0.8073683199385477,0.7027072045316742,0.0,0.0
4139,4,42,2,M,3,0.8330525420413324,0.9082639124408449,0.38,0.9082639124408449,0.0026502074375587825,0.08118295458386696,0.8330525420413325,0.9082639124408449,0.0,0.0
4140,4,43,2,M,0,0.09455032519926117,0.1621075768451551,0.12,0.1621075768451551,0.0025382337372636954,0.08118295458386696,0.09455032519926115,0.16210757684515506,0.0,0.0
4141,4,43,2,M,1,0.2994144166747881,0.20193285465417468,0.88,0.20193285465417468,0.0025382337372636954,0.08118295458386696,0.29941441667478813,0.20193285465417468,0.0,0.0
4142,4,43,2,M,2,0.8073683199385477,0.7027072045316742,0.38,0.7027072045316742,0.0025315352241882944,0.08118295458386696,0.8073683199385476,0.7027072045316742,0.0,0.0
4143,4,43,2,M,3,0.8330525420413325,0.9082639124408449,0.38,0.9082639124408449,0.0026502074375587825,0.08118295458386696,0.8330525420413324,0.9082639124408449,0.0,0.0
4144,4,44,2,M,0,0.09455032519926115,0.16210757684515506,0.12,0.16210757684515506,0.0025382337372636954,0.08118295458386696,0.09455032519926115,0.16210757684515506,0.0,0.0
4145,4,44,2,M,1,0.29941441667478813,0.20193285465417468,0.88,0.20193285465417468,0.0025382337372636954,0.08118295458386696,0.2994144166747881,0.20193285465417465,0.0,0.0
4146,4,44,2,M,2,0.8073683199385476,0.7027072045316742,0.38,0.7027072045316742,0.0025315352241882944,0.08118295458386696,0.8073683199385475,0.7027072045316742,0.0,0.0
4147,4,44,2,M,3,0.8330525420413324,0.9082639124408449,0.38,0.9082639124408449,0.0026502074375587825,0.08118295458386696,0.8330525420413324,0.9082639124408449,0.0,0.0
4148,4,45,2,M,0,0.09455032519926115,0.16210757684515506,0.12,0.16210757684515506,0.0025382337372636954,0.08118295458386696,0.09455032519926117,0.16210757684515506,0.0,0.0
4149,4,45,2,M,1,0.2994144166747881,0.20193285465417465,0.88,0.20193285465417465,0.0025382337372636954,0.08118295458386696,0.29941441667478813,0.20193285465417468,0.0,0.0
4150,4,45,2,M,2,0.8073683199385475,0.7027072045316742,0.38,0.7027072045316742,0.0025315352241882944,0.08118295458386696,0.8073683199385475,0.7027072045316741,0.0,0.0
4151,4,45,2,M,3,0.8330525420413324,0.9082639124408449,0.38,0.9082639124408449,0.0026502074375587825,0.08118295458386696,0.8330525420413324,0.9082639124408449,0.0,0.0
4152,4,46,2,M,0,0.09455032519926117,0.16210757684515506,0.12,0.16210757684515506,0.0025382337372636954,0.08118295458386696,0.09455032519926117,0.1621075768451551,0.0,0.0
4153,4,46,2,M,1,0.29941441667478813,0.20193285465417468,0.88,0.20193285465417468,0.0025382337372636954,0.08118295458386696,0.2994144166747881,0.20193285465417468,0.0,0.0
4154,4,46,2,M,2,0.8073683199385475,0.7027072045316741,0.38,0.7027072045316741,0.0025315352241882944,0.08118295458386696,0.8073683199385477,0.7027072045316742,0.0,0.0
4155,4,46,2,M,3,0.8330525420413324,0.9082639124408449,0.38,0.9082639124408449,0.0026502074375587825,0.08118295458386696,0.8330525420413325,0.9082639124408449,0.0,0.0
4156,4,47,2,M,0,0.09455032519926117,0.1621075768451551,0.12,0.1621075768451551,0.0025382337372636954,0.08118295458386696,0.09455032519926115,0.16210757684515506,0.0,0.0
4157,4,47,2,M,1,0.2994144166747881,0.20193285465417468,0.88,0.20193285465417468,0.0025382337372636954,0.08118295458386696,0.29941441667478813,0.20193285465417468,0.0,0.0
4158,4,47,2,M,2,0.8073683199385477,0.7027072045316742,0.38,0.7027072045316742,0.0025315352241882944,0.08118295458386696,0.8073683199385476,0.7027072045316742,0.0,0.0
4159,4,47,2,M,3,0.8330525420413325,0.9082639124408449,0.38,0.9082639124408449,0.0026502074375587825,0.08118295458386696,0.8330525420413324,0.9082639124408449,0.0,0.0
4160,4,48,2,M,0,0.09455032519926115,0.16210757684515506,0.12,0.16210757684515506,0.0025382337372636954,0.08118295458386696,0.09455032519926115,0.16210757684515506,0.0,0.0
4161,4,48,2,M,1,0.29941441667478813,0.20193285465417468,0.88,0.20193285465417468,0.0025382337372636954,0.08118295458386696,0.2994144166747881,0.20193285465417465,0.0,0.0
4162,4,48,2,M,2,0.8073683199385476,0.7027072045316742,0.38,0.7027072045316742,0.0025315352241882944,0.08118295458386696,0.8073683199385475,0.7027072045316742,0.0,0.0
4163,4,48,2,M,3,0.8330525420413324,0.9082639124408449,0.38,0.9082639124408449,0.0026502074375587825,0.08118295458386696,0.8330525420413324,0.9082639124408449,0.0,0.0
4164,4,49,2,M,0,0.09455032519926115,0.16210757684515506,0.12,0.16210757684515506,0.0025382337372636954,0.08118295458386696,0.09455032519926117,0.16210757684515506,0.0,0.0
4165,4,49,2,M,1,0.2994144166747881,0.20193285465417465,0.88,0.20193285465417465,0.0025382337372636954,0.08118295458386696,0.29941441667478813,0.20193285465417468,0.0,0.0
4166,4,49,2,M,2,0.8073683199385475,0.7027072045316742,0.38,0.7027072045316742,0.0025315352241882944,0.08118295458386696,0.8073683199385475,0.7027072045316741,0.0,0.0
4167,4,49,2,M,3,0.8330525420413324,0.9082639124408449,0.38,0.9082639124408449,0.0026502074375587825,0.08118295458386696,0.8330525420413324,0.9082639124408449,0.0,0.0
4168,4,50,2,M,0,0.09455032519926117,0.16210757684515506,0.12,0.16210757684515506,0.0025382337372636954,0.08118295458386696,0.09455032519926117,0.1621075768451551,0.0,0.0
4169,4,50,2,M,1,0.29941441667478813,0.20193285465417468,0.88,0.20193285465417468,0.0025382337372636954,0.08118295458386696,0.2994144166747881,0.20193285465417468,0.0,0.0
4170,4,50,2,M,2,0.8073683199385475,0.7027072045316741,0.38,0.7027072045316741,0.0025315352241882944,0.08118295458386696,0.8073683199385477,0.7027072045316742,0.0,0.0
4171,4,50,2,M,3,0.8330525420413324,0.9082639124408449,0.38,0.9082639124408449,0.0026502074375587825,0.08118295458386696,0.8330525420413325,0.9082639124408449,0.0,0.0
4172,4,51,2,M,0,0.09455032519926117,0.1621075768451551,0.12,0.1621075768451551,0.0025382337372636954,0.08118295458386696,0.09455032519926115,0.16210757684515506,0.0,0.0
4173,4,51,2,M,1,0.2994144166747881,0.20193285465417468,0.88,0.20193285465417468,0.0025382337372636954,0.08118295458386696,0.29941441667478813,0.20193285465417468,0.0,0.0
4174,4,51,2,M,2,0.8073683199385477,0.7027072045316742,0.38,0.7027072045316742,0.0025315352241882944,0.08118295458386696,0.8073683199385476,0.7027072045316742,0.0,0.0
4175,4,51,2,M,3,0.8330525420413325,0.9082639124408449,0.38,0.9082639124408449,0.0026502074375587825,0.08118295458386696,0.8330525420413324,0.9082639124408449,0.0,0.0
4176,4,52,2,M,0,0.09455032519926115,0.16210757684515506,0.12,0.16210757684515506,0.0025382337372636954,0.08118295458386696,0.09455032519926115,0.16210757684515506,0.0,0.0
4177,4,52,2,M,1,0.29941441667478813,0.20193285465417468,0.88,0.20193285465417468,0.0025382337372636954,0.08118295458386696,0.2994144166747881,0.20193285465417465,0.0,0.0
4178,4,52,2,M,2,0.8073683199385476,0.7027072045316742,0.38,0.7027072045316742,0.0025315352241882944,0.08118295458386696,0.8073683199385475,0.7027072045316742,0.0,0.0
4179,4,52,2,M,3,0.8330525420413324,0.9082639124408449,0.38,0.9082639124408449,0.0026502074375587825,0.08118295458386696,0.8330525420413324,0.9082639124408449,0.0,0.0
4180,4,53,2,M,0,0.09455032519926115,0.16210757684515506,0.12,0.16210757684515506,0.0025382337372636954,0.08118295458386696,0.09455032519926117,0.16210757684515506,0.0,0.0
4181,4,53,2,M,1,0.2994144166747881,0.20193285465417465,0.88,0.20193285465417465,0.0025382337372636954,0.08118295458386696,0.29941441667478813,0.20193285465417468,0.0,0.0
4182,4,53,2,M,2,0.8073683199385475,0.7027072045316742,0.38,0.7027072045316742,0.0025315352241882944,0.08118295458386696,0.8073683199385475,0.7027072045316741,0.0,0.0
4183,4,53,2,M,3,0.8330525420413324,0.9082639124408449,0.38,0.9082639124408449,0.0026502074375587825,0.08118295458386696,0.8330525420413324,0.9082639124408449,0.0,0.0
4184,4,54,2,M,0,0.09455032519926117,0.16210757684515506,0.12,0.16210757684515506,0.0025382337372636954,0.08118295458386696,0.09455032519926117,0.1621075768451551,0.0,0.0
4185,4,54,2,M,1,0.29941441667478813,0.20193285465417468,0.88,0.20193285465417468,0.0025382337372636954,0.08118295458386696,0.2994144166747881,0.20193285465417468,0.0,0.0
4186,4,54,2,M,2,0.8073683199385475,0.7027072045316741,0.38,0.7027072045316741,0.0025315352241882944,0.08118295458386696,0.8073683199385477,0.7027072045316742,0.0,0.0
4187,4,54,2,M,3,0.8330525420413324,0.9082639124408449,0.38,0.9082639124408449,0.0026502074375587825,0.08118295458386696,0.8330525420413325,0.9082639124408449,0.0,0.0
4188,4,55,2,M,0,0.09455032519926117,0.1621075768451551,0.12,0.1621075768451551,0.0025382337372636954,0.08118295458386696,0.09455032519926115,0.16210757684515506,0.0,0.0
4189,4,55,2,M,1,0.2994144166747881,0.20193285465417468,0.88,0.20193285465417468,0.0025382337372636954,0.08118295458386696,0.29941441667478813,0.20193285465417468,0.0,0.0
4190,4,55,2,M,2,0.8073683199385477,0.7027072045316742,0.38,0.7027072045316742,0.0025315352241882944,0.08118295458386696,0.8073683199385476,0.7027072045316742,0.0,0.0
4191,4,55,2,M,3,0.8330525420413325,0.9082639124408449,0.38,0.9082639124408449,0.0026502074375587825,0.08118295458386696,0.8330525420413324,0.9082639124408449,0.0,0.0
4192,4,56,3,M,0,0.09455032519926115,0.16210757684515506,0.12,0.16210757684515506,0.0025382337372636954,0.08118295458386696,0.09455032519926115,0.16210757684515506,0.0,0.0
4193,4,56,3,M,1,0.29941441667478813,0.20193285465417468,0.88,0.20193285465417468,0.0025382337372636954,0.08118295458386696,0.2994144166747881,0.20193285465417465,0.0,0.0
4194,4,56,3,M,2,0.8073683199385476,0.7027072045316742,0.38,0.7027072045316742,0.0025315352241882944,0.08118295458386696,0.8073683199385475,0.7027072045316742,0.0,0.0
4195,4,56,3,M,3,0.8330525420413324,0.9082639124408449,0.38,0.9082639124408449,0.0026502074375587825,0.08118295458386696,0.8330525420413324,0.9082639124408449,0.0,0.0
4196,4,57,3,M,0,0.1,0.62,0.12,0.62,0.0023212223123977027,0.08118295458386696,0.09499298755248188,0.16304029089291225,1.0,1.0
4197,4,57,3,M,1,0.62,0.1,0.1,0.1,0.0023663740217185897,0.08118295458386696,0.3006899700654358,0.19859416746441266,1.0,1.0
4198,4,57,3,M,2,0.9,0.62,0.14,0.62,0.0022037780668336254,0.08118295458386696,0.8101027263351905,0.7044289562877218,1.0,1.0
4199,4,57,3,M,3,0.9,0.9,0.12,0.9,0.0023483734767155984,0.08118295458386696,0.8442010432856736,0.9060656788046176,1.0,1.0
4200,4,58,3,M,0,0.1,0.36,0.1,0.36,0.001886281508464066,0.08118295458386696,0.09512480503150235,0.1570066565773365,1.0,1.0
4201,4,58,3,M,1,0.38,0.1,0.1,0.1,0.002018908574080422,0.08118295458386696,0.3005125790512289,0.2054759245376854,1.0,1.0
4202,4,58,3,M,2,0.9,0.36,0.12,0.36,0.001996079175809018,0.08118295458386696,0.8068649577242043,0.70909144949858,1.0,1.0
4203,4,58,3,M,3,0.62,0.88,0.38,0.88,0.0019375833826221628,0.08118295458386696,0.8452177474890481,0.9049652593767836,1.0,1.0
4204,4,59,3,M,0,0.1,0.12,0.1,0.12,0.0005000412849095887,0.08118295458386696,0.09707391525388955,0.15562385409676344,1.0,1.0
4205,4,59,3,M,1,0.1,0.9,0.9,0.9,0.0018748386906670689,0.08118295458386696,0.29131298887259716,0.21383560790004366,1.0,1.0
4206,4,59,3,M,2,0.8068649577242043,0.70909144949858,0.9,0.70909144949858,0.0018740433738345247,0.08118295458386696,0.7968709753820461,0.7108528427838962,0.0,0.0
4207,4,59,3,M,3,0.38,0.88,0.1,0.88,0.0004925062583957807,0.08118295458386696,0.8412511932042207,0.9064358598795326,1.0,1.0
4208,4,60,3,M,0,0.09707391525388955,0.15562385409676344,0.1,0.15562385409676344,0.0004940581922104337,0.08118295458386696,0.09672472171519428,0.15016954931765136,0.0,0.0
4209,4,60,3,M,1,0.88,0.12,0.36,0.12,0.0007649895292152348,0.08118295458386696,0.30328915600159306,0.21521739053926298,1.0,1.0
4210,4,60,3,M,2,0.7968709753820461,0.7108528427838962,0.64,0.7108528427838962,0.0007614532063139473,0.08118295458386696,0.79624082773954,0.6978597083603996,0.0,0.0
4211,4,60,3,M,3,0.8412511932042207,0.9064358598795326,0.1,0.9064358598795326,0.0004922988269058376,0.08118295458386696,0.8445670073798547,0.9060148427900598,0.0,0.0
4212,4,61,3,M,0,0.09672472171519428,0.15016954931765136,0.1,0.15016954931765136,0.0004940581922104337,0.08118295458386696,0.09897912607284329,0.15042492561351997,0.0,0.0
4213,4,61,3,M,1,0.30328915600159306,0.21521739053926298,0.36,0.21521739053926298,0.0007649895292152348,0.08118295458386696,0.30681339846872824,0.21721702693039488,0.0,0.0
4214,4,61,3,M,2,0.79624082773954,0.6978597083603996,0.64,0.6978597083603996,0.0007614532063139473,0.08118295458386696,0.7956130621535381,0.6929390550920589,0.0,0.0
4215,4,61,3,M,3,0.8445670073798547,0.9060148427900598,0.1,0.9060148427900598,0.0004922988269058376,0.08118295458386696,0.8437330021442033,0.9035306527486374,0.0,0.0
4216,4,62,3,M,0,0.09897912607284329,0.15042492561351997,0.1,0.15042492561351997,0.0004940581922104337,0.08118295458386696,0.1007293274735114,0.14958773598806266,0.0,0.0
4217,4,62,3,M,1,0.30681339846872824,0.21721702693039488,0.36,0.21721702693039488,0.0007649895292152348,0.08118295458386696,0.3084714373198783,0.22035499404722367,0.0,0.0
4218,4,62,3,M,2,0.7956130621535381,0.6929390550920589,0.64,0.6929390550920589,0.0007614532063139473,0.08118295458386696,0.7947233815507418,0.6889296384515772,0.0,0.0
4219,4,62,3,M,3,0.8437330021442033,0.9035306527486374,0.1,0.9035306527486374,0.0004922988269058376,0.08118295458386696,0.8432720602165945,0.9014724014645092,0.0,0.0
4220,4,63,3,M,0,0.1007293274735114,0.14958773598806266,0.1,0.14958773598806266,0.0004940581922104337,0.08118295458386696,0.10191239291496731,0.14829571689539098,0.0,0.0
4221,4,63,3,M,1,0.3084714373198783,0.22035499404722367,0.36,0.22035499404722367,0.0007649895292152348,0.08118295458386696,0.3083546534387158,0.22416658159996658,0.0,0.0
4222,4,63,3,M,2,0.7947233815507418,0.6889296384515772,0.64,0.6889296384515772,0.0007614532063139473,0.08118295458386696,0.7947257456069133,0.6860432198362266,0.0,0.0
4223,4,63,3,M,3,0.8432720602165945,0.9014724014645092,0.1,0.9014724014645092,0.0004922988269058376,0.08118295458386696,0.8429836766703614,0.9001988452871454,0.0,0.0
4224,4,64,3,M,0,0.10191239291496731,0.14829571689539098,0.1,0.14829571689539098,0.0004940581922104337,0.08118295458386696,0.10293419374291612,0.14773555108206549,0.0,0.0
4225,4,64,3,M,1,0.3083546534387158,0.22416658159996658,0.36,0.22416658159996658,0.0007649895292152348,0.08118295458386696,0.30893938176841546,0.22661993692423368,0.0,0.0
4226,4,64,3,M,2,0.7947257456069133,0.6860432198362266,0.64,0.6860432198362266,0.0007614532063139473,0.08118295458386696,0.7954894462468742,0.6837030842887185,0.0,0.0
4227,4,64,3,M,3,0.8429836766703614,0.9001988452871454,0.1,0.9001988452871454,0.0004922988269058376,0.08118295458386696,0.8423436929108181,0.8993292264626864,0.0,0.0
4228,4,65,3,M,0,0.10293419374291612,0.14773555108206549,0.1,0.14773555108206549,0.0004940581922104337,0.08118295458386696,0.10347486207798579,0.1467429848091776,0.0,0.0
4229,4,65,3,M,1,0.30893938176841546,0.22661993692423368,0.36,0.22661993692423368,0.0007649895292152348,0.08118295458386696,0.30842087379762056,0.22915589665948619,0.0,0.0
4230,4,65,3,M,2,0.7954894462468742,0.6837030842887185,0.64,0.6837030842887185,0.0007614532063139473,0.08118295458386696,0.7970623816884904,0.6820798580780189,0.0,0.0
4231,4,65,3,M,3,0.8423436929108181,0.8993292264626864,0.1,0.8993292264626864,0.0004922988269058376,0.08118295458386696,0.8414986201020724,0.8988616587890107,0.0,0.0
4232,4,66,3,M,0,0.10347486207798579,0.1467429848091776,0.1,0.1467429848091776,0.0004940581922104337,0.08118295458386696,0.10460063204875839,0.14574484546514,0.0,0.0
4233,4,66,3,M,1,0.30842087379762056,0.22915589665948619,0.36,0.22915589665948619,0.0007649895292152348,0.08118295458386696,0.30842820449139585,0.23278356287931515,0.0,0.0
4234,4,66,3,M,2,0.7970623816884904,0.6820798580780189,0.64,0.6820798580780189,0.0007614532063139473,0.08118295458386696,0.7991336688660674,0.6806522390802948,0.0,0.0
4235,4,66,3,M,3,0.8414986201020724,0.8988616587890107,0.1,0.8988616587890107,0.0004922988269058376,0.08118295458386696,0.8406552229985239,0.8986329093452604,0.0,0.0
4236,4,67,3,M,0,0.10460063204875839,0.14574484546514,0.1,0.14574484546514,0.0004940581922104337,0.08118295458386696,0.10509116035042661,0.1440360092329709,0.0,0.0
4237,4,67,3,M,1,0.30842820449139585,0.23278356287931515,0.36,0.23278356287931515,0.0007649895292152348,0.08118295458386696,0.3067361915566643,0.2363908707452629,0.0,0.0
4238,4,67,3,M,2,0.7991336688660674,0.6806522390802948,0.64,0.6806522390802948,0.0007614532063139473,0.08118295458386696,0.8007404807087012,0.6800520568098731,0.0,0.0
4239,4,67,3,M,3,0.8406552229985239,0.8986329093452604,0.1,0.8986329093452604,0.0004922988269058376,0.08118295458386696,0.8401218342402592,0.8985766175748053,0.0,0.0
4240,4,68,3,M,0,0.10509116035042661,0.1440360092329709,0.1,0.1440360092329709,0.0004940581922104337,0.08118295458386696,0.10561117866927561,0.14237768218596134,0.0,0.0
4241,4,68,3,M,1,0.3067361915566643,0.2363908707452629,0.36,0.2363908707452629,0.0007649895292152348,0.08118295458386696,0.30487170329100516,0.2397146043183133,0.0,0.0
4242,4,68,3,M,2,0.8007404807087012,0.6800520568098731,0.64,0.6800520568098731,0.0007614532063139473,0.08118295458386696,0.8035848055019955,0.6796382251845031,0.0,0.0
4243,4,68,3,M,3,0.8401218342402592,0.8985766175748053,0.1,0.8985766175748053,0.0004922988269058376,0.08118295458386696,0.8389773235405154,0.8989249727230493,0.0,0.0
4244,4,69,3,M,0,0.10561117866927561,0.14237768218596134,0.1,0.14237768218596134,0.0004940581922104337,0.08118295458386696,0.1062053449024988,0.14172392766118694,0.0,0.0
4245,4,69,3,M,1,0.30487170329100516,0.2397146043183133,0.36,0.2397146043183133,0.0007649895292152348,0.08118295458386696,0.30449199227458995,0.24203001944095434,0.0,0.0
4246,4,69,3,M,2,0.8035848055019955,0.6796382251845031,0.64,0.6796382251845031,0.0007614532063139473,0.08118295458386696,0.8070028748522317,0.6784459648361284,0.0,0.0
4247,4,69,3,M,3,0.8389773235405154,0.8989249727230493,0.1,0.8989249727230493,0.0004922988269058376,0.08118295458386696,0.8375080412155034,0.8989091583635818,0.0,0.0
4248,4,70,3,M,0,0.1062053449024988,0.14172392766118694,0.1,0.14172392766118694,0.0004940581922104337,0.08118295458386696,0.10846486721536892,0.14017351922894775,0.0,0.0
4249,4,70,3,M,1,0.30449199227458995,0.24203001944095434,0.36,0.24203001944095434,0.0007649895292152348,0.08118295458386696,0.3048010692483114,0.2481635168222185,0.0,0.0
4250,4,70,3,M,2,0.8070028748522317,0.6784459648361284,0.64,0.6784459648361284,0.0007614532063139473,0.08118295458386696,0.8100374901836825,0.6783918517073669,0.0,0.0
4251,4,70,3,M,3,0.8375080412155034,0.8989091583635818,0.1,0.8989091583635818,0.0004922988269058376,0.08118295458386696,0.8363730459004873,0.8992486989399533,0.0,0.0
4252,4,71,3,M,0,0.10846486721536892,0.14017351922894775,0.1,0.14017351922894775,0.0004940581922104337,0.08118295458386696,0.10932969578775362,0.13780269666298814,0.0,0.0
4253,4,71,3,M,1,0.3048010692483114,0.2481635168222185,0.36,0.2481635168222185,0.0007649895292152348,0.08118295458386696,0.3020044130474,0.25299843520819965,0.0,0.0
4254,4,71,3,M,2,0.8100374901836825,0.6783918517073669,0.64,0.6783918517073669,0.0007614532063139473,0.08118295458386696,0.8121832084646821,0.6772196060631481,0.0,0.0
4255,4,71,3,M,3,0.8363730459004873,0.8992486989399533,0.1,0.8992486989399533,0.0004922988269058376,0.08118295458386696,0.8356472115606244,0.8988413222715367,0.0,0.0
4256,4,72,3,M,0,0.10932969578775362,0.13780269666298814,0.1,0.13780269666298814,0.0004940581922104337,0.08118295458386696,0.11023097249723064,0.13525684334773502,0.0,0.0
4257,4,72,3,M,1,0.3020044130474,0.25299843520819965,0.36,0.25299843520819965,0.0007649895292152348,0.08118295458386696,0.29846734334605485,0.2576519029607664,0.0,0.0
4258,4,72,3,M,2,0.8121832084646821,0.6772196060631481,0.64,0.6772196060631481,0.0007614532063139473,0.08118295458386696,0.8140792386097132,0.675892213539465,0.0,0.0
4259,4,72,3,M,3,0.8356472115606244,0.8988413222715367,0.1,0.8988413222715367,0.0004922988269058376,0.08118295458386696,0.8349805137499561,0.8984687573368795,0.0,0.0
4260,4,73,3,M,0,0.11023097249723064,0.13525684334773502,0.1,0.13525684334773502,0.0004940581922104337,0.08118295458386696,0.11199653572870064,0.1329919133797832,0.0,0.0
4261,4,73,3,M,1,0.29846734334605485,0.2576519029607664,0.36,0.2576519029607664,0.0007649895292152348,0.08118295458386696,0.2955566840916972,0.2633355376021142,0.0,0.0
4262,4,73,3,M,2,0.8140792386097132,0.675892213539465,0.64,0.675892213539465,0.0007614532063139473,0.08118295458386696,0.8165872761939972,0.6755476117669765,0.0,0.0
4263,4,73,3,M,3,0.8349805137499561,0.8984687573368795,0.1,0.8984687573368795,0.0004922988269058376,0.08118295458386696,0.8340873560341225,0.898713907197778,0.0,0.0
4264,4,74,3,M,0,0.11199653572870064,0.1329919133797832,0.1,0.1329919133797832,0.0004940581922104337,0.08118295458386696,0.11333038157238087,0.13062236555844414,0.0,0.0
4265,4,74,3,M,1,0.2955566840916972,0.2633355376021142,0.36,0.2633355376021142,0.0007649895292152348,0.08118295458386696,0.29215026010575657,0.26813347769273516,0.0,0.0
4266,4,74,3,M,2,0.8165872761939972,0.6755476117669765,0.64,0.6755476117669765,0.0007614532063139473,0.08118295458386696,0.8181903968766476,0.6746809354434182,0.0,0.0
4267,4,74,3,M,3,0.8340873560341225,0.898713907197778,0.1,0.898713907197778,0.0004922988269058376,0.08118295458386696,0.8336404488300215,0.8984712697242476,0.0,0.0
4268,4,75,3,M,0,0.11333038157238087,0.13062236555844414,0.1,0.13062236555844414,0.0004940581922104337,0.08118295458386696,0.11507180868340292,0.12855571152694506,0.0,0.0
4269,4,75,3,M,1,0.29215026010575657,0.26813347769273516,0.36,0.26813347769273516,0.0007649895292152348,0.08118295458386696,0.28899196736724286,0.27328212459273316,0.0,0.0
4270,4,75,3,M,2,0.8181903968766476,0.6746809354434182,0.64,0.6746809354434182,0.0007614532063139473,0.08118295458386696,0.8209463945871667,0.6744459839338547,0.0,0.0
4271,4,75,3,M,3,0.8336404488300215,0.8984712697242476,0.1,0.8984712697242476,0.0004922988269058376,0.08118295458386696,0.8326616683740882,0.8987051806381801,0.0,0.0
4272,4,76,3,M,0,0.11507180868340292,0.12855571152694506,0.1,0.12855571152694506,0.0004940581922104337,0.08118295458386696,0.11667780719336629,0.1261889272381218,0.0,0.0
4273,4,76,3,M,1,0.28899196736724286,0.27328212459273316,0.36,0.27328212459273316,0.0007649895292152348,0.08118295458386696,0.2851730866356145,0.27779764409945956,0.0,0.0
4274,4,76,3,M,2,0.8209463945871667,0.6744459839338547,0.64,0.6744459839338547,0.0007614532063139473,0.08118295458386696,0.8238786815548105,0.6745578110253349,0.0,0.0
4275,4,76,3,M,3,0.8326616683740882,0.8987051806381801,0.1,0.8987051806381801,0.0004922988269058376,0.08118295458386696,0.8315011583640198,0.8989710140096345,0.0,0.0
4276,4,77,3,M,0,0.11667780719336629,0.1261889272381218,0.1,0.1261889272381218,0.0004940581922104337,0.08118295458386696,0.11895319007068517,0.12433379908913002,0.0,0.0
4277,4,77,3,M,1,0.2851730866356145,0.27779764409945956,0.36,0.27779764409945956,0.0007649895292152348,0.08118295458386696,0.282040800295623,0.2833932019449752,0.0,0.0
4278,4,77,3,M,2,0.8238786815548105,0.6745578110253349,0.64,0.6745578110253349,0.0007614532063139473,0.08118295458386696,0.829620513614021,0.6763990054477212,0.0,0.0
4279,4,77,3,M,3,0.8315011583640198,0.8989710140096345,0.1,0.8989710140096345,0.0004922988269058376,0.08118295458386696,0.8289962312062069,0.900276367218446,0.0,0.0
4280,4,78,3,M,0,0.11895319007068517,0.12433379908913002,0.1,0.12433379908913002,0.0004940581922104337,0.08118295458386696,0.12257845876504829,0.12333385723321197,0.0,0.0
4281,4,78,3,M,1,0.282040800295623,0.2833932019449752,0.36,0.2833932019449752,0.0007649895292152348,0.08118295458386696,0.28041708460979603,0.2919294478640286,0.0,0.0
4282,4,78,3,M,2,0.829620513614021,0.6763990054477212,0.64,0.6763990054477212,0.0007614532063139473,0.08118295458386696,0.830910564982567,0.6761316369535867,0.0,0.0
4283,4,78,3,M,3,0.8289962312062069,0.900276367218446,0.1,0.900276367218446,0.0004922988269058376,0.08118295458386696,0.8288045895215007,0.9002095555118567,0.0,0.0
4284,4,79,3,M,0,0.12257845876504829,0.12333385723321197,0.1,0.12333385723321197,0.0004940581922104337,0.08118295458386696,0.12423672956265407,0.1219478209200268,0.0,0.0
4285,4,79,3,M,1,0.28041708460979603,0.2919294478640286,0.36,0.2919294478640286,0.0007649895292152348,0.08118295458386696,0.2774111867208555,0.2961558551470436,0.0,0.0
4286,4,79,3,M,2,0.830910564982567,0.6761316369535867,0.64,0.6761316369535867,0.0007614532063139473,0.08118295458386696,0.8314271053631868,0.6759381134515127,0.0,0.0
4287,4,79,3,M,3,0.8288045895215007,0.9002095555118567,0.9,0.9002095555118567,0.0004922387123834499,0.08118295458386696,0.8289754781614843,0.9002091947463053,0.0,0.0
4288,4,80,3,M,0,0.12423672956265407,0.1219478209200268,0.1,0.1219478209200268,0.0004940581922104337,0.08118295458386696,0.1263374900599263,0.12028522572202081,0.0,0.0
4289,4,80,3,M,1,0.2774111867208555,0.2961558551470436,0.36,0.2961558551470436,0.0007649895292152348,0.08118295458386696,0.2734665186676513,0.30064141320658494,0.0,0.0
4290,4,80,3,M,2,0.8314271053631868,0.6759381134515127,0.64,0.6759381134515127,0.0007614532063139473,0.08118295458386696,0.8316438654221379,0.6757274001536656,0.0,0.0
4291,4,80,3,M,3,0.8289754781614843,0.9002091947463053,0.9,0.9002091947463053,0.0004922387123834499,0.08118295458386696,0.8290565345955919,0.9002090748865198,0.0,0.0
4292,4,81,3,M,0,0.1263374900599263,0.12028522572202081,0.1,0.12028522572202081,0.0004940581922104337,0.08118295458386696,0.1285385352555232,0.11854246881373451,0.0,0.0
4293,4,81,3,M,1,0.2734665186676513,0.30064141320658494,0.36,0.30064141320658494,0.0007649895292152348,0.08118295458386696,0.2686319239574187,0.30493646927345563,0.0,0.0
4294,4,81,3,M,2,0.8316438654221379,0.6757274001536656,0.64,0.6757274001536656,0.0007614532063139473,0.08118295458386696,0.8315172128005962,0.6752740718826179,0.0,0.0
4295,4,81,3,M,3,0.8290565345955919,0.9002090748865198,0.9,0.9002090748865198,0.0004922387123834499,0.08118295458386696,0.8292101818287981,0.9001931329686029,0.0,0.0
4296,4,82,3,M,0,0.1285385352555232,0.11854246881373451,0.1,0.11854246881373451,0.0004940581922104337,0.08118295458386696,0.13147552691518608,0.11753361004658283,0.0,0.0
4297,4,82,3,M,1,0.2686319239574187,0.30493646927345563,0.36,0.30493646927345563,0.0007649895292152348,0.08118295458386696,0.26471401461312727,0.31067510526009057,0.0,0.0
4298,4,82,3,M,2,0.8315172128005962,0.6752740718826179,0.64,0.6752740718826179,0.0007614532063139473,0.08118295458386696,0.8315251710524679,0.6749952880230525,0.0,0.0
4299,4,82,3,M,3,0.8292101818287981,0.9001931329686029,0.9,0.9001931329686029,0.0004922387123834499,0.08118295458386696,0.8292101818287982,0.900193132968603,0.0,0.0
4300,4,83,3,M,0,0.13147552691518608,0.11753361004658283,0.1,0.11753361004658283,0.0004940581922104337,0.08118295458386696,0.13381105987377212,0.1161438162989896,0.0,0.0
4301,4,83,3,M,1,0.26471401461312727,0.31067510526009057,0.36,0.31067510526009057,0.0007649895292152348,0.08118295458386696,0.2600566624591635,0.3152936223392107,0.0,0.0
4302,4,83,3,M,2,0.8315251710524679,0.6749952880230525,0.64,0.6749952880230525,0.0007614532063139473,0.08118295458386696,0.8318252228967598,0.6745887418105274,0.0,0.0
4303,4,83,3,M,3,0.8292101818287982,0.900193132968603,0.9,0.900193132968603,0.0004922387123834499,0.08118295458386696,0.8293762469472113,0.9002151768947053,0.0,0.0
4304,4,84,3,M,0,0.13381105987377212,0.1161438162989896,0.1,0.1161438162989896,0.0004940581922104337,0.08118295458386696,0.13614280805769371,0.11493445064209387,0.0,0.0
4305,4,84,3,M,1,0.2600566624591635,0.3152936223392107,0.36,0.3152936223392107,0.0007649895292152348,0.08118295458386696,0.2551965455057629,0.31944831716814165,0.0,0.0
4306,4,84,3,M,2,0.8318252228967598,0.6745887418105274,0.64,0.6745887418105274,0.0007614532063139473,0.08118295458386696,0.8317339908601205,0.6741749735061635,0.0,0.0
4307,4,84,3,M,3,0.8293762469472113,0.9002151768947053,0.9,0.9002151768947053,0.0004922387123834499,0.08118295458386696,0.8295713778307081,0.9001988163847957,0.0,0.0
4308,4,85,3,M,0,0.13614280805769371,0.11493445064209387,0.1,0.11493445064209387,0.0004940581922104337,0.08118295458386696,0.13877322932653358,0.11353317079860747,0.0,0.0
4309,4,85,3,M,1,0.2551965455057629,0.31944831716814165,0.36,0.31944831716814165,0.0007649895292152348,0.08118295458386696,0.24934004078228889,0.3233437515534445,0.0,0.0
4310,4,85,3,M,2,0.8317339908601205,0.6741749735061635,0.64,0.6741749735061635,0.0007614532063139473,0.08118295458386696,0.8316879481057033,0.6736498782645938,0.0,0.0
4311,4,85,3,M,3,0.8295713778307081,0.9001988163847957,0.9,0.9001988163847957,0.0004922387123834499,0.08118295458386696,0.8295713778307081,0.9001988163847958,0.0,0.0
4312,4,86,3,M,0,0.13877322932653358,0.11353317079860747,0.1,0.11353317079860747,0.0004940581922104337,0.08118295458386696,0.14177570377354126,0.11222214705169714,0.0,0.0
4313,4,86,3,M,1,0.24934004078228889,0.3233437515534445,0.36,0.3233437515534445,0.0007649895292152348,0.08118295458386696,0.24287796481807633,0.3273916438390803,0.0,0.0
4314,4,86,3,M,2,0.8316879481057033,0.6736498782645938,0.64,0.6736498782645938,0.0007614532063139473,0.08118295458386696,0.8314911270168648,0.6732371280232924,0.0,0.0
4315,4,86,3,M,3,0.8295713778307081,0.9001988163847958,0.9,0.9001988163847958,0.0004922387123834499,0.08118295458386696,0.8295713778307081,0.9001988163847959,0.0,0.0
4316,4,87,3,M,0,0.14177570377354126,0.11222214705169714,0.1,0.11222214705169714,0.0004940581922104337,0.08118295458386696,0.14397424447759208,0.11172452655008268,0.0,0.0
4317,4,87,3,M,1,0.24287796481807633,0.3273916438390803,0.36,0.3273916438390803,0.0007649895292152348,0.08118295458386696,0.2383885936891914,0.3308453530885894,0.0,0.0
4318,4,87,3,M,2,0.8314911270168648,0.6732371280232924,0.64,0.6732371280232924,0.0007614532063139473,0.08118295458386696,0.8313569673262062,0.6726638107711125,0.0,0.0
4319,4,87,3,M,3,0.8295713778307081,0.9001988163847959,0.9,0.9001988163847959,0.0004922387123834499,0.08118295458386696,0.8295713778307081,0.9001988163847958,0.0,0.0
4320,4,88,3,M,0,0.14397424447759208,0.11172452655008268,0.1,0.11172452655008268,0.0004940581922104337,0.08118295458386696,0.14656056549652738,0.11126079436057154,0.0,0.0
4321,4,88,3,M,1,0.2383885936891914,0.3308453530885894,0.36,0.3308453530885894,0.0007649895292152348,0.08118295458386696,0.23333759801230206,0.33517872150743666,0.0,0.0
4322,4,88,3,M,2,0.8313569673262062,0.6726638107711125,0.64,0.6726638107711125,0.0007614532063139473,0.08118295458386696,0.8313530741677966,0.6723162540300829,0.0,0.0
4323,4,88,3,M,3,0.8295713778307081,0.9001988163847958,0.9,0.9001988163847958,0.0004922387123834499,0.08118295458386696,0.8297538939501538,0.9001829601622081,0.0,0.0
4324,4,89,3,M,0,0.14656056549652738,0.11126079436057154,0.1,0.11126079436057154,0.0004940581922104337,0.08118295458386696,0.1493794012181679,0.11052590302432451,0.0,0.0
4325,4,89,3,M,1,0.23333759801230206,0.33517872150743666,0.36,0.33517872150743666,0.0007649895292152348,0.08118295458386696,0.22701316691085732,0.3388571106750907,0.0,0.0
4326,4,89,3,M,2,0.8313530741677966,0.6723162540300829,0.64,0.6723162540300829,0.0007614532063139473,0.08118295458386696,0.8312095512918215,0.6718402498919966,0.0,0.0
4327,4,89,3,M,3,0.8297538939501538,0.9001829601622081,0.9,0.9001829601622081,0.0004922387123834499,0.08118295458386696,0.8298400291695809,0.9001899909914125,0.0,0.0
4328,4,90,3,M,0,0.1493794012181679,0.11052590302432451,0.1,0.11052590302432451,0.0004940581922104337,0.08118295458386696,0.15175021774836636,0.11073272951168694,0.0,0.0
4329,4,90,3,M,1,0.22701316691085732,0.3388571106750907,0.36,0.3388571106750907,0.0007649895292152348,0.08118295458386696,0.2224516287026365,0.34318089662207013,0.0,0.0
4330,4,90,3,M,2,0.8312095512918215,0.6718402498919966,0.64,0.6718402498919966,0.0007614532063139473,0.08118295458386696,0.8310041563103836,0.6713855817761071,0.0,0.0
4331,4,90,3,M,3,0.8298400291695809,0.9001899909914125,0.9,0.9001899909914125,0.0004922387123834499,0.08118295458386696,0.8299337717457632,0.9002078795554295,0.0,0.0
4332,4,91,3,M,0,0.15175021774836636,0.11073272951168694,0.1,0.11073272951168694,0.0004940581922104337,0.08118295458386696,0.15450512231579244,0.11009210592509015,0.0,0.0
4333,4,91,3,M,1,0.2224516287026365,0.34318089662207013,0.36,0.34318089662207013,0.0007649895292152348,0.08118295458386696,0.21584859178912078,0.3459834572249208,0.0,0.0
4334,4,91,3,M,2,0.8310041563103836,0.6713855817761071,0.64,0.6713855817761071,0.0007614532063139473,0.08118295458386696,0.8309515313744279,0.6710165384050065,0.0,0.0
4335,4,91,3,M,3,0.8299337717457632,0.9002078795554295,0.9,0.9002078795554295,0.0004922387123834499,0.08118295458386696,0.8299337717457631,0.9002078795554295,0.0,0.0
4336,4,92,3,M,0,0.15450512231579244,0.11009210592509015,0.1,0.11009210592509015,0.0004940581922104337,0.08118295458386696,0.15677789850988302,0.10955224587993326,0.0,0.0
4337,4,92,3,M,1,0.21584859178912078,0.3459834572249208,0.36,0.3459834572249208,0.0007649895292152348,0.08118295458386696,0.2100385789002718,0.34792200872326456,0.0,0.0
4338,4,92,3,M,2,0.8309515313744279,0.6710165384050065,0.64,0.6710165384050065,0.0007614532063139473,0.08118295458386696,0.8307354670405442,0.6706376244883521,0.0,0.0
4339,4,92,3,M,3,0.8299337717457631,0.9002078795554295,0.9,0.9002078795554295,0.0004922387123834499,0.08118295458386696,0.8300052134120606,0.9001978131612466,0.0,0.0
4340,4,93,3,M,0,0.15677789850988302,0.10955224587993326,0.1,0.10955224587993326,0.0004940581922104337,0.08118295458386696,0.1587519150772898,0.1097969457750891,0.0,0.0
4341,4,93,3,M,1,0.2100385789002718,0.34792200872326456,0.36,0.34792200872326456,0.0007649895292152348,0.08118295458386696,0.20543581514589832,0.35075983145226775,0.0,0.0
4342,4,93,3,M,2,0.8307354670405442,0.6706376244883521,0.64,0.6706376244883521,0.0007614532063139473,0.08118295458386696,0.830476774701523,0.6702488267539444,0.0,0.0
4343,4,93,3,M,3,0.8300052134120606,0.9001978131612466,0.9,0.9001978131612466,0.0004922387123834499,0.08118295458386696,0.8300348314203025,0.9001949095439927,0.0,0.0
4344,4,94,3,M,0,0.1587519150772898,0.1097969457750891,0.1,0.1097969457750891,0.0004940581922104337,0.08118295458386696,0.16026535617949123,0.1095862963976754,0.0,0.0
4345,4,94,3,M,1,0.20543581514589832,0.35075983145226775,0.36,0.35075983145226775,0.0007649895292152348,0.08118295458386696,0.2016280684542302,0.3520590103300408,0.0,0.0
4346,4,94,3,M,2,0.830476774701523,0.6702488267539444,0.64,0.6702488267539444,0.0007614532063139473,0.08118295458386696,0.8305032099279397,0.6699987173348922,0.0,0.0
4347,4,94,3,M,3,0.8300348314203025,0.9001949095439927,0.9,0.9001949095439927,0.0004922387123834499,0.08118295458386696,0.8300609968567303,0.9001931443641961,0.0,0.0
4348,4,95,3,M,0,0.16026535617949123,0.1095862963976754,0.1,0.1095862963976754,0.0004940581922104337,0.08118295458386696,0.16185599701426842,0.10975347741180744,0.0,0.0
4349,4,95,3,M,1,0.2016280684542302,0.3520590103300408,0.36,0.3520590103300408,0.0007649895292152348,0.08118295458386696,0.19812292772702952,0.3538185031910941,0.0,0.0
4350,4,95,3,M,2,0.8305032099279397,0.6699987173348922,0.64,0.6699987173348922,0.0007614532063139473,0.08118295458386696,0.8305141878446791,0.6700533568347732,0.0,0.0
4351,4,95,3,M,3,0.8300609968567303,0.9001931443641961,0.9,0.9001931443641961,0.0004922387123834499,0.08118295458386696,0.8300609968567302,0.9001931443641961,0.0,0.0
4352,4,96,3,M,0,0.16185599701426842,0.10975347741180744,0.1,0.10975347741180744,0.0004940581922104337,0.08118295458386696,0.16300701008275242,0.10948292325969892,0.0,0.0
4353,4,96,3,M,1,0.19812292772702952,0.3538185031910941,0.36,0.3538185031910941,0.0007649895292152348,0.08118295458386696,0.19522203571031332,0.35411973693251286,0.0,0.0
4354,4,96,3,M,2,0.8305141878446791,0.6700533568347732,0.64,0.6700533568347732,0.0007614532063139473,0.08118295458386696,0.830514187844679,0.6700533568347731,0.0,0.0
4355,4,96,3,M,3,0.8300609968567302,0.9001931443641961,0.9,0.9001931443641961,0.0004922387123834499,0.08118295458386696,0.8300849311221621,0.90019231276452,0.0,0.0
4356,4,97,3,M,0,0.16300701008275242,0.10948292325969892,0.1,0.10948292325969892,0.0004940581922104337,0.08118295458386696,0.1639939979540337,0.10941414522491441,0.0,0.0
4357,4,97,3,M,1,0.19522203571031332,0.35411973693251286,0.36,0.35411973693251286,0.0007649895292152348,0.08118295458386696,0.19131271455010204,0.3539321764933988,0.0,0.0
4358,4,97,3,M,2,0.830514187844679,0.6700533568347731,0.64,0.6700533568347731,0.0007614532063139473,0.08118295458386696,0.8292628081703525,0.6694016083686841,0.0,0.0
4359,4,97,3,M,3,0.8300849311221621,0.90019231276452,0.9,0.90019231276452,0.0004922387123834499,0.08118295458386696,0.8300849311221621,0.9001923127645203,0.0,0.0
4360,4,98,3,M,0,0.1639939979540337,0.10941414522491441,0.1,0.10941414522491441,0.0004940581922104337,0.08118295458386696,0.16472442489241143,0.1097878638659759,0.0,0.0
4361,4,98,3,M,1,0.19131271455010204,0.3539321764933988,0.36,0.3539321764933988,0.0007649895292152348,0.08118295458386696,0.18972710983859364,0.35527439124488114,0.0,0.0
4362,4,98,3,M,2,0.8292628081703525,0.6694016083686841,0.64,0.6694016083686841,0.0007614532063139473,0.08118295458386696,0.8292628081703525,0.6694016083686841,0.0,0.0
4363,4,98,3,M,3,0.8300849311221621,0.9001923127645203,0.9,0.9001923127645203,0.0004922387123834499,0.08118295458386696,0.8300849311221621,0.90019231276452,0.0,0.0
4364,4,99,3,M,0,0.16472442489241143,0.1097878638659759,0.1,0.1097878638659759,0.0004940581922104337,0.08118295458386696,0.1651364546573202,0.11004373503357012,0.0,0.0
4365,4,99,3,M,1,0.18972710983859364,0.35527439124488114,0.36,0.35527439124488114,0.0007649895292152348,0.08118295458386696,0.18883291335330635,0.3561268613250328,0.0,0.0
4366,4,99,3,M,2,0.8292628081703525,0.6694016083686841,0.64,0.6694016083686841,0.0007614532063139473,0.08118295458386696,0.8292628081703526,0.6694016083686842,0.0,0.0
4367,4,99,3,M,3,0.8300849311221621,0.90019231276452,0.9,0.90019231276452,0.0004922387123834499,0.08118295458386696,0.8300849311221621,0.9001923127645202,0.0,0.0
4368,4,100,3,M,0,0.1651364546573202,0.11004373503357012,0.1,0.11004373503357012,0.0004940581922104337,0.08118295458386696,0.16529620046268476,0.11008551840959412,0.0,0.0
4369,4,100,3,M,1,0.18883291335330635,0.3561268613250328,0.36,0.3561268613250328,0.0007649895292152348,0.08118295458386696,0.1884542394656032,0.3563114860318462,0.0,0.0
4370,4,100,3,M,2,0.8292628081703526,0.6694016083686842,0.64,0.6694016083686842,0.0007614532063139473,0.08118295458386696,0.8292628081703524,0.6694016083686841,0.0,0.0
4371,4,100,3,M,3,0.8300849311221621,0.9001923127645202,0.9,0.9001923127645202,0.0004922387123834499,0.08118295458386696,0.830084931122162,0.9001923127645202,0.0,0.0
4372,4,101,3,M,0,0.16529620046268476,0.11008551840959412,0.1,0.11008551840959412,0.0004940581922104337,0.08118295458386696,0.16529620046268476,0.1100855184095941,0.0,0.0
4373,4,101,3,M,1,0.1884542394656032,0.3563114860318462,0.36,0.3563114860318462,0.0007649895292152348,0.08118295458386696,0.18845423946560316,0.3563114860318462,0.0,0.0
4374,4,101,3,M,2,0.8292628081703524,0.6694016083686841,0.64,0.6694016083686841,0.0007614532063139473,0.08118295458386696,0.8292628081703525,0.6694016083686842,0.0,0.0
4375,4,101,3,M,3,0.830084931122162,0.9001923127645202,0.9,0.9001923127645202,0.0004922387123834499,0.08118295458386696,0.8300849311221622,0.9001923127645203,0.0,0.0
4376,4,102,3,M,0,0.16529620046268476,0.1100855184095941,0.1,0.1100855184095941,0.0004940581922104337,0.08118295458386696,0.16529620046268476,0.1100855184095941,0.0,0.0
4377,4,102,3,M,1,0.18845423946560316,0.3563114860318462,0.36,0.3563114860318462,0.0007649895292152348,0.08118295458386696,0.18845423946560316,0.3563114860318462,0.0,0.0
4378,4,102,3,M,2,0.8292628081703525,0.6694016083686842,0.64,0.6694016083686842,0.0007614532063139473,0.08118295458386696,0.8292628081703526,0.6694016083686842,0.0,0.0
4379,4,102,3,M,3,0.8300849311221622,0.9001923127645203,0.9,0.9001923127645203,0.0004922387123834499,0.08118295458386696,0.830084931122162,0.9001923127645202,0.0,0.0
4380,4,103,3,M,0,0.16529620046268476,0.1100855184095941,0.1,0.1100855184095941,0.0004940581922104337,0.08118295458386696,0.16529620046268478,0.11008551840959413,0.0,0.0
4381,4,103,3,M,1,0.18845423946560316,0.3563114860318462,0.36,0.3563114860318462,0.0007649895292152348,0.08118295458386696,0.18845423946560316,0.3563114860318462,0.0,0.0
4382,4,103,3,M,2,0.8292628081703526,0.6694016083686842,0.64,0.6694016083686842,0.0007614532063139473,0.08118295458386696,0.8292628081703525,0.6694016083686841,0.0,0.0
4383,4,103,3,M,3,0.830084931122162,0.9001923127645202,0.9,0.9001923127645202,0.0004922387123834499,0.08118295458386696,0.8300849311221621,0.90019231276452,0.0,0.0
4384,4,104,3,M,0,0.16529620046268478,0.11008551840959413,0.1,0.11008551840959413,0.0004940581922104337,0.08118295458386696,0.16529620046268478,0.11008551840959413,0.0,0.0
4385,4,104,3,M,1,0.18845423946560316,0.3563114860318462,0.36,0.3563114860318462,0.0007649895292152348,0.08118295458386696,0.1884542394656032,0.35631148603184626,0.0,0.0
4386,4,104,3,M,2,0.8292628081703525,0.6694016083686841,0.64,0.6694016083686841,0.0007614532063139473,0.08118295458386696,0.8292628081703525,0.6694016083686842,0.0,0.0
4387,4,104,3,M,3,0.8300849311221621,0.90019231276452,0.9,0.90019231276452,0.0004922387123834499,0.08118295458386696,0.8300849311221622,0.9001923127645203,0.0,0.0
4388,4,105,3,M,0,0.16529620046268478,0.11008551840959413,0.1,0.11008551840959413,0.0004940581922104337,0.08118295458386696,0.16529620046268478,0.11008551840959412,0.0,0.0
4389,4,105,3,M,1,0.1884542394656032,0.35631148603184626,0.36,0.35631148603184626,0.0007649895292152348,0.08118295458386696,0.18845423946560316,0.3563114860318462,0.0,0.0
4390,4,105,3,M,2,0.8292628081703525,0.6694016083686842,0.64,0.6694016083686842,0.0007614532063139473,0.08118295458386696,0.8292628081703524,0.6694016083686841,0.0,0.0
4391,4,105,3,M,3,0.8300849311221622,0.9001923127645203,0.9,0.9001923127645203,0.0004922387123834499,0.08118295458386696,0.830084931122162,0.9001923127645202,0.0,0.0
4392,4,106,3,M,0,0.16529620046268478,0.11008551840959412,0.1,0.11008551840959412,0.0004940581922104337,0.08118295458386696,0.16529620046268478,0.11008551840959413,0.0,0.0
4393,4,106,3,M,1,0.18845423946560316,0.3563114860318462,0.36,0.3563114860318462,0.0007649895292152348,0.08118295458386696,0.1884542394656032,0.35631148603184626,0.0,0.0
4394,4,106,3,M,2,0.8292628081703524,0.6694016083686841,0.64,0.6694016083686841,0.0007614532063139473,0.08118295458386696,0.8292628081703525,0.6694016083686842,0.0,0.0
4395,4,106,3,M,3,0.830084931122162,0.9001923127645202,0.9,0.9001923127645202,0.0004922387123834499,0.08118295458386696,0.830084931122162,0.9001923127645202,0.0,0.0
4396,4,107,3,M,0,0.16529620046268478,0.11008551840959413,0.1,0.11008551840959413,0.0004940581922104337,0.08118295458386696,0.16529620046268478,0.11008551840959412,0.0,0.0
4397,4,107,3,M,1,0.1884542394656032,0.35631148603184626,0.36,0.35631148603184626,0.0007649895292152348,0.08118295458386696,0.1884542394656032,0.35631148603184626,0.0,0.0
4398,4,107,3,M,2,0.8292628081703525,0.6694016083686842,0.64,0.6694016083686842,0.0007614532063139473,0.08118295458386696,0.8292628081703525,0.6694016083686842,0.0,0.0
4399,4,107,3,M,3,0.830084931122162,0.9001923127645202,0.9,0.9001923127645202,0.0004922387123834499,0.08118295458386696,0.830084931122162,0.9001923127645202,0.0,0.0
4400,4,108,3,M,0,0.16529620046268478,0.11008551840959412,0.1,0.11008551840959412,0.0004940581922104337,0.08118295458386696,0.16529620046268478,0.11008551840959412,0.0,0.0
4401,4,108,3,M,1,0.1884542394656032,0.35631148603184626,0.36,0.35631148603184626,0.0007649895292152348,0.08118295458386696,0.1884542394656032,0.35631148603184626,0.0,0.0
4402,4,108,3,M,2,0.8292628081703525,0.6694016083686842,0.64,0.6694016083686842,0.0007614532063139473,0.08118295458386696,0.8292628081703525,0.6694016083686842,0.0,0.0
4403,4,108,3,M,3,0.830084931122162,0.9001923127645202,0.9,0.9001923127645202,0.0004922387123834499,0.08118295458386696,0.830084931122162,0.9001923127645202,0.0,0.0
4404,4,109,3,M,0,0.16529620046268478,0.11008551840959412,0.1,0.11008551840959412,0.0004940581922104337,0.08118295458386696,0.16529620046268478,0.11008551840959412,0.0,0.0
4405,4,109,3,M,1,0.1884542394656032,0.35631148603184626,0.36,0.35631148603184626,0.0007649895292152348,0.08118295458386696,0.1884542394656032,0.35631148603184626,0.0,0.0
4406,4,109,3,M,2,0.8292628081703525,0.6694016083686842,0.64,0.6694016083686842,0.0007614532063139473,0.08118295458386696,0.8292628081703525,0.6694016083686842,0.0,0.0
4407,4,109,3,M,3,0.830084931122162,0.9001923127645202,0.9,0.9001923127645202,0.0004922387123834499,0.08118295458386696,0.830084931122162,0.9001923127645202,0.0,0.0
4408,4,110,3,M,0,0.16529620046268478,0.11008551840959412,0.1,0.11008551840959412,0.0004940581922104337,0.08118295458386696,0.16529620046268478,0.11008551840959412,0.0,0.0
4409,4,110,3,M,1,0.1884542394656032,0.35631148603184626,0.36,0.35631148603184626,0.0007649895292152348,0.08118295458386696,0.1884542394656032,0.35631148603184626,0.0,0.0
4410,4,110,3,M,2,0.8292628081703525,0.6694016083686842,0.64,0.6694016083686842,0.0007614532063139473,0.08118295458386696,0.8292628081703525,0.6694016083686842,0.0,0.0
4411,4,110,3,M,3,0.830084931122162,0.9001923127645202,0.9,0.9001923127645202,0.0004922387123834499,0.08118295458386696,0.830084931122162,0.9001923127645202,0.0,0.0
4412,4,111,3,M,0,0.16529620046268478,0.11008551840959412,0.1,0.11008551840959412,0.0004940581922104337,0.08118295458386696,0.16529620046268478,0.11008551840959412,0.0,0.0
4413,4,111,3,M,1,0.1884542394656032,0.35631148603184626,0.36,0.35631148603184626,0.0007649895292152348,0.08118295458386696,0.1884542394656032,0.35631148603184626,0.0,0.0
4414,4,111,3,M,2,0.8292628081703525,0.6694016083686842,0.64,0.6694016083686842,0.0007614532063139473,0.08118295458386696,0.8292628081703525,0.6694016083686842,0.0,0.0
4415,4,111,3,M,3,0.830084931122162,0.9001923127645202,0.9,0.9001923127645202,0.0004922387123834499,0.08118295458386696,0.830084931122162,0.9001923127645202,0.0,0.0
4416,4,112,3,M,0,0.16529620046268478,0.11008551840959412,0.1,0.11008551840959412,0.0004940581922104337,0.08118295458386696,0.16529620046268478,0.11008551840959412,0.0,0.0
4417,4,112,3,M,1,0.1884542394656032,0.35631148603184626,0.36,0.35631148603184626,0.0007649895292152348,0.08118295458386696,0.1884542394656032,0.35631148603184626,0.0,0.0
4418,4,112,3,M,2,0.8292628081703525,0.6694016083686842,0.64,0.6694016083686842,0.0007614532063139473,0.08118295458386696,0.8292628081703525,0.6694016083686842,0.0,0.0
4419,4,112,3,M,3,0.830084931122162,0.9001923127645202,0.9,0.9001923127645202,0.0004922387123834499,0.08118295458386696,0.830084931122162,0.9001923127645202,0.0,0.0
4420,4,113,3,M,0,0.16529620046268478,0.11008551840959412,0.1,0.11008551840959412,0.0004940581922104337,0.08118295458386696,0.16529620046268478,0.11008551840959412,0.0,0.0
4421,4,113,3,M,1,0.1884542394656032,0.35631148603184626,0.36,0.35631148603184626,0.0007649895292152348,0.08118295458386696,0.1884542394656032,0.35631148603184626,0.0,0.0
4422,4,113,3,M,2,0.8292628081703525,0.6694016083686842,0.64,0.6694016083686842,0.0007614532063139473,0.08118295458386696,0.8292628081703525,0.6694016083686842,0.0,0.0
4423,4,113,3,M,3,0.830084931122162,0.9001923127645202,0.9,0.9001923127645202,0.0004922387123834499,0.08118295458386696,0.830084931122162,0.9001923127645202,0.0,0.0
4424,4,114,3,M,0,0.16529620046268478,0.11008551840959412,0.1,0.11008551840959412,0.0004940581922104337,0.08118295458386696,0.16529620046268478,0.11008551840959412,0.0,0.0
4425,4,114,3,M,1,0.1884542394656032,0.35631148603184626,0.36,0.35631148603184626,0.0007649895292152348,0.08118295458386696,0.1884542394656032,0.35631148603184626,0.0,0.0
4426,4,114,3,M,2,0.8292628081703525,0.6694016083686842,0.64,0.6694016083686842,0.0007614532063139473,0.08118295458386696,0.8292628081703525,0.6694016083686842,0.0,0.0
4427,4,114,3,M,3,0.830084931122162,0.9001923127645202,0.9,0.9001923127645202,0.0004922387123834499,0.08118295458386696,0.830084931122162,0.9001923127645202,0.0,0.0
4428,4,115,3,M,0,0.16529620046268478,0.11008551840959412,0.1,0.11008551840959412,0.0004940581922104337,0.08118295458386696,0.16529620046268478,0.11008551840959412,0.0,0.0
4429,4,115,3,M,1,0.1884542394656032,0.35631148603184626,0.36,0.35631148603184626,0.0007649895292152348,0.08118295458386696,0.1884542394656032,0.35631148603184626,0.0,0.0
4430,4,115,3,M,2,0.8292628081703525,0.6694016083686842,0.64,0.6694016083686842,0.0007614532063139473,0.08118295458386696,0.8292628081703525,0.6694016083686842,0.0,0.0
4431,4,115,3,M,3,0.830084931122162,0.9001923127645202,0.9,0.9001923127645202,0.0004922387123834499,0.08118295458386696,0.830084931122162,0.9001923127645202,0.0,0.0
4432,4,116,3,M,0,0.16529620046268478,0.11008551840959412,0.1,0.11008551840959412,0.0004940581922104337,0.08118295458386696,0.16529620046268478,0.11008551840959412,0.0,0.0
4433,4,116,3,M,1,0.1884542394656032,0.35631148603184626,0.36,0.35631148603184626,0.0007649895292152348,0.08118295458386696,0.1884542394656032,0.35631148603184626,0.0,0.0
4434,4,116,3,M,2,0.8292628081703525,0.6694016083686842,0.64,0.6694016083686842,0.0007614532063139473,0.08118295458386696,0.8292628081703525,0.6694016083686842,0.0,0.0
4435,4,116,3,M,3,0.830084931122162,0.9001923127645202,0.9,0.9001923127645202,0.0004922387123834499,0.08118295458386696,0.830084931122162,0.9001923127645202,0.0,0.0
4436,4,117,3,M,0,0.16529620046268478,0.11008551840959412,0.1,0.11008551840959412,0.0004940581922104337,0.08118295458386696,0.16529620046268478,0.11008551840959412,0.0,0.0
4437,4,117,3,M,1,0.1884542394656032,0.35631148603184626,0.36,0.35631148603184626,0.0007649895292152348,0.08118295458386696,0.1884542394656032,0.35631148603184626,0.0,0.0
4438,4,117,3,M,2,0.8292628081703525,0.6694016083686842,0.64,0.6694016083686842,0.0007614532063139473,0.08118295458386696,0.8292628081703525,0.6694016083686842,0.0,0.0
4439,4,117,3,M,3,0.830084931122162,0.9001923127645202,0.9,0.9001923127645202,0.0004922387123834499,0.08118295458386696,0.830084931122162,0.9001923127645202,0.0,0.0
4440,4,118,3,M,0,0.16529620046268478,0.11008551840959412,0.1,0.11008551840959412,0.0004940581922104337,0.08118295458386696,0.16529620046268478,0.11008551840959412,0.0,0.0
4441,4,118,3,M,1,0.1884542394656032,0.35631148603184626,0.36,0.35631148603184626,0.0007649895292152348,0.08118295458386696,0.1884542394656032,0.35631148603184626,0.0,0.0
4442,4,118,3,M,2,0.8292628081703525,0.6694016083686842,0.64,0.6694016083686842,0.0007614532063139473,0.08118295458386696,0.8292628081703525,0.6694016083686842,0.0,0.0
4443,4,118,3,M,3,0.830084931122162,0.9001923127645202,0.9,0.9001923127645202,0.0004922387123834499,0.08118295458386696,0.830084931122162,0.9001923127645202,0.0,0.0
4444,4,119,3,M,0,0.16529620046268478,0.11008551840959412,0.1,0.11008551840959412,0.0004940581922104337,0.08118295458386696,0.16529620046268478,0.11008551840959412,0.0,0.0
4445,4,119,3,M,1,0.1884542394656032,0.35631148603184626,0.36,0.35631148603184626,0.0007649895292152348,0.08118295458386696,0.1884542394656032,0.35631148603184626,0.0,0.0
4446,4,119,3,M,2,0.8292628081703525,0.6694016083686842,0.64,0.6694016083686842,0.0007614532063139473,0.08118295458386696,0.8292628081703525,0.6694016083686842,0.0,0.0
4447,4,119,3,M,3,0.830084931122162,0.9001923127645202,0.9,0.9001923127645202,0.0004922387123834499,0.08118295458386696,0.830084931122162,0.9001923127645202,0.0,0.0
4448,4,120,4,M,0,0.16529620046268478,0.11008551840959412,0.1,0.11008551840959412,0.0004940581922104337,0.08118295458386696,0.16529620046268478,0.11008551840959412,0.0,0.0
4449,4,120,4,M,1,0.1884542394656032,0.35631148603184626,0.36,0.35631148603184626,0.0007649895292152348,0.08118295458386696,0.1884542394656032,0.35631148603184626,0.0,0.0
4450,4,120,4,M,2,0.8292628081703525,0.6694016083686842,0.64,0.6694016083686842,0.0007614532063139473,0.08118295458386696,0.8292628081703525,0.6694016083686842,0.0,0.0
4451,4,120,4,M,3,0.830084931122162,0.9001923127645202,0.9,0.9001923127645202,0.0004922387123834499,0.08118295458386696,0.830084931122162,0.9001923127645202,0.0,0.0
4452,4,121,4,M,0,0.1,0.0,0.0,0.0,0.00029703090384580744,0.08118295458386696,0.16525135339478608,0.11012388007845865,1.0,1.0
4453,4,121,4,M,1,0.1,1.0,0.36,1.0,0.0007135073156698674,0.08118295458386696,0.18885982991744518,0.35697315670702146,1.0,1.0
4454,4,121,4,M,2,0.9,0.0,0.64,0.0,0.0007109898675256715,0.08118295458386696,0.8293738412996955,0.6690574800065877,1.0,1.0
4455,4,121,4,M,3,0.9,1.0,1.0,1.0,0.0002824524830235958,0.08118295458386696,0.8301906070543164,0.9001388244277457,1.0,1.0
4456,4,122,4,M,0,0.16525135339478608,0.11012388007845865,0.0,0.11012388007845865,0.00028210928641288213,0.08118295458386696,0.16519970584214752,0.11005248909708881,0.0,0.0
4457,4,122,4,M,1,0.38,0.38,0.36,0.38,0.0006147618993723458,0.08118295458386696,0.1917006760889244,0.3565372386398611,1.0,1.0
4458,4,122,4,M,2,0.64,0.36,0.64,0.36,0.0005640774753766509,0.08118295458386696,0.8321207147991424,0.6729852148269918,1.0,1.0
4459,4,122,4,M,3,0.8301906070543164,0.9001388244277457,1.0,0.9001388244277457,0.0002647598338166718,0.08118295458386696,0.8302611550302542,0.900144020116291,0.0,0.0
4460,4,123,4,M,0,0.16519970584214752,0.11005248909708881,0.0,0.11005248909708881,0.0002634139370683297,0.08118295458386696,0.16503938409475136,0.10996615872126617,0.0,0.0
4461,4,123,4,M,1,0.36,0.62,0.0,0.62,0.0002533497747725516,0.08118295458386696,0.18932271966139086,0.35252261785049793,1.0,1.0
4462,4,123,4,M,2,0.8321207147991424,0.6729852148269918,1.0,0.6729852148269918,0.0003151008195702437,0.08118295458386696,0.8304875057042576,0.6726197024116156,0.0,0.0
4463,4,123,4,M,3,0.8302611550302542,0.900144020116291,1.0,0.900144020116291,0.0002607317313793739,0.08118295458386696,0.8303327982869351,0.9001389204019469,0.0,0.0
4464,4,124,4,M,0,0.16503938409475136,0.10996615872126617,0.0,0.10996615872126617,0.0002634139370683297,0.08118295458386696,0.16502839295173877,0.10921415166149555,0.0,0.0
4465,4,124,4,M,1,0.18932271966139086,0.35252261785049793,0.0,0.35252261785049793,0.0002533497747725516,0.08118295458386696,0.188760835281839,0.3502910483486392,0.0,0.0
4466,4,124,4,M,2,0.8304875057042576,0.6726197024116156,1.0,0.6726197024116156,0.0003151008195702437,0.08118295458386696,0.8301356191601345,0.6726599973466267,0.0,0.0
4467,4,124,4,M,3,0.8303327982869351,0.9001389204019469,1.0,0.9001389204019469,0.0002607317313793739,0.08118295458386696,0.8302972789522036,0.9001401573154407,0.0,0.0
4468,4,125,4,M,0,0.16502839295173877,0.10921415166149555,0.0,0.10921415166149555,0.0002634139370683297,0.08118295458386696,0.16499899310758356,0.10839045447116427,0.0,0.0
4469,4,125,4,M,1,0.188760835281839,0.3502910483486392,0.0,0.3502910483486392,0.0002533497747725516,0.08118295458386696,0.1884005401888005,0.3481690120740338,0.0,0.0
4470,4,125,4,M,2,0.8301356191601345,0.6726599973466267,1.0,0.6726599973466267,0.0003151008195702437,0.08118295458386696,0.8301356191601343,0.6726599973466267,0.0,0.0
4471,4,125,4,M,3,0.8302972789522036,0.9001401573154407,1.0,0.9001401573154407,0.0002607317313793739,0.08118295458386696,0.8302162265358665,0.9001328578016509,0.0,0.0
4472,4,126,4,M,0,0.16499899310758356,0.10839045447116427,0.0,0.10839045447116427,0.0002634139370683297,0.08118295458386696,0.16541720502102442,0.10786625249328158,0.0,0.0
4473,4,126,4,M,1,0.1884005401888005,0.3481690120740338,0.0,0.3481690120740338,0.0002533497747725516,0.08118295458386696,0.18718320068585018,0.3471434835895025,0.0,0.0
4474,4,126,4,M,2,0.8301356191601343,0.6726599973466267,1.0,0.6726599973466267,0.0003151008195702437,0.08118295458386696,0.8301356191601343,0.6726599973466266,0.0,0.0
4475,4,126,4,M,3,0.8302162265358665,0.9001328578016509,1.0,0.9001328578016509,0.0002607317313793739,0.08118295458386696,0.8302162265358666,0.9001328578016508,0.0,0.0
4476,4,127,4,M,0,0.16541720502102442,0.10786625249328158,0.0,0.10786625249328158,0.0002634139370683297,0.08118295458386696,0.16564050588214818,0.10704884695145676,0.0,0.0
4477,4,127,4,M,1,0.18718320068585018,0.3471434835895025,0.0,0.3471434835895025,0.0002533497747725516,0.08118295458386696,0.18629452070901237,0.3451962491253562,0.0,0.0
4478,4,127,4,M,2,0.8301356191601343,0.6726599973466266,1.0,0.6726599973466266,0.0003151008195702437,0.08118295458386696,0.8301356191601345,0.6726599973466267,0.0,0.0
4479,4,127,4,M,3,0.8302162265358666,0.9001328578016508,1.0,0.9001328578016508,0.0002607317313793739,0.08118295458386696,0.8301365288920275,0.9001293406289046,0.0,0.0
4480,4,128,4,M,0,0.16564050588214818,0.10704884695145676,0.0,0.10704884695145676,0.0002634139370683297,0.08118295458386696,0.1661725235624956,0.10656318285947926,0.0,0.0
4481,4,128,4,M,1,0.18629452070901237,0.3451962491253562,0.0,0.3451962491253562,0.0002533497747725516,0.08118295458386696,0.1848966701950797,0.3443119828832891,0.0,0.0
4482,4,128,4,M,2,0.8301356191601345,0.6726599973466267,1.0,0.6726599973466267,0.0003151008195702437,0.08118295458386696,0.8301356191601343,0.6726599973466267,0.0,0.0
4483,4,128,4,M,3,0.8301365288920275,0.9001293406289046,1.0,0.9001293406289046,0.0002607317313793739,0.08118295458386696,0.8301365288920275,0.9001293406289045,0.0,0.0
4484,4,129,4,M,0,0.1661725235624956,0.10656318285947926,0.0,0.10656318285947926,0.0002634139370683297,0.08118295458386696,0.16683934796615085,0.10614022944141223,0.0,0.0
4485,4,129,4,M,1,0.1848966701950797,0.3443119828832891,0.0,0.3443119828832891,0.0002533497747725516,0.08118295458386696,0.18312758124855433,0.3432625891606981,0.0,0.0
4486,4,129,4,M,2,0.8301356191601343,0.6726599973466267,1.0,0.6726599973466267,0.0003151008195702437,0.08118295458386696,0.8299556257629074,0.6726874969491371,0.0,0.0
4487,4,129,4,M,3,0.8301365288920275,0.9001293406289045,1.0,0.9001293406289045,0.0002607317313793739,0.08118295458386696,0.8300565150484658,0.900129351216064,0.0,0.0
4488,4,130,4,M,0,0.16683934796615085,0.10614022944141223,0.0,0.10614022944141223,0.0002634139370683297,0.08118295458386696,0.1669970383590205,0.10618350143171985,0.0,0.0
4489,4,130,4,M,1,0.18312758124855433,0.3432625891606981,0.0,0.3432625891606981,0.0002533497747725516,0.08118295458386696,0.18262921207042643,0.34323219039430847,0.0,0.0
4490,4,130,4,M,2,0.8299556257629074,0.6726874969491371,1.0,0.6726874969491371,0.0003151008195702437,0.08118295458386696,0.8297399221431405,0.6726705717721683,0.0,0.0
4491,4,130,4,M,3,0.8300565150484658,0.900129351216064,1.0,0.900129351216064,0.0002607317313793739,0.08118295458386696,0.8300565150484658,0.900129351216064,0.0,0.0
4492,4,131,4,M,0,0.1669970383590205,0.10618350143171985,0.0,0.10618350143171985,0.0002634139370683297,0.08118295458386696,0.16705924216843498,0.10619914673268799,0.0,0.0
4493,4,131,4,M,1,0.18262921207042643,0.34323219039430847,0.0,0.34323219039430847,0.0002533497747725516,0.08118295458386696,0.18244025057677582,0.3432483775281081,0.0,0.0
4494,4,131,4,M,2,0.8297399221431405,0.6726705717721683,1.0,0.6726705717721683,0.0003151008195702437,0.08118295458386696,0.8296836008233283,0.6726524275601283,0.0,0.0
4495,4,131,4,M,3,0.8300565150484658,0.900129351216064,1.0,0.900129351216064,0.0002607317313793739,0.08118295458386696,0.8300565150484659,0.9001293512160641,0.0,0.0
4496,4,132,4,M,0,0.16705924216843498,0.10619914673268799,0.0,0.10619914673268799,0.0002634139370683297,0.08118295458386696,0.16705924216843496,0.10619914673268796,0.0,0.0
4497,4,132,4,M,1,0.18244025057677582,0.3432483775281081,0.0,0.3432483775281081,0.0002533497747725516,0.08118295458386696,0.18238430204711617,0.3432172369524835,0.0,0.0
4498,4,132,4,M,2,0.8296836008233283,0.6726524275601283,1.0,0.6726524275601283,0.0003151008195702437,0.08118295458386696,0.8296308467682271,0.6726280010052291,0.0,0.0
4499,4,132,4,M,3,0.8300565150484659,0.9001293512160641,1.0,0.9001293512160641,0.0002607317313793739,0.08118295458386696,0.8300565150484658,0.900129351216064,0.0,0.0
4500,4,133,4,M,0,0.16705924216843496,0.10619914673268796,0.0,0.10619914673268796,0.0002634139370683297,0.08118295458386696,0.16705924216843498,0.10619914673268797,0.0,0.0
4501,4,133,4,M,1,0.18238430204711617,0.3432172369524835,0.0,0.3432172369524835,0.0002533497747725516,0.08118295458386696,0.18238430204711614,0.34321723695248346,0.0,0.0
4502,4,133,4,M,2,0.8296308467682271,0.6726280010052291,1.0,0.6726280010052291,0.0003151008195702437,0.08118295458386696,0.8296308467682272,0.6726280010052292,0.0,0.0
4503,4,133,4,M,3,0.8300565150484658,0.900129351216064,1.0,0.900129351216064,0.0002607317313793739,0.08118295458386696,0.8300565150484659,0.900129351216064,0.0,0.0
4504,4,134,4,M,0,0.16705924216843498,0.10619914673268797,0.0,0.10619914673268797,0.0002634139370683297,0.08118295458386696,0.16705924216843498,0.10619914673268796,0.0,0.0
4505,4,134,4,M,1,0.18238430204711614,0.34321723695248346,0.0,0.34321723695248346,0.0002533497747725516,0.08118295458386696,0.18238430204711617,0.3432172369524835,0.0,0.0
4506,4,134,4,M,2,0.8296308467682272,0.6726280010052292,1.0,0.6726280010052292,0.0003151008195702437,0.08118295458386696,0.8296308467682272,0.6726280010052292,0.0,0.0
4507,4,134,4,M,3,0.8300565150484659,0.900129351216064,1.0,0.900129351216064,0.0002607317313793739,0.08118295458386696,0.8300565150484659,0.900129351216064,0.0,0.0
4508,4,135,4,M,0,0.16705924216843498,0.10619914673268796,0.0,0.10619914673268796,0.0002634139370683297,0.08118295458386696,0.16705924216843498,0.10619914673268797,0.0,0.0
4509,4,135,4,M,1,0.18238430204711617,0.3432172369524835,0.0,0.3432172369524835,0.0002533497747725516,0.08118295458386696,0.18238430204711617,0.3432172369524835,0.0,0.0
4510,4,135,4,M,2,0.8296308467682272,0.6726280010052292,1.0,0.6726280010052292,0.0003151008195702437,0.08118295458386696,0.8296308467682271,0.6726280010052291,0.0,0.0
4511,4,135,4,M,3,0.8300565150484659,0.900129351216064,1.0,0.900129351216064,0.0002607317313793739,0.08118295458386696,0.8300565150484659,0.900129351216064,0.0,0.0
4512,4,136,4,M,0,0.16705924216843498,0.10619914673268797,0.0,0.10619914673268797,0.0002634139370683297,0.08118295458386696,0.16705924216843498,0.10619914673268797,0.0,0.0
4513,4,136,4,M,1,0.18238430204711617,0.3432172369524835,0.0,0.3432172369524835,0.0002533497747725516,0.08118295458386696,0.18238430204711614,0.3432172369524835,0.0,0.0
4514,4,136,4,M,2,0.8296308467682271,0.6726280010052291,1.0,0.6726280010052291,0.0003151008195702437,0.08118295458386696,0.8296308467682271,0.6726280010052291,0.0,0.0
4515,4,136,4,M,3,0.8300565150484659,0.900129351216064,1.0,0.900129351216064,0.0002607317313793739,0.08118295458386696,0.8300565150484659,0.9001293512160641,0.0,0.0
4516,4,137,4,M,0,0.16705924216843498,0.10619914673268797,0.0,0.10619914673268797,0.0002634139370683297,0.08118295458386696,0.16705924216843498,0.10619914673268796,0.0,0.0
4517,4,137,4,M,1,0.18238430204711614,0.3432172369524835,0.0,0.3432172369524835,0.0002533497747725516,0.08118295458386696,0.18238430204711614,0.3432172369524835,0.0,0.0
4518,4,137,4,M,2,0.8296308467682271,0.6726280010052291,1.0,0.6726280010052291,0.0003151008195702437,0.08118295458386696,0.8296308467682272,0.6726280010052292,0.0,0.0
4519,4,137,4,M,3,0.8300565150484659,0.9001293512160641,1.0,0.9001293512160641,0.0002607317313793739,0.08118295458386696,0.8300565150484659,0.9001293512160641,0.0,0.0
4520,4,138,4,M,0,0.16705924216843498,0.10619914673268796,0.0,0.10619914673268796,0.0002634139370683297,0.08118295458386696,0.16705924216843498,0.10619914673268796,0.0,0.0
4521,4,138,4,M,1,0.18238430204711614,0.3432172369524835,0.0,0.3432172369524835,0.0002533497747725516,0.08118295458386696,0.18238430204711617,0.3432172369524835,0.0,0.0
4522,4,138,4,M,2,0.8296308467682272,0.6726280010052292,1.0,0.6726280010052292,0.0003151008195702437,0.08118295458386696,0.8296308467682272,0.6726280010052292,0.0,0.0
4523,4,138,4,M,3,0.8300565150484659,0.9001293512160641,1.0,0.9001293512160641,0.0002607317313793739,0.08118295458386696,0.8300565150484659,0.900129351216064,0.0,0.0
4524,4,139,4,M,0,0.16705924216843498,0.10619914673268796,0.0,0.10619914673268796,0.0002634139370683297,0.08118295458386696,0.16705924216843498,0.10619914673268797,0.0,0.0
4525,4,139,4,M,1,0.18238430204711617,0.3432172369524835,0.0,0.3432172369524835,0.0002533497747725516,0.08118295458386696,0.18238430204711617,0.3432172369524835,0.0,0.0
4526,4,139,4,M,2,0.8296308467682272,0.6726280010052292,1.0,0.6726280010052292,0.0003151008195702437,0.08118295458386696,0.8296308467682271,0.6726280010052291,0.0,0.0
4527,4,139,4,M,3,0.8300565150484659,0.900129351216064,1.0,0.900129351216064,0.0002607317313793739,0.08118295458386696,0.8300565150484659,0.900129351216064,0.0,0.0
4528,4,140,4,M,0,0.16705924216843498,0.10619914673268797,0.0,0.10619914673268797,0.0002634139370683297,0.08118295458386696,0.16705924216843498,0.10619914673268797,0.0,0.0
4529,4,140,4,M,1,0.18238430204711617,0.3432172369524835,0.0,0.3432172369524835,0.0002533497747725516,0.08118295458386696,0.18238430204711614,0.3432172369524835,0.0,0.0
4530,4,140,4,M,2,0.8296308467682271,0.6726280010052291,1.0,0.6726280010052291,0.0003151008195702437,0.08118295458386696,0.8296308467682271,0.6726280010052291,0.0,0.0
4531,4,140,4,M,3,0.8300565150484659,0.900129351216064,1.0,0.900129351216064,0.0002607317313793739,0.08118295458386696,0.8300565150484659,0.9001293512160641,0.0,0.0
4532,4,141,4,M,0,0.16705924216843498,0.10619914673268797,0.0,0.10619914673268797,0.0002634139370683297,0.08118295458386696,0.16705924216843498,0.10619914673268796,0.0,0.0
4533,4,141,4,M,1,0.18238430204711614,0.3432172369524835,0.0,0.3432172369524835,0.0002533497747725516,0.08118295458386696,0.18238430204711614,0.3432172369524835,0.0,0.0
4534,4,141,4,M,2,0.8296308467682271,0.6726280010052291,1.0,0.6726280010052291,0.0003151008195702437,0.08118295458386696,0.8296308467682272,0.6726280010052292,0.0,0.0
4535,4,141,4,M,3,0.8300565150484659,0.9001293512160641,1.0,0.9001293512160641,0.0002607317313793739,0.08118295458386696,0.8300565150484659,0.9001293512160641,0.0,0.0
4536,4,142,4,M,0,0.16705924216843498,0.10619914673268796,0.0,0.10619914673268796,0.0002634139370683297,0.08118295458386696,0.16705924216843498,0.10619914673268796,0.0,0.0
4537,4,142,4,M,1,0.18238430204711614,0.3432172369524835,0.0,0.3432172369524835,0.0002533497747725516,0.08118295458386696,0.18238430204711617,0.3432172369524835,0.0,0.0
4538,4,142,4,M,2,0.8296308467682272,0.6726280010052292,1.0,0.6726280010052292,0.0003151008195702437,0.08118295458386696,0.8296308467682272,0.6726280010052292,0.0,0.0
4539,4,142,4,M,3,0.8300565150484659,0.9001293512160641,1.0,0.9001293512160641,0.0002607317313793739,0.08118295458386696,0.8300565150484659,0.900129351216064,0.0,0.0
4540,4,143,4,M,0,0.16705924216843498,0.10619914673268796,0.0,0.10619914673268796,0.0002634139370683297,0.08118295458386696,0.16705924216843498,0.10619914673268797,0.0,0.0
4541,4,143,4,M,1,0.18238430204711617,0.3432172369524835,0.0,0.3432172369524835,0.0002533497747725516,0.08118295458386696,0.18238430204711617,0.3432172369524835,0.0,0.0
4542,4,143,4,M,2,0.8296308467682272,0.6726280010052292,1.0,0.6726280010052292,0.0003151008195702437,0.08118295458386696,0.8296308467682271,0.6726280010052291,0.0,0.0
4543,4,143,4,M,3,0.8300565150484659,0.900129351216064,1.0,0.900129351216064,0.0002607317313793739,0.08118295458386696,0.8300565150484659,0.900129351216064,0.0,0.0
4544,4,144,4,M,0,0.16705924216843498,0.10619914673268797,0.0,0.10619914673268797,0.0002634139370683297,0.08118295458386696,0.16705924216843498,0.10619914673268797,0.0,0.0
4545,4,144,4,M,1,0.18238430204711617,0.3432172369524835,0.0,0.3432172369524835,0.0002533497747725516,0.08118295458386696,0.18238430204711614,0.3432172369524835,0.0,0.0
4546,4,144,4,M,2,0.8296308467682271,0.6726280010052291,1.0,0.6726280010052291,0.0003151008195702437,0.08118295458386696,0.8296308467682271,0.6726280010052291,0.0,0.0
4547,4,144,4,M,3,0.8300565150484659,0.900129351216064,1.0,0.900129351216064,0.0002607317313793739,0.08118295458386696,0.8300565150484659,0.9001293512160641,0.0,0.0
4548,4,145,4,M,0,0.16705924216843498,0.10619914673268797,0.0,0.10619914673268797,0.0002634139370683297,0.08118295458386696,0.16705924216843498,0.10619914673268796,0.0,0.0
4549,4,145,4,M,1,0.18238430204711614,0.3432172369524835,0.0,0.3432172369524835,0.0002533497747725516,0.08118295458386696,0.18238430204711614,0.3432172369524835,0.0,0.0
4550,4,145,4,M,2,0.8296308467682271,0.6726280010052291,1.0,0.6726280010052291,0.0003151008195702437,0.08118295458386696,0.8296308467682272,0.6726280010052292,0.0,0.0
4551,4,145,4,M,3,0.8300565150484659,0.9001293512160641,1.0,0.9001293512160641,0.0002607317313793739,0.08118295458386696,0.8300565150484659,0.9001293512160641,0.0,0.0
4552,4,146,4,M,0,0.16705924216843498,0.10619914673268796,0.0,0.10619914673268796,0.0002634139370683297,0.08118295458386696,0.16705924216843498,0.10619914673268796,0.0,0.0
4553,4,146,4,M,1,0.18238430204711614,0.3432172369524835,0.0,0.3432172369524835,0.0002533497747725516,0.08118295458386696,0.18238430204711617,0.3432172369524835,0.0,0.0
4554,4,146,4,M,2,0.8296308467682272,0.6726280010052292,1.0,0.6726280010052292,0.0003151008195702437,0.08118295458386696,0.8296308467682272,0.6726280010052292,0.0,0.0
4555,4,146,4,M,3,0.8300565150484659,0.9001293512160641,1.0,0.9001293512160641,0.0002607317313793739,0.08118295458386696,0.8300565150484659,0.900129351216064,0.0,0.0
4556,4,147,4,M,0,0.16705924216843498,0.10619914673268796,0.0,0.10619914673268796,0.0002634139370683297,0.08118295458386696,0.16705924216843498,0.10619914673268797,0.0,0.0
4557,4,147,4,M,1,0.18238430204711617,0.3432172369524835,0.0,0.3432172369524835,0.0002533497747725516,0.08118295458386696,0.18238430204711617,0.3432172369524835,0.0,0.0
4558,4,147,4,M,2,0.8296308467682272,0.6726280010052292,1.0,0.6726280010052292,0.0003151008195702437,0.08118295458386696,0.8296308467682271,0.6726280010052291,0.0,0.0
4559,4,147,4,M,3,0.8300565150484659,0.900129351216064,1.0,0.900129351216064,0.0002607317313793739,0.08118295458386696,0.8300565150484659,0.900129351216064,0.0,0.0
4560,4,148,4,M,0,0.16705924216843498,0.10619914673268797,0.0,0.10619914673268797,0.0002634139370683297,0.08118295458386696,0.16705924216843498,0.10619914673268797,0.0,0.0
4561,4,148,4,M,1,0.18238430204711617,0.3432172369524835,0.0,0.3432172369524835,0.0002533497747725516,0.08118295458386696,0.18238430204711614,0.3432172369524835,0.0,0.0
4562,4,148,4,M,2,0.8296308467682271,0.6726280010052291,1.0,0.6726280010052291,0.0003151008195702437,0.08118295458386696,0.8296308467682271,0.6726280010052291,0.0,0.0
4563,4,148,4,M,3,0.8300565150484659,0.900129351216064,1.0,0.900129351216064,0.0002607317313793739,0.08118295458386696,0.8300565150484659,0.9001293512160641,0.0,0.0
4564,4,149,4,M,0,0.16705924216843498,0.10619914673268797,0.0,0.10619914673268797,0.0002634139370683297,0.08118295458386696,0.16705924216843498,0.10619914673268796,0.0,0.0
4565,4,149,4,M,1,0.18238430204711614,0.3432172369524835,0.0,0.3432172369524835,0.0002533497747725516,0.08118295458386696,0.18238430204711614,0.3432172369524835,0.0,0.0
4566,4,149,4,M,2,0.8296308467682271,0.6726280010052291,1.0,0.6726280010052291,0.0003151008195702437,0.08118295458386696,0.8296308467682272,0.6726280010052292,0.0,0.0
4567,4,149,4,M,3,0.8300565150484659,0.9001293512160641,1.0,0.9001293512160641,0.0002607317313793739,0.08118295458386696,0.8300565150484659,0.9001293512160641,0.0,0.0
4568,4,150,4,M,0,0.16705924216843498,0.10619914673268796,0.0,0.10619914673268796,0.0002634139370683297,0.08118295458386696,0.16705924216843498,0.10619914673268796,0.0,0.0
4569,4,150,4,M,1,0.18238430204711614,0.3432172369524835,0.0,0.3432172369524835,0.0002533497747725516,0.08118295458386696,0.18238430204711617,0.3432172369524835,0.0,0.0
4570,4,150,4,M,2,0.8296308467682272,0.6726280010052292,1.0,0.6726280010052292,0.0003151008195702437,0.08118295458386696,0.8296308467682272,0.6726280010052292,0.0,0.0
4571,4,150,4,M,3,0.8300565150484659,0.9001293512160641,1.0,0.9001293512160641,0.0002607317313793739,0.08118295458386696,0.8300565150484659,0.900129351216064,0.0,0.0
4572,4,151,4,M,0,0.16705924216843498,0.10619914673268796,0.0,0.10619914673268796,0.0002634139370683297,0.08118295458386696,0.16705924216843498,0.10619914673268797,0.0,0.0
4573,4,151,4,M,1,0.18238430204711617,0.3432172369524835,0.0,0.3432172369524835,0.0002533497747725516,0.08118295458386696,0.18238430204711617,0.3432172369524835,0.0,0.0
4574,4,151,4,M,2,0.8296308467682272,0.6726280010052292,1.0,0.6726280010052292,0.0003151008195702437,0.08118295458386696,0.8296308467682271,0.6726280010052291,0.0,0.0
4575,4,151,4,M,3,0.8300565150484659,0.900129351216064,1.0,0.900129351216064,0.0002607317313793739,0.08118295458386696,0.8300565150484659,0.900129351216064,0.0,0.0
4576,4,152,4,M,0,0.16705924216843498,0.10619914673268797,0.0,0.10619914673268797,0.0002634139370683297,0.08118295458386696,0.16705924216843498,0.10619914673268797,0.0,0.0
4577,4,152,4,M,1,0.18238430204711617,0.3432172369524835,0.0,0.3432172369524835,0.0002533497747725516,0.08118295458386696,0.18238430204711614,0.3432172369524835,0.0,0.0
4578,4,152,4,M,2,0.8296308467682271,0.6726280010052291,1.0,0.6726280010052291,0.0003151008195702437,0.08118295458386696,0.8296308467682271,0.6726280010052291,0.0,0.0
4579,4,152,4,M,3,0.8300565150484659,0.900129351216064,1.0,0.900129351216064,0.0002607317313793739,0.08118295458386696,0.8300565150484659,0.9001293512160641,0.0,0.0
4580,4,153,4,M,0,0.16705924216843498,0.10619914673268797,0.0,0.10619914673268797,0.0002634139370683297,0.08118295458386696,0.16705924216843498,0.10619914673268796,0.0,0.0
4581,4,153,4,M,1,0.18238430204711614,0.3432172369524835,0.0,0.3432172369524835,0.0002533497747725516,0.08118295458386696,0.18238430204711614,0.3432172369524835,0.0,0.0
4582,4,153,4,M,2,0.8296308467682271,0.6726280010052291,1.0,0.6726280010052291,0.0003151008195702437,0.08118295458386696,0.8296308467682272,0.6726280010052292,0.0,0.0
4583,4,153,4,M,3,0.8300565150484659,0.9001293512160641,1.0,0.9001293512160641,0.0002607317313793739,0.08118295458386696,0.8300565150484659,0.9001293512160641,0.0,0.0
4584,4,154,4,M,0,0.16705924216843498,0.10619914673268796,0.0,0.10619914673268796,0.0002634139370683297,0.08118295458386696,0.16705924216843498,0.10619914673268796,0.0,0.0
4585,4,154,4,M,1,0.18238430204711614,0.3432172369524835,0.0,0.3432172369524835,0.0002533497747725516,0.08118295458386696,0.18238430204711617,0.3432172369524835,0.0,0.0
4586,4,154,4,M,2,0.8296308467682272,0.6726280010052292,1.0,0.6726280010052292,0.0003151008195702437,0.08118295458386696,0.8296308467682272,0.6726280010052292,0.0,0.0
4587,4,154,4,M,3,0.8300565150484659,0.9001293512160641,1.0,0.9001293512160641,0.0002607317313793739,0.08118295458386696,0.8300565150484659,0.900129351216064,0.0,0.0
4588,4,155,4,M,0,0.16705924216843498,0.10619914673268796,0.0,0.10619914673268796,0.0002634139370683297,0.08118295458386696,0.16705924216843498,0.10619914673268797,0.0,0.0
4589,4,155,4,M,1,0.18238430204711617,0.3432172369524835,0.0,0.3432172369524835,0.0002533497747725516,0.08118295458386696,0.18238430204711617,0.3432172369524835,0.0,0.0
4590,4,155,4,M,2,0.8296308467682272,0.6726280010052292,1.0,0.6726280010052292,0.0003151008195702437,0.08118295458386696,0.8296308467682271,0.6726280010052291,0.0,0.0
4591,4,155,4,M,3,0.8300565150484659,0.900129351216064,1.0,0.900129351216064,0.0002607317313793739,0.08118295458386696,0.8300565150484659,0.900129351216064,0.0,0.0
4592,4,156,4,M,0,0.16705924216843498,0.10619914673268797,0.0,0.10619914673268797,0.0002634139370683297,0.08118295458386696,0.16705924216843498,0.10619914673268797,0.0,0.0
4593,4,156,4,M,1,0.18238430204711617,0.3432172369524835,0.0,0.3432172369524835,0.0002533497747725516,0.08118295458386696,0.18238430204711614,0.3432172369524835,0.0,0.0
4594,4,156,4,M,2,0.8296308467682271,0.6726280010052291,1.0,0.6726280010052291,0.0003151008195702437,0.08118295458386696,0.8296308467682271,0.6726280010052291,0.0,0.0
4595,4,156,4,M,3,0.8300565150484659,0.900129351216064,1.0,0.900129351216064,0.0002607317313793739,0.08118295458386696,0.8300565150484659,0.9001293512160641,0.0,0.0
4596,4,157,4,M,0,0.16705924216843498,0.10619914673268797,0.0,0.10619914673268797,0.0002634139370683297,0.08118295458386696,0.16705924216843498,0.10619914673268796,0.0,0.0
4597,4,157,4,M,1,0.18238430204711614,0.3432172369524835,0.0,0.3432172369524835,0.0002533497747725516,0.08118295458386696,0.18238430204711614,0.3432172369524835,0.0,0.0
4598,4,157,4,M,2,0.8296308467682271,0.6726280010052291,1.0,0.6726280010052291,0.0003151008195702437,0.08118295458386696,0.8296308467682272,0.6726280010052292,0.0,0.0
4599,4,157,4,M,3,0.8300565150484659,0.9001293512160641,1.0,0.9001293512160641,0.0002607317313793739,0.08118295458386696,0.8300565150484659,0.9001293512160641,0.0,0.0
4600,4,158,4,M,0,0.16705924216843498,0.10619914673268796,0.0,0.10619914673268796,0.0002634139370683297,0.08118295458386696,0.16705924216843498,0.10619914673268796,0.0,0.0
4601,4,158,4,M,1,0.18238430204711614,0.3432172369524835,0.0,0.3432172369524835,0.0002533497747725516,0.08118295458386696,0.18238430204711617,0.3432172369524835,0.0,0.0
4602,4,158,4,M,2,0.8296308467682272,0.6726280010052292,1.0,0.6726280010052292,0.0003151008195702437,0.08118295458386696,0.8296308467682272,0.6726280010052292,0.0,0.0
4603,4,158,4,M,3,0.8300565150484659,0.9001293512160641,1.0,0.9001293512160641,0.0002607317313793739,0.08118295458386696,0.8300565150484659,0.900129351216064,0.0,0.0
4604,4,159,4,M,0,0.16705924216843498,0.10619914673268796,0.0,0.10619914673268796,0.0002634139370683297,0.08118295458386696,0.16705924216843498,0.10619914673268797,0.0,0.0
4605,4,159,4,M,1,0.18238430204711617,0.3432172369524835,0.0,0.3432172369524835,0.0002533497747725516,0.08118295458386696,0.18238430204711617,0.3432172369524835,0.0,0.0
4606,4,159,4,M,2,0.8296308467682272,0.6726280010052292,1.0,0.6726280010052292,0.0003151008195702437,0.08118295458386696,0.8296308467682271,0.6726280010052291,0.0,0.0
4607,4,159,4,M,3,0.8300565150484659,0.900129351216064,1.0,0.900129351216064,0.0002607317313793739,0.08118295458386696,0.8300565150484659,0.900129351216064,0.0,0.0
4608,4,160,4,M,0,0.16705924216843498,0.10619914673268797,0.0,0.10619914673268797,0.0002634139370683297,0.08118295458386696,0.16705924216843498,0.10619914673268797,0.0,0.0
4609,4,160,4,M,1,0.18238430204711617,0.3432172369524835,0.0,0.3432172369524835,0.0002533497747725516,0.08118295458386696,0.18238430204711614,0.3432172369524835,0.0,0.0
4610,4,160,4,M,2,0.8296308467682271,0.6726280010052291,1.0,0.6726280010052291,0.0003151008195702437,0.08118295458386696,0.8296308467682271,0.6726280010052291,0.0,0.0
4611,4,160,4,M,3,0.8300565150484659,0.900129351216064,1.0,0.900129351216064,0.0002607317313793739,0.08118295458386696,0.8300565150484659,0.9001293512160641,0.0,0.0
4612,4,161,4,M,0,0.16705924216843498,0.10619914673268797,0.0,0.10619914673268797,0.0002634139370683297,0.08118295458386696,0.16705924216843498,0.10619914673268796,0.0,0.0
4613,4,161,4,M,1,0.18238430204711614,0.3432172369524835,0.0,0.3432172369524835,0.0002533497747725516,0.08118295458386696,0.18238430204711614,0.3432172369524835,0.0,0.0
4614,4,161,4,M,2,0.8296308467682271,0.6726280010052291,1.0,0.6726280010052291,0.0003151008195702437,0.08118295458386696,0.8296308467682272,0.6726280010052292,0.0,0.0
4615,4,161,4,M,3,0.8300565150484659,0.9001293512160641,1.0,0.9001293512160641,0.0002607317313793739,0.08118295458386696,0.8300565150484659,0.9001293512160641,0.0,0.0
4616,4,162,4,M,0,0.16705924216843498,0.10619914673268796,0.0,0.10619914673268796,0.0002634139370683297,0.08118295458386696,0.16705924216843498,0.10619914673268796,0.0,0.0
4617,4,162,4,M,1,0.18238430204711614,0.3432172369524835,0.0,0.3432172369524835,0.0002533497747725516,0.08118295458386696,0.18238430204711617,0.3432172369524835,0.0,0.0
4618,4,162,4,M,2,0.8296308467682272,0.6726280010052292,1.0,0.6726280010052292,0.0003151008195702437,0.08118295458386696,0.8296308467682272,0.6726280010052292,0.0,0.0
4619,4,162,4,M,3,0.8300565150484659,0.9001293512160641,1.0,0.9001293512160641,0.0002607317313793739,0.08118295458386696,0.8300565150484659,0.900129351216064,0.0,0.0
4620,4,163,4,M,0,0.16705924216843498,0.10619914673268796,0.0,0.10619914673268796,0.0002634139370683297,0.08118295458386696,0.16705924216843498,0.10619914673268797,0.0,0.0
4621,4,163,4,M,1,0.18238430204711617,0.3432172369524835,0.0,0.3432172369524835,0.0002533497747725516,0.08118295458386696,0.18238430204711617,0.3432172369524835,0.0,0.0
4622,4,163,4,M,2,0.8296308467682272,0.6726280010052292,1.0,0.6726280010052292,0.0003151008195702437,0.08118295458386696,0.8296308467682271,0.6726280010052291,0.0,0.0
4623,4,163,4,M,3,0.8300565150484659,0.900129351216064,1.0,0.900129351216064,0.0002607317313793739,0.08118295458386696,0.8300565150484659,0.900129351216064,0.0,0.0
4624,4,164,4,M,0,0.16705924216843498,0.10619914673268797,0.0,0.10619914673268797,0.0002634139370683297,0.08118295458386696,0.16705924216843498,0.10619914673268797,0.0,0.0
4625,4,164,4,M,1,0.18238430204711617,0.3432172369524835,0.0,0.3432172369524835,0.0002533497747725516,0.08118295458386696,0.18238430204711614,0.3432172369524835,0.0,0.0
4626,4,164,4,M,2,0.8296308467682271,0.6726280010052291,1.0,0.6726280010052291,0.0003151008195702437,0.08118295458386696,0.8296308467682271,0.6726280010052291,0.0,0.0
4627,4,164,4,M,3,0.8300565150484659,0.900129351216064,1.0,0.900129351216064,0.0002607317313793739,0.08118295458386696,0.8300565150484659,0.9001293512160641,0.0,0.0
4628,4,165,4,M,0,0.16705924216843498,0.10619914673268797,0.0,0.10619914673268797,0.0002634139370683297,0.08118295458386696,0.16705924216843498,0.10619914673268796,0.0,0.0
4629,4,165,4,M,1,0.18238430204711614,0.3432172369524835,0.0,0.3432172369524835,0.0002533497747725516,0.08118295458386696,0.18238430204711614,0.3432172369524835,0.0,0.0
4630,4,165,4,M,2,0.8296308467682271,0.6726280010052291,1.0,0.6726280010052291,0.0003151008195702437,0.08118295458386696,0.8296308467682272,0.6726280010052292,0.0,0.0
4631,4,165,4,M,3,0.8300565150484659,0.9001293512160641,1.0,0.9001293512160641,0.0002607317313793739,0.08118295458386696,0.8300565150484659,0.9001293512160641,0.0,0.0
4632,4,166,4,M,0,0.16705924216843498,0.10619914673268796,0.0,0.10619914673268796,0.0002634139370683297,0.08118295458386696,0.16705924216843498,0.10619914673268796,0.0,0.0
4633,4,166,4,M,1,0.18238430204711614,0.3432172369524835,0.0,0.3432172369524835,0.0002533497747725516,0.08118295458386696,0.18238430204711617,0.3432172369524835,0.0,0.0
4634,4,166,4,M,2,0.8296308467682272,0.6726280010052292,1.0,0.6726280010052292,0.0003151008195702437,0.08118295458386696,0.8296308467682272,0.6726280010052292,0.0,0.0
4635,4,166,4,M,3,0.8300565150484659,0.9001293512160641,1.0,0.9001293512160641,0.0002607317313793739,0.08118295458386696,0.8300565150484659,0.900129351216064,0.0,0.0
4636,4,167,4,M,0,0.16705924216843498,0.10619914673268796,0.0,0.10619914673268796,0.0002634139370683297,0.08118295458386696,0.16705924216843498,0.10619914673268797,0.0,0.0
4637,4,167,4,M,1,0.18238430204711617,0.3432172369524835,0.0,0.3432172369524835,0.0002533497747725516,0.08118295458386696,0.18238430204711617,0.3432172369524835,0.0,0.0
4638,4,167,4,M,2,0.8296308467682272,0.6726280010052292,1.0,0.6726280010052292,0.0003151008195702437,0.08118295458386696,0.8296308467682271,0.6726280010052291,0.0,0.0
4639,4,167,4,M,3,0.8300565150484659,0.900129351216064,1.0,0.900129351216064,0.0002607317313793739,0.08118295458386696,0.8300565150484659,0.900129351216064,0.0,0.0
4640,4,168,4,M,0,0.16705924216843498,0.10619914673268797,0.0,0.10619914673268797,0.0002634139370683297,0.08118295458386696,0.16705924216843498,0.10619914673268797,0.0,0.0
4641,4,168,4,M,1,0.18238430204711617,0.3432172369524835,0.0,0.3432172369524835,0.0002533497747725516,0.08118295458386696,0.18238430204711614,0.3432172369524835,0.0,0.0
4642,4,168,4,M,2,0.8296308467682271,0.6726280010052291,1.0,0.6726280010052291,0.0003151008195702437,0.08118295458386696,0.8296308467682271,0.6726280010052291,0.0,0.0
4643,4,168,4,M,3,0.8300565150484659,0.900129351216064,1.0,0.900129351216064,0.0002607317313793739,0.08118295458386696,0.8300565150484659,0.9001293512160641,0.0,0.0
4644,4,169,4,M,0,0.16705924216843498,0.10619914673268797,0.0,0.10619914673268797,0.0002634139370683297,0.08118295458386696,0.16705924216843498,0.10619914673268796,0.0,0.0
4645,4,169,4,M,1,0.18238430204711614,0.3432172369524835,0.0,0.3432172369524835,0.0002533497747725516,0.08118295458386696,0.18238430204711614,0.3432172369524835,0.0,0.0
4646,4,169,4,M,2,0.8296308467682271,0.6726280010052291,1.0,0.6726280010052291,0.0003151008195702437,0.08118295458386696,0.8296308467682272,0.6726280010052292,0.0,0.0
4647,4,169,4,M,3,0.8300565150484659,0.9001293512160641,1.0,0.9001293512160641,0.0002607317313793739,0.08118295458386696,0.8300565150484659,0.9001293512160641,0.0,0.0
4648,4,170,4,M,0,0.16705924216843498,0.10619914673268796,0.0,0.10619914673268796,0.0002634139370683297,0.08118295458386696,0.16705924216843498,0.10619914673268796,0.0,0.0
4649,4,170,4,M,1,0.18238430204711614,0.3432172369524835,0.0,0.3432172369524835,0.0002533497747725516,0.08118295458386696,0.18238430204711617,0.3432172369524835,0.0,0.0
4650,4,170,4,M,2,0.8296308467682272,0.6726280010052292,1.0,0.6726280010052292,0.0003151008195702437,0.08118295458386696,0.8296308467682272,0.6726280010052292,0.0,0.0
4651,4,170,4,M,3,0.8300565150484659,0.9001293512160641,1.0,0.9001293512160641,0.0002607317313793739,0.08118295458386696,0.8300565150484659,0.900129351216064,0.0,0.0
4652,4,171,4,M,0,0.16705924216843498,0.10619914673268796,0.0,0.10619914673268796,0.0002634139370683297,0.08118295458386696,0.16705924216843498,0.10619914673268797,0.0,0.0
4653,4,171,4,M,1,0.18238430204711617,0.3432172369524835,0.0,0.3432172369524835,0.0002533497747725516,0.08118295458386696,0.18238430204711617,0.3432172369524835,0.0,0.0
4654,4,171,4,M,2,0.8296308467682272,0.6726280010052292,1.0,0.6726280010052292,0.0003151008195702437,0.08118295458386696,0.8296308467682271,0.6726280010052291,0.0,0.0
4655,4,171,4,M,3,0.8300565150484659,0.900129351216064,1.0,0.900129351216064,0.0002607317313793739,0.08118295458386696,0.8300565150484659,0.900129351216064,0.0,0.0
4656,4,172,4,M,0,0.16705924216843498,0.10619914673268797,0.0,0.10619914673268797,0.0002634139370683297,0.08118295458386696,0.16705924216843498,0.10619914673268797,0.0,0.0
4657,4,172,4,M,1,0.18238430204711617,0.3432172369524835,0.0,0.3432172369524835,0.0002533497747725516,0.08118295458386696,0.18238430204711614,0.3432172369524835,0.0,0.0
4658,4,172,4,M,2,0.8296308467682271,0.6726280010052291,1.0,0.6726280010052291,0.0003151008195702437,0.08118295458386696,0.8296308467682271,0.6726280010052291,0.0,0.0
4659,4,172,4,M,3,0.8300565150484659,0.900129351216064,1.0,0.900129351216064,0.0002607317313793739,0.08118295458386696,0.8300565150484659,0.9001293512160641,0.0,0.0
4660,4,173,4,M,0,0.16705924216843498,0.10619914673268797,0.0,0.10619914673268797,0.0002634139370683297,0.08118295458386696,0.16705924216843498,0.10619914673268796,0.0,0.0
4661,4,173,4,M,1,0.18238430204711614,0.3432172369524835,0.0,0.3432172369524835,0.0002533497747725516,0.08118295458386696,0.18238430204711614,0.3432172369524835,0.0,0.0
4662,4,173,4,M,2,0.8296308467682271,0.6726280010052291,1.0,0.6726280010052291,0.0003151008195702437,0.08118295458386696,0.8296308467682272,0.6726280010052292,0.0,0.0
4663,4,173,4,M,3,0.8300565150484659,0.9001293512160641,1.0,0.9001293512160641,0.0002607317313793739,0.08118295458386696,0.8300565150484659,0.9001293512160641,0.0,0.0
4664,4,174,4,M,0,0.16705924216843498,0.10619914673268796,0.0,0.10619914673268796,0.0002634139370683297,0.08118295458386696,0.16705924216843498,0.10619914673268796,0.0,0.0
4665,4,174,4,M,1,0.18238430204711614,0.3432172369524835,0.0,0.3432172369524835,0.0002533497747725516,0.08118295458386696,0.18238430204711617,0.3432172369524835,0.0,0.0
4666,4,174,4,M,2,0.8296308467682272,0.6726280010052292,1.0,0.6726280010052292,0.0003151008195702437,0.08118295458386696,0.8296308467682272,0.6726280010052292,0.0,0.0
4667,4,174,4,M,3,0.8300565150484659,0.9001293512160641,1.0,0.9001293512160641,0.0002607317313793739,0.08118295458386696,0.8300565150484659,0.900129351216064,0.0,0.0
4668,4,175,4,M,0,0.16705924216843498,0.10619914673268796,0.0,0.10619914673268796,0.0002634139370683297,0.08118295458386696,0.16705924216843498,0.10619914673268797,0.0,0.0
4669,4,175,4,M,1,0.18238430204711617,0.3432172369524835,0.0,0.3432172369524835,0.0002533497747725516,0.08118295458386696,0.18238430204711617,0.3432172369524835,0.0,0.0
4670,4,175,4,M,2,0.8296308467682272,0.6726280010052292,1.0,0.6726280010052292,0.0003151008195702437,0.08118295458386696,0.8296308467682271,0.6726280010052291,0.0,0.0
4671,4,175,4,M,3,0.8300565150484659,0.900129351216064,1.0,0.900129351216064,0.0002607317313793739,0.08118295458386696,0.8300565150484659,0.900129351216064,0.0,0.0
4672,4,176,4,M,0,0.16705924216843498,0.10619914673268797,0.0,0.10619914673268797,0.0002634139370683297,0.08118295458386696,0.16705924216843498,0.10619914673268797,0.0,0.0
4673,4,176,4,M,1,0.18238430204711617,0.3432172369524835,0.0,0.3432172369524835,0.0002533497747725516,0.08118295458386696,0.18238430204711614,0.3432172369524835,0.0,0.0
4674,4,176,4,M,2,0.8296308467682271,0.6726280010052291,1.0,0.6726280010052291,0.0003151008195702437,0.08118295458386696,0.8296308467682271,0.6726280010052291,0.0,0.0
4675,4,176,4,M,3,0.8300565150484659,0.900129351216064,1.0,0.900129351216064,0.0002607317313793739,0.08118295458386696,0.8300565150484659,0.9001293512160641,0.0,0.0
4676,4,177,4,M,0,0.16705924216843498,0.10619914673268797,0.0,0.10619914673268797,0.0002634139370683297,0.08118295458386696,0.16705924216843498,0.10619914673268796,0.0,0.0
4677,4,177,4,M,1,0.18238430204711614,0.3432172369524835,0.0,0.3432172369524835,0.0002533497747725516,0.08118295458386696,0.18238430204711614,0.3432172369524835,0.0,0.0
4678,4,177,4,M,2,0.8296308467682271,0.6726280010052291,1.0,0.6726280010052291,0.0003151008195702437,0.08118295458386696,0.8296308467682272,0.6726280010052292,0.0,0.0
4679,4,177,4,M,3,0.8300565150484659,0.9001293512160641,1.0,0.9001293512160641,0.0002607317313793739,0.08118295458386696,0.8300565150484659,0.9001293512160641,0.0,0.0
4680,4,178,4,M,0,0.16705924216843498,0.10619914673268796,0.0,0.10619914673268796,0.0002634139370683297,0.08118295458386696,0.16705924216843498,0.10619914673268796,0.0,0.0
4681,4,178,4,M,1,0.18238430204711614,0.3432172369524835,0.0,0.3432172369524835,0.0002533497747725516,0.08118295458386696,0.18238430204711617,0.3432172369524835,0.0,0.0
4682,4,178,4,M,2,0.8296308467682272,0.6726280010052292,1.0,0.6726280010052292,0.0003151008195702437,0.08118295458386696,0.8296308467682272,0.6726280010052292,0.0,0.0
4683,4,178,4,M,3,0.8300565150484659,0.9001293512160641,1.0,0.9001293512160641,0.0002607317313793739,0.08118295458386696,0.8300565150484659,0.900129351216064,0.0,0.0
4684,4,179,4,M,0,0.16705924216843498,0.10619914673268796,0.0,0.10619914673268796,0.0002634139370683297,0.08118295458386696,0.16705924216843498,0.10619914673268797,0.0,0.0
4685,4,179,4,M,1,0.18238430204711617,0.3432172369524835,0.0,0.3432172369524835,0.0002533497747725516,0.08118295458386696,0.18238430204711617,0.3432172369524835,0.0,0.0
4686,4,179,4,M,2,0.8296308467682272,0.6726280010052292,1.0,0.6726280010052292,0.0003151008195702437,0.08118295458386696,0.8296308467682271,0.6726280010052291,0.0,0.0
4687,4,179,4,M,3,0.8300565150484659,0.900129351216064,1.0,0.900129351216064,0.0002607317313793739,0.08118295458386696,0.8300565150484659,0.900129351216064,0.0,0.0
4688,4,180,4,M,0,0.16705924216843498,0.10619914673268797,0.0,0.10619914673268797,0.0002634139370683297,0.08118295458386696,0.16705924216843498,0.10619914673268797,0.0,0.0
4689,4,180,4,M,1,0.18238430204711617,0.3432172369524835,0.0,0.3432172369524835,0.0002533497747725516,0.08118295458386696,0.18238430204711614,0.3432172369524835,0.0,0.0
4690,4,180,4,M,2,0.8296308467682271,0.6726280010052291,1.0,0.6726280010052291,0.0003151008195702437,0.08118295458386696,0.8296308467682271,0.6726280010052291,0.0,0.0
4691,4,180,4,M,3,0.8300565150484659,0.900129351216064,1.0,0.900129351216064,0.0002607317313793739,0.08118295458386696,0.8300565150484659,0.9001293512160641,0.0,0.0
4692,4,181,4,M,0,0.16705924216843498,0.10619914673268797,0.0,0.10619914673268797,0.0002634139370683297,0.08118295458386696,0.16705924216843498,0.10619914673268796,0.0,0.0
4693,4,181,4,M,1,0.18238430204711614,0.3432172369524835,0.0,0.3432172369524835,0.0002533497747725516,0.08118295458386696,0.18238430204711614,0.3432172369524835,0.0,0.0
4694,4,181,4,M,2,0.8296308467682271,0.6726280010052291,1.0,0.6726280010052291,0.0003151008195702437,0.08118295458386696,0.8296308467682272,0.6726280010052292,0.0,0.0
4695,4,181,4,M,3,0.8300565150484659,0.9001293512160641,1.0,0.9001293512160641,0.0002607317313793739,0.08118295458386696,0.8300565150484659,0.9001293512160641,0.0,0.0
4696,4,182,4,M,0,0.16705924216843498,0.10619914673268796,0.0,0.10619914673268796,0.0002634139370683297,0.08118295458386696,0.16705924216843498,0.10619914673268796,0.0,0.0
4697,4,182,4,M,1,0.18238430204711614,0.3432172369524835,0.0,0.3432172369524835,0.0002533497747725516,0.08118295458386696,0.18238430204711617,0.3432172369524835,0.0,0.0
4698,4,182,4,M,2,0.8296308467682272,0.6726280010052292,1.0,0.6726280010052292,0.0003151008195702437,0.08118295458386696,0.8296308467682272,0.6726280010052292,0.0,0.0
4699,4,182,4,M,3,0.8300565150484659,0.9001293512160641,1.0,0.9001293512160641,0.0002607317313793739,0.08118295458386696,0.8300565150484659,0.900129351216064,0.0,0.0
4700,4,183,4,M,0,0.16705924216843498,0.10619914673268796,0.0,0.10619914673268796,0.0002634139370683297,0.08118295458386696,0.16705924216843498,0.10619914673268797,0.0,0.0
4701,4,183,4,M,1,0.18238430204711617,0.3432172369524835,0.0,0.3432172369524835,0.0002533497747725516,0.08118295458386696,0.18238430204711617,0.3432172369524835,0.0,0.0
4702,4,183,4,M,2,0.8296308467682272,0.6726280010052292,1.0,0.6726280010052292,0.0003151008195702437,0.08118295458386696,0.8296308467682271,0.6726280010052291,0.0,0.0
4703,4,183,4,M,3,0.8300565150484659,0.900129351216064,1.0,0.900129351216064,0.0002607317313793739,0.08118295458386696,0.8300565150484659,0.900129351216064,0.0,0.0
4704,4,184,4,M,0,0.16705924216843498,0.10619914673268797,0.0,0.10619914673268797,0.0002634139370683297,0.08118295458386696,0.16705924216843498,0.10619914673268797,0.0,0.0
4705,4,184,4,M,1,0.18238430204711617,0.3432172369524835,0.0,0.3432172369524835,0.0002533497747725516,0.08118295458386696,0.18238430204711614,0.3432172369524835,0.0,0.0
4706,4,184,4,M,2,0.8296308467682271,0.6726280010052291,1.0,0.6726280010052291,0.0003151008195702437,0.08118295458386696,0.8296308467682271,0.6726280010052291,0.0,0.0
4707,4,184,4,M,3,0.8300565150484659,0.900129351216064,1.0,0.900129351216064,0.0002607317313793739,0.08118295458386696,0.8300565150484659,0.9001293512160641,0.0,0.0
4708,4,185,4,M,0,0.16705924216843498,0.10619914673268797,0.0,0.10619914673268797,0.0002634139370683297,0.08118295458386696,0.16705924216843498,0.10619914673268796,0.0,0.0
4709,4,185,4,M,1,0.18238430204711614,0.3432172369524835,0.0,0.3432172369524835,0.0002533497747725516,0.08118295458386696,0.18238430204711614,0.3432172369524835,0.0,0.0
4710,4,185,4,M,2,0.8296308467682271,0.6726280010052291,1.0,0.6726280010052291,0.0003151008195702437,0.08118295458386696,0.8296308467682272,0.6726280010052292,0.0,0.0
4711,4,185,4,M,3,0.8300565150484659,0.9001293512160641,1.0,0.9001293512160641,0.0002607317313793739,0.08118295458386696,0.8300565150484659,0.9001293512160641,0.0,0.0
4712,4,186,4,M,0,0.16705924216843498,0.10619914673268796,0.0,0.10619914673268796,0.0002634139370683297,0.08118295458386696,0.16705924216843498,0.10619914673268796,0.0,0.0
4713,4,186,4,M,1,0.18238430204711614,0.3432172369524835,0.0,0.3432172369524835,0.0002533497747725516,0.08118295458386696,0.18238430204711617,0.3432172369524835,0.0,0.0
4714,4,186,4,M,2,0.8296308467682272,0.6726280010052292,1.0,0.6726280010052292,0.0003151008195702437,0.08118295458386696,0.8296308467682272,0.6726280010052292,0.0,0.0
4715,4,186,4,M,3,0.8300565150484659,0.9001293512160641,1.0,0.9001293512160641,0.0002607317313793739,0.08118295458386696,0.8300565150484659,0.900129351216064,0.0,0.0
4716,4,187,4,M,0,0.16705924216843498,0.10619914673268796,0.0,0.10619914673268796,0.0002634139370683297,0.08118295458386696,0.16705924216843498,0.10619914673268797,0.0,0.0
4717,4,187,4,M,1,0.18238430204711617,0.3432172369524835,0.0,0.3432172369524835,0.0002533497747725516,0.08118295458386696,0.18238430204711617,0.3432172369524835,0.0,0.0
4718,4,187,4,M,2,0.8296308467682272,0.6726280010052292,1.0,0.6726280010052292,0.0003151008195702437,0.08118295458386696,0.8296308467682271,0.6726280010052291,0.0,0.0
4719,4,187,4,M,3,0.8300565150484659,0.900129351216064,1.0,0.900129351216064,0.0002607317313793739,0.08118295458386696,0.8300565150484659,0.900129351216064,0.0,0.0
4720,4,188,4,M,0,0.16705924216843498,0.10619914673268797,0.0,0.10619914673268797,0.0002634139370683297,0.08118295458386696,0.16705924216843498,0.10619914673268797,0.0,0.0
4721,4,188,4,M,1,0.18238430204711617,0.3432172369524835,0.0,0.3432172369524835,0.0002533497747725516,0.08118295458386696,0.18238430204711614,0.3432172369524835,0.0,0.0
4722,4,188,4,M,2,0.8296308467682271,0.6726280010052291,1.0,0.6726280010052291,0.0003151008195702437,0.08118295458386696,0.8296308467682271,0.6726280010052291,0.0,0.0
4723,4,188,4,M,3,0.8300565150484659,0.900129351216064,1.0,0.900129351216064,0.0002607317313793739,0.08118295458386696,0.8300565150484659,0.9001293512160641,0.0,0.0
4724,4,189,4,M,0,0.16705924216843498,0.10619914673268797,0.0,0.10619914673268797,0.0002634139370683297,0.08118295458386696,0.16705924216843498,0.10619914673268796,0.0,0.0
4725,4,189,4,M,1,0.18238430204711614,0.3432172369524835,0.0,0.3432172369524835,0.0002533497747725516,0.08118295458386696,0.18238430204711614,0.3432172369524835,0.0,0.0
4726,4,189,4,M,2,0.8296308467682271,0.6726280010052291,1.0,0.6726280010052291,0.0003151008195702437,0.08118295458386696,0.8296308467682272,0.6726280010052292,0.0,0.0
4727,4,189,4,M,3,0.8300565150484659,0.9001293512160641,1.0,0.9001293512160641,0.0002607317313793739,0.08118295458386696,0.8300565150484659,0.9001293512160641,0.0,0.0
4728,4,190,4,M,0,0.16705924216843498,0.10619914673268796,0.0,0.10619914673268796,0.0002634139370683297,0.08118295458386696,0.16705924216843498,0.10619914673268796,0.0,0.0
4729,4,190,4,M,1,0.18238430204711614,0.3432172369524835,0.0,0.3432172369524835,0.0002533497747725516,0.08118295458386696,0.18238430204711617,0.3432172369524835,0.0,0.0
4730,4,190,4,M,2,0.8296308467682272,0.6726280010052292,1.0,0.6726280010052292,0.0003151008195702437,0.08118295458386696,0.8296308467682272,0.6726280010052292,0.0,0.0
4731,4,190,4,M,3,0.8300565150484659,0.9001293512160641,1.0,0.9001293512160641,0.0002607317313793739,0.08118295458386696,0.8300565150484659,0.900129351216064,0.0,0.0
4732,4,191,4,M,0,0.16705924216843498,0.10619914673268796,0.0,0.10619914673268796,0.0002634139370683297,0.08118295458386696,0.16705924216843498,0.10619914673268797,0.0,0.0
4733,4,191,4,M,1,0.18238430204711617,0.3432172369524835,0.0,0.3432172369524835,0.0002533497747725516,0.08118295458386696,0.18238430204711617,0.3432172369524835,0.0,0.0
4734,4,191,4,M,2,0.8296308467682272,0.6726280010052292,1.0,0.6726280010052292,0.0003151008195702437,0.08118295458386696,0.8296308467682271,0.6726280010052291,0.0,0.0
4735,4,191,4,M,3,0.8300565150484659,0.900129351216064,1.0,0.900129351216064,0.0002607317313793739,0.08118295458386696,0.8300565150484659,0.900129351216064,0.0,0.0
4736,4,192,4,M,0,0.16705924216843498,0.10619914673268797,0.0,0.10619914673268797,0.0002634139370683297,0.08118295458386696,0.16705924216843498,0.10619914673268797,0.0,0.0
4737,4,192,4,M,1,0.18238430204711617,0.3432172369524835,0.0,0.3432172369524835,0.0002533497747725516,0.08118295458386696,0.18238430204711614,0.3432172369524835,0.0,0.0
4738,4,192,4,M,2,0.8296308467682271,0.6726280010052291,1.0,0.6726280010052291,0.0003151008195702437,0.08118295458386696,0.8296308467682271,0.6726280010052291,0.0,0.0
4739,4,192,4,M,3,0.8300565150484659,0.900129351216064,1.0,0.900129351216064,0.0002607317313793739,0.08118295458386696,0.8300565150484659,0.9001293512160641,0.0,0.0
4740,4,193,4,M,0,0.16705924216843498,0.10619914673268797,0.0,0.10619914673268797,0.0002634139370683297,0.08118295458386696,0.16705924216843498,0.10619914673268796,0.0,0.0
4741,4,193,4,M,1,0.18238430204711614,0.3432172369524835,0.0,0.3432172369524835,0.0002533497747725516,0.08118295458386696,0.18238430204711614,0.3432172369524835,0.0,0.0
4742,4,193,4,M,2,0.8296308467682271,0.6726280010052291,1.0,0.6726280010052291,0.0003151008195702437,0.08118295458386696,0.8296308467682272,0.6726280010052292,0.0,0.0
4743,4,193,4,M,3,0.8300565150484659,0.9001293512160641,1.0,0.9001293512160641,0.0002607317313793739,0.08118295458386696,0.8300565150484659,0.9001293512160641,0.0,0.0
4744,4,194,4,M,0,0.16705924216843498,0.10619914673268796,0.0,0.10619914673268796,0.0002634139370683297,0.08118295458386696,0.16705924216843498,0.10619914673268796,0.0,0.0
4745,4,194,4,M,1,0.18238430204711614,0.3432172369524835,0.0,0.3432172369524835,0.0002533497747725516,0.08118295458386696,0.18238430204711617,0.3432172369524835,0.0,0.0
4746,4,194,4,M,2,0.8296308467682272,0.6726280010052292,1.0,0.6726280010052292,0.0003151008195702437,0.08118295458386696,0.8296308467682272,0.6726280010052292,0.0,0.0
4747,4,194,4,M,3,0.8300565150484659,0.9001293512160641,1.0,0.9001293512160641,0.0002607317313793739,0.08118295458386696,0.8300565150484659,0.900129351216064,0.0,0.0
4748,4,195,4,M,0,0.16705924216843498,0.10619914673268796,0.0,0.10619914673268796,0.0002634139370683297,0.08118295458386696,0.16705924216843498,0.10619914673268797,0.0,0.0
4749,4,195,4,M,1,0.18238430204711617,0.3432172369524835,0.0,0.3432172369524835,0.0002533497747725516,0.08118295458386696,0.18238430204711617,0.3432172369524835,0.0,0.0
4750,4,195,4,M,2,0.8296308467682272,0.6726280010052292,1.0,0.6726280010052292,0.0003151008195702437,0.08118295458386696,0.8296308467682271,0.6726280010052291,0.0,0.0
4751,4,195,4,M,3,0.8300565150484659,0.900129351216064,1.0,0.900129351216064,0.0002607317313793739,0.08118295458386696,0.8300565150484659,0.900129351216064,0.0,0.0
4752,4,196,4,M,0,0.16705924216843498,0.10619914673268797,0.0,0.10619914673268797,0.0002634139370683297,0.08118295458386696,0.16705924216843498,0.10619914673268797,0.0,0.0
4753,4,196,4,M,1,0.18238430204711617,0.3432172369524835,0.0,0.3432172369524835,0.0002533497747725516,0.08118295458386696,0.18238430204711614,0.3432172369524835,0.0,0.0
4754,4,196,4,M,2,0.8296308467682271,0.6726280010052291,1.0,0.6726280010052291,0.0003151008195702437,0.08118295458386696,0.8296308467682271,0.6726280010052291,0.0,0.0
4755,4,196,4,M,3,0.8300565150484659,0.900129351216064,1.0,0.900129351216064,0.0002607317313793739,0.08118295458386696,0.8300565150484659,0.9001293512160641,0.0,0.0
4756,4,197,4,M,0,0.16705924216843498,0.10619914673268797,0.0,0.10619914673268797,0.0002634139370683297,0.08118295458386696,0.16705924216843498,0.10619914673268796,0.0,0.0
4757,4,197,4,M,1,0.18238430204711614,0.3432172369524835,0.0,0.3432172369524835,0.0002533497747725516,0.08118295458386696,0.18238430204711614,0.3432172369524835,0.0,0.0
4758,4,197,4,M,2,0.8296308467682271,0.6726280010052291,1.0,0.6726280010052291,0.0003151008195702437,0.08118295458386696,0.8296308467682272,0.6726280010052292,0.0,0.0
4759,4,197,4,M,3,0.8300565150484659,0.9001293512160641,1.0,0.9001293512160641,0.0002607317313793739,0.08118295458386696,0.8300565150484659,0.9001293512160641,0.0,0.0
4760,4,198,4,M,0,0.16705924216843498,0.10619914673268796,0.0,0.10619914673268796,0.0002634139370683297,0.08118295458386696,0.16705924216843498,0.10619914673268796,0.0,0.0
4761,4,198,4,M,1,0.18238430204711614,0.3432172369524835,0.0,0.3432172369524835,0.0002533497747725516,0.08118295458386696,0.18238430204711617,0.3432172369524835,0.0,0.0
4762,4,198,4,M,2,0.8296308467682272,0.6726280010052292,1.0,0.6726280010052292,0.0003151008195702437,0.08118295458386696,0.8296308467682272,0.6726280010052292,0.0,0.0
4763,4,198,4,M,3,0.8300565150484659,0.9001293512160641,1.0,0.9001293512160641,0.0002607317313793739,0.08118295458386696,0.8300565150484659,0.900129351216064,0.0,0.0
4764,4,199,4,M,0,0.16705924216843498,0.10619914673268796,0.0,0.10619914673268796,0.0002634139370683297,0.08118295458386696,0.16705924216843498,0.10619914673268797,0.0,0.0
4765,4,199,4,M,1,0.18238430204711617,0.3432172369524835,0.0,0.3432172369524835,0.0002533497747725516,0.08118295458386696,0.18238430204711617,0.3432172369524835,0.0,0.0
4766,4,199,4,M,2,0.8296308467682272,0.6726280010052292,1.0,0.6726280010052292,0.0003151008195702437,0.08118295458386696,0.8296308467682271,0.6726280010052291,0.0,0.0
4767,4,199,4,M,3,0.8300565150484659,0.900129351216064,1.0,0.900129351216064,0.0002607317313793739,0.08118295458386696,0.8300565150484659,0.900129351216064,0.0,0.0
4768,4,200,4,M,0,0.16705924216843498,0.10619914673268797,0.0,0.10619914673268797,0.0002634139370683297,0.08118295458386696,0.16705924216843498,0.10619914673268797,0.0,0.0
4769,4,200,4,M,1,0.18238430204711617,0.3432172369524835,0.0,0.3432172369524835,0.0002533497747725516,0.08118295458386696,0.18238430204711614,0.3432172369524835,0.0,0.0
4770,4,200,4,M,2,0.8296308467682271,0.6726280010052291,1.0,0.6726280010052291,0.0003151008195702437,0.08118295458386696,0.8296308467682271,0.6726280010052291,0.0,0.0
4771,4,200,4,M,3,0.8300565150484659,0.900129351216064,1.0,0.900129351216064,0.0002607317313793739,0.08118295458386696,0.8300565150484659,0.9001293512160641,0.0,0.0
4772,4,201,4,M,0,0.16705924216843498,0.10619914673268797,0.0,0.10619914673268797,0.0002634139370683297,0.08118295458386696,0.16705924216843498,0.10619914673268796,0.0,0.0
4773,4,201,4,M,1,0.18238430204711614,0.3432172369524835,0.0,0.3432172369524835,0.0002533497747725516,0.08118295458386696,0.18238430204711614,0.3432172369524835,0.0,0.0
4774,4,201,4,M,2,0.8296308467682271,0.6726280010052291,1.0,0.6726280010052291,0.0003151008195702437,0.08118295458386696,0.8296308467682272,0.6726280010052292,0.0,0.0
4775,4,201,4,M,3,0.8300565150484659,0.9001293512160641,1.0,0.9001293512160641,0.0002607317313793739,0.08118295458386696,0.8300565150484659,0.9001293512160641,0.0,0.0
4776,4,202,4,M,0,0.16705924216843498,0.10619914673268796,0.0,0.10619914673268796,0.0002634139370683297,0.08118295458386696,0.16705924216843498,0.10619914673268796,0.0,0.0
4777,4,202,4,M,1,0.18238430204711614,0.3432172369524835,0.0,0.3432172369524835,0.0002533497747725516,0.08118295458386696,0.18238430204711617,0.3432172369524835,0.0,0.0
4778,4,202,4,M,2,0.8296308467682272,0.6726280010052292,1.0,0.6726280010052292,0.0003151008195702437,0.08118295458386696,0.8296308467682272,0.6726280010052292,0.0,0.0
4779,4,202,4,M,3,0.8300565150484659,0.9001293512160641,1.0,0.9001293512160641,0.0002607317313793739,0.08118295458386696,0.8300565150484659,0.900129351216064,0.0,0.0
4780,4,203,4,M,0,0.16705924216843498,0.10619914673268796,0.0,0.10619914673268796,0.0002634139370683297,0.08118295458386696,0.16705924216843498,0.10619914673268797,0.0,0.0
4781,4,203,4,M,1,0.18238430204711617,0.3432172369524835,0.0,0.3432172369524835,0.0002533497747725516,0.08118295458386696,0.18238430204711617,0.3432172369524835,0.0,0.0
4782,4,203,4,M,2,0.8296308467682272,0.6726280010052292,1.0,0.6726280010052292,0.0003151008195702437,0.08118295458386696,0.8296308467682271,0.6726280010052291,0.0,0.0
4783,4,203,4,M,3,0.8300565150484659,0.900129351216064,1.0,0.900129351216064,0.0002607317313793739,0.08118295458386696,0.8300565150484659,0.900129351216064,0.0,0.0
4784,4,204,4,M,0,0.16705924216843498,0.10619914673268797,0.0,0.10619914673268797,0.0002634139370683297,0.08118295458386696,0.16705924216843498,0.10619914673268797,0.0,0.0
4785,4,204,4,M,1,0.18238430204711617,0.3432172369524835,0.0,0.3432172369524835,0.0002533497747725516,0.08118295458386696,0.18238430204711614,0.3432172369524835,0.0,0.0
4786,4,204,4,M,2,0.8296308467682271,0.6726280010052291,1.0,0.6726280010052291,0.0003151008195702437,0.08118295458386696,0.8296308467682271,0.6726280010052291,0.0,0.0
4787,4,204,4,M,3,0.8300565150484659,0.900129351216064,1.0,0.900129351216064,0.0002607317313793739,0.08118295458386696,0.8300565150484659,0.9001293512160641,0.0,0.0
4788,4,205,4,M,0,0.16705924216843498,0.10619914673268797,0.0,0.10619914673268797,0.0002634139370683297,0.08118295458386696,0.16705924216843498,0.10619914673268796,0.0,0.0
4789,4,205,4,M,1,0.18238430204711614,0.3432172369524835,0.0,0.3432172369524835,0.0002533497747725516,0.08118295458386696,0.18238430204711614,0.3432172369524835,0.0,0.0
4790,4,205,4,M,2,0.8296308467682271,0.6726280010052291,1.0,0.6726280010052291,0.0003151008195702437,0.08118295458386696,0.8296308467682272,0.6726280010052292,0.0,0.0
4791,4,205,4,M,3,0.8300565150484659,0.9001293512160641,1.0,0.9001293512160641,0.0002607317313793739,0.08118295458386696,0.8300565150484659,0.9001293512160641,0.0,0.0
4792,4,206,4,M,0,0.16705924216843498,0.10619914673268796,0.0,0.10619914673268796,0.0002634139370683297,0.08118295458386696,0.16705924216843498,0.10619914673268796,0.0,0.0
4793,4,206,4,M,1,0.18238430204711614,0.3432172369524835,0.0,0.3432172369524835,0.0002533497747725516,0.08118295458386696,0.18238430204711617,0.3432172369524835,0.0,0.0
4794,4,206,4,M,2,0.8296308467682272,0.6726280010052292,1.0,0.6726280010052292,0.0003151008195702437,0.08118295458386696,0.8296308467682272,0.6726280010052292,0.0,0.0
4795,4,206,4,M,3,0.8300565150484659,0.9001293512160641,1.0,0.9001293512160641,0.0002607317313793739,0.08118295458386696,0.8300565150484659,0.900129351216064,0.0,0.0
4796,4,207,4,M,0,0.16705924216843498,0.10619914673268796,0.0,0.10619914673268796,0.0002634139370683297,0.08118295458386696,0.16705924216843498,0.10619914673268797,0.0,0.0
4797,4,207,4,M,1,0.18238430204711617,0.3432172369524835,0.0,0.3432172369524835,0.0002533497747725516,0.08118295458386696,0.18238430204711617,0.3432172369524835,0.0,0.0
4798,4,207,4,M,2,0.8296308467682272,0.6726280010052292,1.0,0.6726280010052292,0.0003151008195702437,0.08118295458386696,0.8296308467682271,0.6726280010052291,0.0,0.0
4799,4,207,4,M,3,0.8300565150484659,0.900129351216064,1.0,0.900129351216064,0.0002607317313793739,0.08118295458386696,0.8300565150484659,0.900129351216064,0.0,0.0
4800,4,208,4,M,0,0.16705924216843498,0.10619914673268797,0.0,0.10619914673268797,0.0002634139370683297,0.08118295458386696,0.16705924216843498,0.10619914673268797,0.0,0.0
4801,4,208,4,M,1,0.18238430204711617,0.3432172369524835,0.0,0.3432172369524835,0.0002533497747725516,0.08118295458386696,0.18238430204711614,0.3432172369524835,0.0,0.0
4802,4,208,4,M,2,0.8296308467682271,0.6726280010052291,1.0,0.6726280010052291,0.0003151008195702437,0.08118295458386696,0.8296308467682271,0.6726280010052291,0.0,0.0
4803,4,208,4,M,3,0.8300565150484659,0.900129351216064,1.0,0.900129351216064,0.0002607317313793739,0.08118295458386696,0.8300565150484659,0.9001293512160641,0.0,0.0
4804,4,209,4,M,0,0.16705924216843498,0.10619914673268797,0.0,0.10619914673268797,0.0002634139370683297,0.08118295458386696,0.16705924216843498,0.10619914673268796,0.0,0.0
4805,4,209,4,M,1,0.18238430204711614,0.3432172369524835,0.0,0.3432172369524835,0.0002533497747725516,0.08118295458386696,0.18238430204711614,0.3432172369524835,0.0,0.0
4806,4,209,4,M,2,0.8296308467682271,0.6726280010052291,1.0,0.6726280010052291,0.0003151008195702437,0.08118295458386696,0.8296308467682272,0.6726280010052292,0.0,0.0
4807,4,209,4,M,3,0.8300565150484659,0.9001293512160641,1.0,0.9001293512160641,0.0002607317313793739,0.08118295458386696,0.8300565150484659,0.9001293512160641,0.0,0.0
4808,4,210,4,M,0,0.16705924216843498,0.10619914673268796,0.0,0.10619914673268796,0.0002634139370683297,0.08118295458386696,0.16705924216843498,0.10619914673268796,0.0,0.0
4809,4,210,4,M,1,0.18238430204711614,0.3432172369524835,0.0,0.3432172369524835,0.0002533497747725516,0.08118295458386696,0.18238430204711617,0.3432172369524835,0.0,0.0
4810,4,210,4,M,2,0.8296308467682272,0.6726280010052292,1.0,0.6726280010052292,0.0003151008195702437,0.08118295458386696,0.8296308467682272,0.6726280010052292,0.0,0.0
4811,4,210,4,M,3,0.8300565150484659,0.9001293512160641,1.0,0.9001293512160641,0.0002607317313793739,0.08118295458386696,0.8300565150484659,0.900129351216064,0.0,0.0
4812,4,211,4,M,0,0.16705924216843498,0.10619914673268796,0.0,0.10619914673268796,0.0002634139370683297,0.08118295458386696,0.16705924216843498,0.10619914673268797,0.0,0.0
4813,4,211,4,M,1,0.18238430204711617,0.3432172369524835,0.0,0.3432172369524835,0.0002533497747725516,0.08118295458386696,0.18238430204711617,0.3432172369524835,0.0,0.0
4814,4,211,4,M,2,0.8296308467682272,0.6726280010052292,1.0,0.6726280010052292,0.0003151008195702437,0.08118295458386696,0.8296308467682271,0.6726280010052291,0.0,0.0
4815,4,211,4,M,3,0.8300565150484659,0.900129351216064,1.0,0.900129351216064,0.0002607317313793739,0.08118295458386696,0.8300565150484659,0.900129351216064,0.0,0.0
4816,4,212,4,M,0,0.16705924216843498,0.10619914673268797,0.0,0.10619914673268797,0.0002634139370683297,0.08118295458386696,0.16705924216843498,0.10619914673268797,0.0,0.0
4817,4,212,4,M,1,0.18238430204711617,0.3432172369524835,0.0,0.3432172369524835,0.0002533497747725516,0.08118295458386696,0.18238430204711614,0.3432172369524835,0.0,0.0
4818,4,212,4,M,2,0.8296308467682271,0.6726280010052291,1.0,0.6726280010052291,0.0003151008195702437,0.08118295458386696,0.8296308467682271,0.6726280010052291,0.0,0.0
4819,4,212,4,M,3,0.8300565150484659,0.900129351216064,1.0,0.900129351216064,0.0002607317313793739,0.08118295458386696,0.8300565150484659,0.9001293512160641,0.0,0.0
4820,4,213,4,M,0,0.16705924216843498,0.10619914673268797,0.0,0.10619914673268797,0.0002634139370683297,0.08118295458386696,0.16705924216843498,0.10619914673268796,0.0,0.0
4821,4,213,4,M,1,0.18238430204711614,0.3432172369524835,0.0,0.3432172369524835,0.0002533497747725516,0.08118295458386696,0.18238430204711614,0.3432172369524835,0.0,0.0
4822,4,213,4,M,2,0.8296308467682271,0.6726280010052291,1.0,0.6726280010052291,0.0003151008195702437,0.08118295458386696,0.8296308467682272,0.6726280010052292,0.0,0.0
4823,4,213,4,M,3,0.8300565150484659,0.9001293512160641,1.0,0.9001293512160641,0.0002607317313793739,0.08118295458386696,0.8300565150484659,0.9001293512160641,0.0,0.0
4824,4,214,4,M,0,0.16705924216843498,0.10619914673268796,0.0,0.10619914673268796,0.0002634139370683297,0.08118295458386696,0.16705924216843498,0.10619914673268796,0.0,0.0
4825,4,214,4,M,1,0.18238430204711614,0.3432172369524835,0.0,0.3432172369524835,0.0002533497747725516,0.08118295458386696,0.18238430204711617,0.3432172369524835,0.0,0.0
4826,4,214,4,M,2,0.8296308467682272,0.6726280010052292,1.0,0.6726280010052292,0.0003151008195702437,0.08118295458386696,0.8296308467682272,0.6726280010052292,0.0,0.0
4827,4,214,4,M,3,0.8300565150484659,0.9001293512160641,1.0,0.9001293512160641,0.0002607317313793739,0.08118295458386696,0.8300565150484659,0.900129351216064,0.0,0.0
4828,4,215,4,M,0,0.16705924216843498,0.10619914673268796,0.0,0.10619914673268796,0.0002634139370683297,0.08118295458386696,0.16705924216843498,0.10619914673268797,0.0,0.0
4829,4,215,4,M,1,0.18238430204711617,0.3432172369524835,0.0,0.3432172369524835,0.0002533497747725516,0.08118295458386696,0.18238430204711617,0.3432172369524835,0.0,0.0
4830,4,215,4,M,2,0.8296308467682272,0.6726280010052292,1.0,0.6726280010052292,0.0003151008195702437,0.08118295458386696,0.8296308467682271,0.6726280010052291,0.0,0.0
4831,4,215,4,M,3,0.8300565150484659,0.900129351216064,1.0,0.900129351216064,0.0002607317313793739,0.08118295458386696,0.8300565150484659,0.900129351216064,0.0,0.0
4832,4,216,4,M,0,0.16705924216843498,0.10619914673268797,0.0,0.10619914673268797,0.0002634139370683297,0.08118295458386696,0.16705924216843498,0.10619914673268797,0.0,0.0
4833,4,216,4,M,1,0.18238430204711617,0.3432172369524835,0.0,0.3432172369524835,0.0002533497747725516,0.08118295458386696,0.18238430204711614,0.3432172369524835,0.0,0.0
4834,4,216,4,M,2,0.8296308467682271,0.6726280010052291,1.0,0.6726280010052291,0.0003151008195702437,0.08118295458386696,0.8296308467682271,0.6726280010052291,0.0,0.0
4835,4,216,4,M,3,0.8300565150484659,0.900129351216064,1.0,0.900129351216064,0.0002607317313793739,0.08118295458386696,0.8300565150484659,0.9001293512160641,0.0,0.0
4836,4,217,4,M,0,0.16705924216843498,0.10619914673268797,0.0,0.10619914673268797,0.0002634139370683297,0.08118295458386696,0.16705924216843498,0.10619914673268796,0.0,0.0
4837,4,217,4,M,1,0.18238430204711614,0.3432172369524835,0.0,0.3432172369524835,0.0002533497747725516,0.08118295458386696,0.18238430204711614,0.3432172369524835,0.0,0.0
4838,4,217,4,M,2,0.8296308467682271,0.6726280010052291,1.0,0.6726280010052291,0.0003151008195702437,0.08118295458386696,0.8296308467682272,0.6726280010052292,0.0,0.0
4839,4,217,4,M,3,0.8300565150484659,0.9001293512160641,1.0,0.9001293512160641,0.0002607317313793739,0.08118295458386696,0.8300565150484659,0.9001293512160641,0.0,0.0
4840,4,218,4,M,0,0.16705924216843498,0.10619914673268796,0.0,0.10619914673268796,0.0002634139370683297,0.08118295458386696,0.16705924216843498,0.10619914673268796,0.0,0.0
4841,4,218,4,M,1,0.18238430204711614,0.3432172369524835,0.0,0.3432172369524835,0.0002533497747725516,0.08118295458386696,0.18238430204711617,0.3432172369524835,0.0,0.0
4842,4,218,4,M,2,0.8296308467682272,0.6726280010052292,1.0,0.6726280010052292,0.0003151008195702437,0.08118295458386696,0.8296308467682272,0.6726280010052292,0.0,0.0
4843,4,218,4,M,3,0.8300565150484659,0.9001293512160641,1.0,0.9001293512160641,0.0002607317313793739,0.08118295458386696,0.8300565150484659,0.900129351216064,0.0,0.0
4844,4,219,4,M,0,0.16705924216843498,0.10619914673268796,0.0,0.10619914673268796,0.0002634139370683297,0.08118295458386696,0.16705924216843498,0.10619914673268797,0.0,0.0
4845,4,219,4,M,1,0.18238430204711617,0.3432172369524835,0.0,0.3432172369524835,0.0002533497747725516,0.08118295458386696,0.18238430204711617,0.3432172369524835,0.0,0.0
4846,4,219,4,M,2,0.8296308467682272,0.6726280010052292,1.0,0.6726280010052292,0.0003151008195702437,0.08118295458386696,0.8296308467682271,0.6726280010052291,0.0,0.0
4847,4,219,4,M,3,0.8300565150484659,0.900129351216064,1.0,0.900129351216064,0.0002607317313793739,0.08118295458386696,0.8300565150484659,0.900129351216064,0.0,0.0
4848,4,220,4,M,0,0.16705924216843498,0.10619914673268797,0.0,0.10619914673268797,0.0002634139370683297,0.08118295458386696,0.16705924216843498,0.10619914673268797,0.0,0.0
4849,4,220,4,M,1,0.18238430204711617,0.3432172369524835,0.0,0.3432172369524835,0.0002533497747725516,0.08118295458386696,0.18238430204711614,0.3432172369524835,0.0,0.0
4850,4,220,4,M,2,0.8296308467682271,0.6726280010052291,1.0,0.6726280010052291,0.0003151008195702437,0.08118295458386696,0.8296308467682271,0.6726280010052291,0.0,0.0
4851,4,220,4,M,3,0.8300565150484659,0.900129351216064,1.0,0.900129351216064,0.0002607317313793739,0.08118295458386696,0.8300565150484659,0.9001293512160641,0.0,0.0
4852,4,221,4,M,0,0.16705924216843498,0.10619914673268797,0.0,0.10619914673268797,0.0002634139370683297,0.08118295458386696,0.16705924216843498,0.10619914673268796,0.0,0.0
4853,4,221,4,M,1,0.18238430204711614,0.3432172369524835,0.0,0.3432172369524835,0.0002533497747725516,0.08118295458386696,0.18238430204711614,0.3432172369524835,0.0,0.0
4854,4,221,4,M,2,0.8296308467682271,0.6726280010052291,1.0,0.6726280010052291,0.0003151008195702437,0.08118295458386696,0.8296308467682272,0.6726280010052292,0.0,0.0
4855,4,221,4,M,3,0.8300565150484659,0.9001293512160641,1.0,0.9001293512160641,0.0002607317313793739,0.08118295458386696,0.8300565150484659,0.9001293512160641,0.0,0.0
4856,4,222,4,M,0,0.16705924216843498,0.10619914673268796,0.0,0.10619914673268796,0.0002634139370683297,0.08118295458386696,0.16705924216843498,0.10619914673268796,0.0,0.0
4857,4,222,4,M,1,0.18238430204711614,0.3432172369524835,0.0,0.3432172369524835,0.0002533497747725516,0.08118295458386696,0.18238430204711617,0.3432172369524835,0.0,0.0
4858,4,222,4,M,2,0.8296308467682272,0.6726280010052292,1.0,0.6726280010052292,0.0003151008195702437,0.08118295458386696,0.8296308467682272,0.6726280010052292,0.0,0.0
4859,4,222,4,M,3,0.8300565150484659,0.9001293512160641,1.0,0.9001293512160641,0.0002607317313793739,0.08118295458386696,0.8300565150484659,0.900129351216064,0.0,0.0
4860,4,223,4,M,0,0.16705924216843498,0.10619914673268796,0.0,0.10619914673268796,0.0002634139370683297,0.08118295458386696,0.16705924216843498,0.10619914673268797,0.0,0.0
4861,4,223,4,M,1,0.18238430204711617,0.3432172369524835,0.0,0.3432172369524835,0.0002533497747725516,0.08118295458386696,0.18238430204711617,0.3432172369524835,0.0,0.0
4862,4,223,4,M,2,0.8296308467682272,0.6726280010052292,1.0,0.6726280010052292,0.0003151008195702437,0.08118295458386696,0.8296308467682271,0.6726280010052291,0.0,0.0
4863,4,223,4,M,3,0.8300565150484659,0.900129351216064,1.0,0.900129351216064,0.0002607317313793739,0.08118295458386696,0.8300565150484659,0.900129351216064,0.0,0.0
4864,4,224,4,M,0,0.16705924216843498,0.10619914673268797,0.0,0.10619914673268797,0.0002634139370683297,0.08118295458386696,0.16705924216843498,0.10619914673268797,0.0,0.0
4865,4,224,4,M,1,0.18238430204711617,0.3432172369524835,0.0,0.3432172369524835,0.0002533497747725516,0.08118295458386696,0.18238430204711614,0.3432172369524835,0.0,0.0
4866,4,224,4,M,2,0.8296308467682271,0.6726280010052291,1.0,0.6726280010052291,0.0003151008195702437,0.08118295458386696,0.8296308467682271,0.6726280010052291,0.0,0.0
4867,4,224,4,M,3,0.8300565150484659,0.900129351216064,1.0,0.900129351216064,0.0002607317313793739,0.08118295458386696,0.8300565150484659,0.9001293512160641,0.0,0.0
4868,4,225,4,M,0,0.16705924216843498,0.10619914673268797,0.0,0.10619914673268797,0.0002634139370683297,0.08118295458386696,0.16705924216843498,0.10619914673268796,0.0,0.0
4869,4,225,4,M,1,0.18238430204711614,0.3432172369524835,0.0,0.3432172369524835,0.0002533497747725516,0.08118295458386696,0.18238430204711614,0.3432172369524835,0.0,0.0
4870,4,225,4,M,2,0.8296308467682271,0.6726280010052291,1.0,0.6726280010052291,0.0003151008195702437,0.08118295458386696,0.8296308467682272,0.6726280010052292,0.0,0.0
4871,4,225,4,M,3,0.8300565150484659,0.9001293512160641,1.0,0.9001293512160641,0.0002607317313793739,0.08118295458386696,0.8300565150484659,0.9001293512160641,0.0,0.0
4872,4,226,4,M,0,0.16705924216843498,0.10619914673268796,0.0,0.10619914673268796,0.0002634139370683297,0.08118295458386696,0.16705924216843498,0.10619914673268796,0.0,0.0
4873,4,226,4,M,1,0.18238430204711614,0.3432172369524835,0.0,0.3432172369524835,0.0002533497747725516,0.08118295458386696,0.18238430204711617,0.3432172369524835,0.0,0.0
4874,4,226,4,M,2,0.8296308467682272,0.6726280010052292,1.0,0.6726280010052292,0.0003151008195702437,0.08118295458386696,0.8296308467682272,0.6726280010052292,0.0,0.0
4875,4,226,4,M,3,0.8300565150484659,0.9001293512160641,1.0,0.9001293512160641,0.0002607317313793739,0.08118295458386696,0.8300565150484659,0.900129351216064,0.0,0.0
4876,4,227,4,M,0,0.16705924216843498,0.10619914673268796,0.0,0.10619914673268796,0.0002634139370683297,0.08118295458386696,0.16705924216843498,0.10619914673268797,0.0,0.0
4877,4,227,4,M,1,0.18238430204711617,0.3432172369524835,0.0,0.3432172369524835,0.0002533497747725516,0.08118295458386696,0.18238430204711617,0.3432172369524835,0.0,0.0
4878,4,227,4,M,2,0.8296308467682272,0.6726280010052292,1.0,0.6726280010052292,0.0003151008195702437,0.08118295458386696,0.8296308467682271,0.6726280010052291,0.0,0.0
4879,4,227,4,M,3,0.8300565150484659,0.900129351216064,1.0,0.900129351216064,0.0002607317313793739,0.08118295458386696,0.8300565150484659,0.900129351216064,0.0,0.0
4880,4,228,4,M,0,0.16705924216843498,0.10619914673268797,0.0,0.10619914673268797,0.0002634139370683297,0.08118295458386696,0.16705924216843498,0.10619914673268797,0.0,0.0
4881,4,228,4,M,1,0.18238430204711617,0.3432172369524835,0.0,0.3432172369524835,0.0002533497747725516,0.08118295458386696,0.18238430204711614,0.3432172369524835,0.0,0.0
4882,4,228,4,M,2,0.8296308467682271,0.6726280010052291,1.0,0.6726280010052291,0.0003151008195702437,0.08118295458386696,0.8296308467682271,0.6726280010052291,0.0,0.0
4883,4,228,4,M,3,0.8300565150484659,0.900129351216064,1.0,0.900129351216064,0.0002607317313793739,0.08118295458386696,0.8300565150484659,0.9001293512160641,0.0,0.0
4884,4,229,4,M,0,0.16705924216843498,0.10619914673268797,0.0,0.10619914673268797,0.0002634139370683297,0.08118295458386696,0.16705924216843498,0.10619914673268796,0.0,0.0
4885,4,229,4,M,1,0.18238430204711614,0.3432172369524835,0.0,0.3432172369524835,0.0002533497747725516,0.08118295458386696,0.18238430204711614,0.3432172369524835,0.0,0.0
4886,4,229,4,M,2,0.8296308467682271,0.6726280010052291,1.0,0.6726280010052291,0.0003151008195702437,0.08118295458386696,0.8296308467682272,0.6726280010052292,0.0,0.0
4887,4,229,4,M,3,0.8300565150484659,0.9001293512160641,1.0,0.9001293512160641,0.0002607317313793739,0.08118295458386696,0.8300565150484659,0.9001293512160641,0.0,0.0
4888,4,230,4,M,0,0.16705924216843498,0.10619914673268796,0.0,0.10619914673268796,0.0002634139370683297,0.08118295458386696,0.16705924216843498,0.10619914673268796,0.0,0.0
4889,4,230,4,M,1,0.18238430204711614,0.3432172369524835,0.0,0.3432172369524835,0.0002533497747725516,0.08118295458386696,0.18238430204711617,0.3432172369524835,0.0,0.0
4890,4,230,4,M,2,0.8296308467682272,0.6726280010052292,1.0,0.6726280010052292,0.0003151008195702437,0.08118295458386696,0.8296308467682272,0.6726280010052292,0.0,0.0
4891,4,230,4,M,3,0.8300565150484659,0.9001293512160641,1.0,0.9001293512160641,0.0002607317313793739,0.08118295458386696,0.8300565150484659,0.900129351216064,0.0,0.0
4892,4,231,4,M,0,0.16705924216843498,0.10619914673268796,0.0,0.10619914673268796,0.0002634139370683297,0.08118295458386696,0.16705924216843498,0.10619914673268797,0.0,0.0
4893,4,231,4,M,1,0.18238430204711617,0.3432172369524835,0.0,0.3432172369524835,0.0002533497747725516,0.08118295458386696,0.18238430204711617,0.3432172369524835,0.0,0.0
4894,4,231,4,M,2,0.8296308467682272,0.6726280010052292,1.0,0.6726280010052292,0.0003151008195702437,0.08118295458386696,0.8296308467682271,0.6726280010052291,0.0,0.0
4895,4,231,4,M,3,0.8300565150484659,0.900129351216064,1.0,0.900129351216064,0.0002607317313793739,0.08118295458386696,0.8300565150484659,0.900129351216064,0.0,0.0
4896,4,232,4,M,0,0.16705924216843498,0.10619914673268797,0.0,0.10619914673268797,0.0002634139370683297,0.08118295458386696,0.16705924216843498,0.10619914673268797,0.0,0.0
4897,4,232,4,M,1,0.18238430204711617,0.3432172369524835,0.0,0.3432172369524835,0.0002533497747725516,0.08118295458386696,0.18238430204711614,0.3432172369524835,0.0,0.0
4898,4,232,4,M,2,0.8296308467682271,0.6726280010052291,1.0,0.6726280010052291,0.0003151008195702437,0.08118295458386696,0.8296308467682271,0.6726280010052291,0.0,0.0
4899,4,232,4,M,3,0.8300565150484659,0.900129351216064,1.0,0.900129351216064,0.0002607317313793739,0.08118295458386696,0.8300565150484659,0.9001293512160641,0.0,0.0
4900,4,233,4,M,0,0.16705924216843498,0.10619914673268797,0.0,0.10619914673268797,0.0002634139370683297,0.08118295458386696,0.16705924216843498,0.10619914673268796,0.0,0.0
4901,4,233,4,M,1,0.18238430204711614,0.3432172369524835,0.0,0.3432172369524835,0.0002533497747725516,0.08118295458386696,0.18238430204711614,0.3432172369524835,0.0,0.0
4902,4,233,4,M,2,0.8296308467682271,0.6726280010052291,1.0,0.6726280010052291,0.0003151008195702437,0.08118295458386696,0.8296308467682272,0.6726280010052292,0.0,0.0
4903,4,233,4,M,3,0.8300565150484659,0.9001293512160641,1.0,0.9001293512160641,0.0002607317313793739,0.08118295458386696,0.8300565150484659,0.9001293512160641,0.0,0.0
4904,4,234,4,M,0,0.16705924216843498,0.10619914673268796,0.0,0.10619914673268796,0.0002634139370683297,0.08118295458386696,0.16705924216843498,0.10619914673268796,0.0,0.0
4905,4,234,4,M,1,0.18238430204711614,0.3432172369524835,0.0,0.3432172369524835,0.0002533497747725516,0.08118295458386696,0.18238430204711617,0.3432172369524835,0.0,0.0
4906,4,234,4,M,2,0.8296308467682272,0.6726280010052292,1.0,0.6726280010052292,0.0003151008195702437,0.08118295458386696,0.8296308467682272,0.6726280010052292,0.0,0.0
4907,4,234,4,M,3,0.8300565150484659,0.9001293512160641,1.0,0.9001293512160641,0.0002607317313793739,0.08118295458386696,0.8300565150484659,0.900129351216064,0.0,0.0
4908,4,235,4,M,0,0.16705924216843498,0.10619914673268796,0.0,0.10619914673268796,0.0002634139370683297,0.08118295458386696,0.16705924216843498,0.10619914673268797,0.0,0.0
4909,4,235,4,M,1,0.18238430204711617,0.3432172369524835,0.0,0.3432172369524835,0.0002533497747725516,0.08118295458386696,0.18238430204711617,0.3432172369524835,0.0,0.0
4910,4,235,4,M,2,0.8296308467682272,0.6726280010052292,1.0,0.6726280010052292,0.0003151008195702437,0.08118295458386696,0.8296308467682271,0.6726280010052291,0.0,0.0
4911,4,235,4,M,3,0.8300565150484659,0.900129351216064,1.0,0.900129351216064,0.0002607317313793739,0.08118295458386696,0.8300565150484659,0.900129351216064,0.0,0.0
4912,4,236,4,M,0,0.16705924216843498,0.10619914673268797,0.0,0.10619914673268797,0.0002634139370683297,0.08118295458386696,0.16705924216843498,0.10619914673268797,0.0,0.0
4913,4,236,4,M,1,0.18238430204711617,0.3432172369524835,0.0,0.3432172369524835,0.0002533497747725516,0.08118295458386696,0.18238430204711614,0.3432172369524835,0.0,0.0
4914,4,236,4,M,2,0.8296308467682271,0.6726280010052291,1.0,0.6726280010052291,0.0003151008195702437,0.08118295458386696,0.8296308467682271,0.6726280010052291,0.0,0.0
4915,4,236,4,M,3,0.8300565150484659,0.900129351216064,1.0,0.900129351216064,0.0002607317313793739,0.08118295458386696,0.8300565150484659,0.9001293512160641,0.0,0.0
4916,4,237,4,M,0,0.16705924216843498,0.10619914673268797,0.0,0.10619914673268797,0.0002634139370683297,0.08118295458386696,0.16705924216843498,0.10619914673268796,0.0,0.0
4917,4,237,4,M,1,0.18238430204711614,0.3432172369524835,0.0,0.3432172369524835,0.0002533497747725516,0.08118295458386696,0.18238430204711614,0.3432172369524835,0.0,0.0
4918,4,237,4,M,2,0.8296308467682271,0.6726280010052291,1.0,0.6726280010052291,0.0003151008195702437,0.08118295458386696,0.8296308467682272,0.6726280010052292,0.0,0.0
4919,4,237,4,M,3,0.8300565150484659,0.9001293512160641,1.0,0.9001293512160641,0.0002607317313793739,0.08118295458386696,0.8300565150484659,0.9001293512160641,0.0,0.0
4920,4,238,4,M,0,0.16705924216843498,0.10619914673268796,0.0,0.10619914673268796,0.0002634139370683297,0.08118295458386696,0.16705924216843498,0.10619914673268796,0.0,0.0
4921,4,238,4,M,1,0.18238430204711614,0.3432172369524835,0.0,0.3432172369524835,0.0002533497747725516,0.08118295458386696,0.18238430204711617,0.3432172369524835,0.0,0.0
4922,4,238,4,M,2,0.8296308467682272,0.6726280010052292,1.0,0.6726280010052292,0.0003151008195702437,0.08118295458386696,0.8296308467682272,0.6726280010052292,0.0,0.0
4923,4,238,4,M,3,0.8300565150484659,0.9001293512160641,1.0,0.9001293512160641,0.0002607317313793739,0.08118295458386696,0.8300565150484659,0.900129351216064,0.0,0.0
4924,4,239,4,M,0,0.16705924216843498,0.10619914673268796,0.0,0.10619914673268796,0.0002634139370683297,0.08118295458386696,0.16705924216843498,0.10619914673268797,0.0,0.0
4925,4,239,4,M,1,0.18238430204711617,0.3432172369524835,0.0,0.3432172369524835,0.0002533497747725516,0.08118295458386696,0.18238430204711617,0.3432172369524835,0.0,0.0
4926,4,239,4,M,2,0.8296308467682272,0.6726280010052292,1.0,0.6726280010052292,0.0003151008195702437,0.08118295458386696,0.8296308467682271,0.6726280010052291,0.0,0.0
4927,4,239,4,M,3,0.8300565150484659,0.900129351216064,1.0,0.900129351216064,0.0002607317313793739,0.08118295458386696,0.8300565150484659,0.900129351216064,0.0,0.0
4928,4,240,4,M,0,0.16705924216843498,0.10619914673268797,0.0,0.10619914673268797,0.0002634139370683297,0.08118295458386696,0.16705924216843498,0.10619914673268797,0.0,0.0
4929,4,240,4,M,1,0.18238430204711617,0.3432172369524835,0.0,0.3432172369524835,0.0002533497747725516,0.08118295458386696,0.18238430204711614,0.3432172369524835,0.0,0.0
4930,4,240,4,M,2,0.8296308467682271,0.6726280010052291,1.0,0.6726280010052291,0.0003151008195702437,0.08118295458386696,0.8296308467682271,0.6726280010052291,0.0,0.0
4931,4,240,4,M,3,0.8300565150484659,0.900129351216064,1.0,0.900129351216064,0.0002607317313793739,0.08118295458386696,0.8300565150484659,0.9001293512160641,0.0,0.0
4932,4,241,4,M,0,0.16705924216843498,0.10619914673268797,0.0,0.10619914673268797,0.0002634139370683297,0.08118295458386696,0.16705924216843498,0.10619914673268796,0.0,0.0
4933,4,241,4,M,1,0.18238430204711614,0.3432172369524835,0.0,0.3432172369524835,0.0002533497747725516,0.08118295458386696,0.18238430204711614,0.3432172369524835,0.0,0.0
4934,4,241,4,M,2,0.8296308467682271,0.6726280010052291,1.0,0.6726280010052291,0.0003151008195702437,0.08118295458386696,0.8296308467682272,0.6726280010052292,0.0,0.0
4935,4,241,4,M,3,0.8300565150484659,0.9001293512160641,1.0,0.9001293512160641,0.0002607317313793739,0.08118295458386696,0.8300565150484659,0.9001293512160641,0.0,0.0
4936,4,242,4,M,0,0.16705924216843498,0.10619914673268796,0.0,0.10619914673268796,0.0002634139370683297,0.08118295458386696,0.16705924216843498,0.10619914673268796,0.0,0.0
4937,4,242,4,M,1,0.18238430204711614,0.3432172369524835,0.0,0.3432172369524835,0.0002533497747725516,0.08118295458386696,0.18238430204711617,0.3432172369524835,0.0,0.0
4938,4,242,4,M,2,0.8296308467682272,0.6726280010052292,1.0,0.6726280010052292,0.0003151008195702437,0.08118295458386696,0.8296308467682272,0.6726280010052292,0.0,0.0
4939,4,242,4,M,3,0.8300565150484659,0.9001293512160641,1.0,0.9001293512160641,0.0002607317313793739,0.08118295458386696,0.8300565150484659,0.900129351216064,0.0,0.0
4940,4,243,4,M,0,0.16705924216843498,0.10619914673268796,0.0,0.10619914673268796,0.0002634139370683297,0.08118295458386696,0.16705924216843498,0.10619914673268797,0.0,0.0
4941,4,243,4,M,1,0.18238430204711617,0.3432172369524835,0.0,0.3432172369524835,0.0002533497747725516,0.08118295458386696,0.18238430204711617,0.3432172369524835,0.0,0.0
4942,4,243,4,M,2,0.8296308467682272,0.6726280010052292,1.0,0.6726280010052292,0.0003151008195702437,0.08118295458386696,0.8296308467682271,0.6726280010052291,0.0,0.0
4943,4,243,4,M,3,0.8300565150484659,0.900129351216064,1.0,0.900129351216064,0.0002607317313793739,0.08118295458386696,0.8300565150484659,0.900129351216064,0.0,0.0
4944,4,244,4,M,0,0.16705924216843498,0.10619914673268797,0.0,0.10619914673268797,0.0002634139370683297,0.08118295458386696,0.16705924216843498,0.10619914673268797,0.0,0.0
4945,4,244,4,M,1,0.18238430204711617,0.3432172369524835,0.0,0.3432172369524835,0.0002533497747725516,0.08118295458386696,0.18238430204711614,0.3432172369524835,0.0,0.0
4946,4,244,4,M,2,0.8296308467682271,0.6726280010052291,1.0,0.6726280010052291,0.0003151008195702437,0.08118295458386696,0.8296308467682271,0.6726280010052291,0.0,0.0
4947,4,244,4,M,3,0.8300565150484659,0.900129351216064,1.0,0.900129351216064,0.0002607317313793739,0.08118295458386696,0.8300565150484659,0.9001293512160641,0.0,0.0
4948,4,245,4,M,0,0.16705924216843498,0.10619914673268797,0.0,0.10619914673268797,0.0002634139370683297,0.08118295458386696,0.16705924216843498,0.10619914673268796,0.0,0.0
4949,4,245,4,M,1,0.18238430204711614,0.3432172369524835,0.0,0.3432172369524835,0.0002533497747725516,0.08118295458386696,0.18238430204711614,0.3432172369524835,0.0,0.0
4950,4,245,4,M,2,0.8296308467682271,0.6726280010052291,1.0,0.6726280010052291,0.0003151008195702437,0.08118295458386696,0.8296308467682272,0.6726280010052292,0.0,0.0
4951,4,245,4,M,3,0.8300565150484659,0.9001293512160641,1.0,0.9001293512160641,0.0002607317313793739,0.08118295458386696,0.8300565150484659,0.9001293512160641,0.0,0.0
4952,4,246,4,M,0,0.16705924216843498,0.10619914673268796,0.0,0.10619914673268796,0.0002634139370683297,0.08118295458386696,0.16705924216843498,0.10619914673268796,0.0,0.0
4953,4,246,4,M,1,0.18238430204711614,0.3432172369524835,0.0,0.3432172369524835,0.0002533497747725516,0.08118295458386696,0.18238430204711617,0.3432172369524835,0.0,0.0
4954,4,246,4,M,2,0.8296308467682272,0.6726280010052292,1.0,0.6726280010052292,0.0003151008195702437,0.08118295458386696,0.8296308467682272,0.6726280010052292,0.0,0.0
4955,4,246,4,M,3,0.8300565150484659,0.9001293512160641,1.0,0.9001293512160641,0.0002607317313793739,0.08118295458386696,0.8300565150484659,0.900129351216064,0.0,0.0
4956,4,247,4,M,0,0.16705924216843498,0.10619914673268796,0.0,0.10619914673268796,0.0002634139370683297,0.08118295458386696,0.16705924216843498,0.10619914673268797,0.0,0.0
4957,4,247,4,M,1,0.18238430204711617,0.3432172369524835,0.0,0.3432172369524835,0.0002533497747725516,0.08118295458386696,0.18238430204711617,0.3432172369524835,0.0,0.0
4958,4,247,4,M,2,0.8296308467682272,0.6726280010052292,1.0,0.6726280010052292,0.0003151008195702437,0.08118295458386696,0.8296308467682271,0.6726280010052291,0.0,0.0
4959,4,247,4,M,3,0.8300565150484659,0.900129351216064,1.0,0.900129351216064,0.0002607317313793739,0.08118295458386696,0.8300565150484659,0.900129351216064,0.0,0.0
4960,5,0,0,M,0,0.8118913804281036,0.9994919600087175,0.0,0.9994919600087175,0.04633386588777007,0.08118295458386696,0.2549151496287772,0.8407248706441357,0.0,0.0
4961,5,0,0,M,1,0.9527961170323146,0.7692250215058232,1.0,0.7692250215058232,0.045753225433041354,0.08118295458386696,0.8236644268768406,0.646243196656328,0.0,0.0
4962,5,0,0,M,2,0.856250224675953,0.924245153316619,1.0,0.924245153316619,0.04633386588777013,0.08118295458386696,0.5737854774050622,0.7346801907782967,0.0,0.0
4963,5,0,0,M,3,0.8416965326407598,0.27804528484159274,0.0,0.27804528484159274,0.046333865887770116,0.08118295458386696,0.5764797130811858,0.29285945174804684,0.0,0.0
4964,5,1,0,M,0,0.24,0.76,0.0,0.76,0.04542939532630979,0.08118295458386696,0.15621930481860918,0.7872362989727697,1.0,1.0
4965,5,1,0,M,1,0.8236644268768406,0.646243196656328,1.0,0.646243196656328,0.0423985003670466,0.08118295458386696,0.8565839915070064,0.6712654202189711,0.0,0.0
4966,5,1,0,M,2,0.76,0.76,0.5,0.76,0.03958185466031564,0.08118295458386696,0.5945741669719109,0.7818465440105185,1.0,1.0
4967,5,1,0,M,3,0.76,0.24,0.0,0.24,0.0463331980386481,0.08118295458386696,0.5421584672938894,0.20674656047479262,1.0,1.0
4968,5,2,0,M,0,0.5,1.0,0.0,1.0,0.045638179475591796,0.08118295458386696,0.10746265418554603,0.7060362057822527,1.0,1.0
4969,5,2,0,M,1,0.8565839915070064,0.6712654202189711,0.64,0.6712654202189711,0.02868823277002542,0.08118295458386696,0.8748648859299676,0.7736429325107754,0.0,0.0
4970,5,2,0,M,2,1.0,1.0,0.46,1.0,0.036885707284799674,0.08118295458386696,0.6355193065387162,0.7875888881795905,1.0,1.0
4971,5,2,0,M,3,1.0,0.5,0.0,0.5,0.04632724460626303,0.08118295458386696,0.5323512815710773,0.18540563973285032,1.0,1.0
4972,5,3,0,M,0,0.0,1.0,0.0,1.0,0.045660211206751844,0.08118295458386696,0.10729444680743788,0.49869386113907005,1.0,1.0
4973,5,3,0,M,1,0.8748648859299676,0.7736429325107754,1.0,0.7736429325107754,0.017713415112668898,0.08118295458386696,0.8851615878834357,0.8127318776409062,0.0,0.0
4974,5,3,0,M,2,0.6355193065387162,0.7875888881795905,0.76,0.7875888881795905,0.017713258720363223,0.08118295458386696,0.6451916889074838,0.7912095028528494,0.0,0.0
4975,5,3,0,M,3,0.5,0.5,0.0,0.5,0.04632440248885751,0.08118295458386696,0.6071473796983298,0.11006309625349187,1.0,1.0
4976,5,4,0,M,0,0.10729444680743788,0.49869386113907005,0.0,0.49869386113907005,0.04600319750428154,0.08118295458386696,0.16423537537898933,0.41642093844561445,0.0,0.0
4977,5,4,0,M,1,0.8851615878834357,0.8127318776409062,1.0,0.8127318776409062,0.017712702227722837,0.08118295458386696,0.8881043710959653,0.8236823594178511,0.0,0.0
4978,5,4,0,M,2,0.6451916889074838,0.7912095028528494,0.24,0.7912095028528494,0.017691867601324657,0.08118295458386696,0.6443969055359564,0.7750229477657795,0.0,0.0
4979,5,4,0,M,3,0.0,0.5,0.24,0.5,0.04557785433178192,0.08118295458386696,0.7027289350437295,0.08195380729353678,1.0,1.0
4980,5,5,0,M,0,0.16423537537898933,0.41642093844561445,0.34,0.41642093844561445,0.04050907156868588,0.08118295458386696,0.15061555084497374,0.1757126377727709,0.0,0.0
4981,5,5,0,M,1,0.8881043710959653,0.8236823594178511,1.0,0.8236823594178511,0.01771269403720742,0.08118295458386696,0.8879495474990086,0.8303451231364458,0.0,0.0
4982,5,5,0,M,2,0.6443969055359564,0.7750229477657795,0.24,0.7750229477657795,0.017691391985002802,0.08118295458386696,0.644755267077734,0.7663114233220721,0.0,0.0
4983,5,5,0,M,3,0.0,0.0,0.42,0.0,0.04320936109832228,0.08118295458386696,0.7004221301397745,0.07783663996317933,1.0,1.0
4984,5,6,0,M,0,0.15061555084497374,0.1757126377727709,0.4,0.1757126377727709,0.03630667345498157,0.08118295458386696,0.19205661596408807,0.1891238064354679,0.0,0.0
4985,5,6,0,M,1,0.8879495474990086,0.8303451231364458,1.0,0.8303451231364458,0.017694043996339476,0.08118295458386696,0.8870349581628033,0.8347745264605952,0.0,0.0
4986,5,6,0,M,2,0.644755267077734,0.7663114233220721,0.24,0.7663114233220721,0.017672993722561786,0.08118295458386696,0.6384838901526809,0.763425997832192,0.0,0.0
4987,5,6,0,M,3,0.24,0.24,1.0,0.24,0.042175412602304264,0.08118295458386696,0.7180865945443171,0.09158432959926963,1.0,1.0
4988,5,7,0,M,0,0.19205661596408807,0.1891238064354679,0.0,0.1891238064354679,0.017670600636720477,0.08118295458386696,0.1831961058223775,0.2009353693314335,0.0,0.0
4989,5,7,0,M,1,0.8870349581628033,0.8347745264605952,1.0,0.8347745264605952,0.01766968035040757,0.08118295458386696,0.8849589538596317,0.8345951869998093,0.0,0.0
4990,5,7,0,M,2,0.6384838901526809,0.763425997832192,0.24,0.763425997832192,0.017670600636720477,0.08118295458386696,0.6402745038860344,0.7587450722569202,0.0,0.0
4991,5,7,0,M,3,0.5,0.0,1.0,0.0,0.04217464773633153,0.08118295458386696,0.866624535116499,0.09863561975914203,1.0,1.0
4992,5,8,1,M,0,0.1831961058223775,0.2009353693314335,0.0,0.2009353693314335,0.017669222480267685,0.08118295458386696,0.19275338237075423,0.19907886712623407,0.0,0.0
4993,5,8,1,M,1,0.8849589538596317,0.8345951869998093,1.0,0.8345951869998093,0.0176692224802677,0.08118295458386696,0.8843952675901993,0.8350013609313205,0.0,0.0
4994,5,8,1,M,2,0.6402745038860344,0.7587450722569202,0.24,0.7587450722569202,0.01766922248026767,0.08118295458386696,0.6484047012493752,0.7462003685247851,0.0,0.0
4995,5,8,1,M,3,1.0,0.0,0.76,0.0,0.017669222480267685,0.08118295458386696,0.6950022430534034,0.2663359869634178,1.0,1.0
4996,5,9,1,M,0,0.19275338237075423,0.19907886712623407,0.0,0.19907886712623407,0.017669222480227884,0.08118295458386696,0.18186666185024214,0.19734470480769062,0.0,0.0
4997,5,9,1,M,1,0.8843952675901993,0.8350013609313205,0.76,0.8350013609313205,0.017669222480227884,0.08118295458386696,0.8841903615988439,0.8406764111780922,0.0,0.0
4998,5,9,1,M,2,0.6484047012493752,0.7462003685247851,0.24,0.7462003685247851,0.017669222480104274,0.08118295458386696,0.6491819187314558,0.7559529913305647,0.0,0.0
4999,5,9,1,M,3,1.0,0.0,1.0,0.0,0.017669221617893513,0.08118295458386696,0.619767404014352,0.31199148216450345,1.0,1.0
5000,5,10,1,M,0,0.18186666185024214,0.19734470480769062,0.0,0.19734470480769062,0.017669222480227884,0.08118295458386696,0.17406492040177493,0.19386271212018982,0.0,0.0
5001,5,10,1,M,1,0.8841903615988439,0.8406764111780922,0.76,0.8406764111780922,0.017669222480227884,0.08118295458386696,0.8856740620808105,0.839121746095041,0.0,0.0
5002,5,10,1,M,2,0.6491819187314558,0.7559529913305647,0.24,0.7559529913305647,0.017669222480104274,0.08118295458386696,0.6514389310439155,0.7631880226266595,0.0,0.0
5003,5,10,1,M,3,0.619767404014352,0.31199148216450345,1.0,0.31199148216450345,0.017669221617893513,0.08118295458386696,0.5626534268480843,0.31955310879342713,0.0,0.0
5004,5,11,1,M,0,0.17406492040177493,0.19386271212018982,0.0,0.19386271212018982,0.017669222480227884,0.08118295458386696,0.16637001563603057,0.19012146078319025,0.0,0.0
5005,5,11,1,M,1,0.8856740620808105,0.839121746095041,0.76,0.839121746095041,0.017669222480227884,0.08118295458386696,0.8877889849459217,0.8366814990683876,0.0,0.0
5006,5,11,1,M,2,0.6514389310439155,0.7631880226266595,0.24,0.7631880226266595,0.017669222480104274,0.08118295458386696,0.6563590110582057,0.7643872555697926,0.0,0.0
5007,5,11,1,M,3,0.5626534268480843,0.31955310879342713,1.0,0.31955310879342713,0.017669221617893513,0.08118295458386696,0.5065373763708039,0.30875760807359065,0.0,0.0
5008,5,12,1,M,0,0.16637001563603057,0.19012146078319025,0.0,0.19012146078319025,0.017669222480227884,0.08118295458386696,0.1565821835355723,0.18487781102107775,0.0,0.0
5009,5,12,1,M,1,0.8877889849459217,0.8366814990683876,0.76,0.8366814990683876,0.017669222480227884,0.08118295458386696,0.8889328359948965,0.8349133157157165,0.0,0.0
5010,5,12,1,M,2,0.6563590110582057,0.7643872555697926,0.24,0.7643872555697926,0.017669222480104274,0.08118295458386696,0.6600698974889383,0.7611041517615065,0.0,0.0
5011,5,12,1,M,3,0.5065373763708039,0.30875760807359065,1.0,0.30875760807359065,0.017669221617893513,0.08118295458386696,0.45228103716512,0.2959638749388245,0.0,0.0
5012,5,13,1,M,0,0.1565821835355723,0.18487781102107775,0.0,0.18487781102107775,0.017669222480227884,0.08118295458386696,0.14523662728827638,0.1787060145409863,0.0,0.0
5013,5,13,1,M,1,0.8889328359948965,0.8349133157157165,0.76,0.8349133157157165,0.017669222480227884,0.08118295458386696,0.889970438025565,0.8348789710590692,0.0,0.0
5014,5,13,1,M,2,0.6600698974889383,0.7611041517615065,0.24,0.7611041517615065,0.017669222480104274,0.08118295458386696,0.663689033060618,0.7561397582528716,0.0,0.0
5015,5,13,1,M,3,0.45228103716512,0.2959638749388245,1.0,0.2959638749388245,0.017669221617893513,0.08118295458386696,0.40877663035646333,0.28531958768204246,0.0,0.0
5016,5,14,1,M,0,0.14523662728827638,0.1787060145409863,0.0,0.1787060145409863,0.017669222480227884,0.08118295458386696,0.13552790077354893,0.17239938353656484,0.0,0.0
5017,5,14,1,M,1,0.889970438025565,0.8348789710590692,0.76,0.8348789710590692,0.017669222480227884,0.08118295458386696,0.8901134038309432,0.8368458939300961,0.0,0.0
5018,5,14,1,M,2,0.663689033060618,0.7561397582528716,0.24,0.7561397582528716,0.017669222480104274,0.08118295458386696,0.6667910610904253,0.7496913247376822,0.0,0.0
5019,5,14,1,M,3,0.40877663035646333,0.28531958768204246,1.0,0.28531958768204246,0.017669221617893513,0.08118295458386696,0.37901369950350894,0.27950502436877533,0.0,0.0
5020,5,15,1,M,0,0.13552790077354893,0.17239938353656484,0.0,0.17239938353656484,0.017669222480227884,0.08118295458386696,0.12796144778631963,0.16596503066127075,0.0,0.0
5021,5,15,1,M,1,0.8901134038309432,0.8368458939300961,0.76,0.8368458939300961,0.017669222480227884,0.08118295458386696,0.8894707147217226,0.8400364362863525,0.0,0.0
5022,5,15,1,M,2,0.6667910610904253,0.7496913247376822,0.24,0.7496913247376822,0.017669222480104274,0.08118295458386696,0.6697490636032019,0.7429945378622279,0.0,0.0
5023,5,15,1,M,3,0.37901369950350894,0.27950502436877533,0.76,0.27950502436877533,0.0176692216178935,0.08118295458386696,0.35812079173199185,0.2772705743108368,0.0,0.0
5024,5,16,1,M,0,0.12796144778631963,0.16596503066127075,0.0,0.16596503066127075,0.017669222480227884,0.08118295458386696,0.12423710291264912,0.15915316111811467,0.0,0.0
5025,5,16,1,M,1,0.8894707147217226,0.8400364362863525,0.76,0.8400364362863525,0.017669222480227884,0.08118295458386696,0.8885104497838116,0.8441115327844784,0.0,0.0
5026,5,16,1,M,2,0.6697490636032019,0.7429945378622279,0.24,0.7429945378622279,0.017669222480104274,0.08118295458386696,0.673430579592852,0.7360483856644732,0.0,0.0
5027,5,16,1,M,3,0.35812079173199185,0.2772705743108368,0.0,0.2772705743108368,0.017669222480104274,0.08118295458386696,0.3432670022352158,0.2799691551480191,0.0,0.0
5028,5,17,1,M,0,0.12423710291264912,0.15915316111811467,0.0,0.15915316111811467,0.017669222480227884,0.08118295458386696,0.12157239138864445,0.15360679777021935,0.0,0.0
5029,5,17,1,M,1,0.8885104497838116,0.8441115327844784,0.76,0.8441115327844784,0.017669222480227884,0.08118295458386696,0.8864547778845172,0.8479070195411504,0.0,0.0
5030,5,17,1,M,2,0.673430579592852,0.7360483856644732,0.24,0.7360483856644732,0.017669222480104274,0.08118295458386696,0.6761113380483269,0.729476013863791,0.0,0.0
5031,5,17,1,M,3,0.3432670022352158,0.2799691551480191,0.0,0.2799691551480191,0.017669222480104274,0.08118295458386696,0.3329533390619814,0.28163740631863593,0.0,0.0
5032,5,18,1,M,0,0.12157239138864445,0.15360679777021935,0.0,0.15360679777021935,0.017669222480227884,0.08118295458386696,0.1204371869852599,0.14909830889768172,0.0,0.0
5033,5,18,1,M,1,0.8864547778845172,0.8479070195411504,0.76,0.8479070195411504,0.017669222480227884,0.08118295458386696,0.8848763202717683,0.8515302582816935,0.0,0.0
5034,5,18,1,M,2,0.6761113380483269,0.729476013863791,0.24,0.729476013863791,0.017669222480104274,0.08118295458386696,0.6791423940391303,0.7241955956581863,0.0,0.0
5035,5,18,1,M,3,0.3329533390619814,0.28163740631863593,0.0,0.28163740631863593,0.017669222480104274,0.08118295458386696,0.32576079248731404,0.28342010787935407,0.0,0.0
5036,5,19,1,M,0,0.1204371869852599,0.14909830889768172,0.0,0.14909830889768172,0.017669222480227884,0.08118295458386696,0.12012619201149541,0.14546220356206727,0.0,0.0
5037,5,19,1,M,1,0.8848763202717683,0.8515302582816935,0.76,0.8515302582816935,0.017669222480227884,0.08118295458386696,0.8834867783231533,0.8548670883549999,0.0,0.0
5038,5,19,1,M,2,0.6791423940391303,0.7241955956581863,0.24,0.7241955956581863,0.017669222480104274,0.08118295458386696,0.6822383184974307,0.71998667863173,0.0,0.0
5039,5,19,1,M,3,0.32576079248731404,0.28342010787935407,0.0,0.28342010787935407,0.017669222480104274,0.08118295458386696,0.3206051035421607,0.2852483075086728,0.0,0.0
5040,5,20,1,M,0,0.12012619201149541,0.14546220356206727,0.0,0.14546220356206727,0.017669222480227884,0.08118295458386696,0.12073658917806383,0.1420163468209666,0.0,0.0
5041,5,20,1,M,1,0.8834867783231533,0.8548670883549999,0.76,0.8548670883549999,0.017669222480227884,0.08118295458386696,0.8827045139037476,0.8581333710276642,0.0,0.0
5042,5,20,1,M,2,0.6822383184974307,0.71998667863173,0.24,0.71998667863173,0.017669222480104274,0.08118295458386696,0.6857579276940763,0.7171502449689049,0.0,0.0
5043,5,20,1,M,3,0.3206051035421607,0.2852483075086728,0.0,0.2852483075086728,0.017669222480104274,0.08118295458386696,0.31636670372867987,0.2878398278867813,0.0,0.0
5044,5,21,1,M,0,0.12073658917806383,0.1420163468209666,0.0,0.1420163468209666,0.017669222480227884,0.08118295458386696,0.12095773096729805,0.13972828893783645,0.0,0.0
5045,5,21,1,M,1,0.8827045139037476,0.8581333710276642,0.76,0.8581333710276642,0.017669222480227884,0.08118295458386696,0.8810467855814154,0.8603985947208073,0.0,0.0
5046,5,21,1,M,2,0.6857579276940763,0.7171502449689049,0.24,0.7171502449689049,0.017669222480104274,0.08118295458386696,0.6877020296000502,0.7139528671669338,0.0,0.0
5047,5,21,1,M,3,0.31636670372867987,0.2878398278867813,0.0,0.2878398278867813,0.017669222480104274,0.08118295458386696,0.31348990877336874,0.2889846489019186,0.0,0.0
5048,5,22,1,M,0,0.12095773096729805,0.13972828893783645,0.0,0.13972828893783645,0.017669222480227884,0.08118295458386696,0.12203882832921725,0.13730112570853809,0.0,0.0
5049,5,22,1,M,1,0.8810467855814154,0.8603985947208073,0.76,0.8603985947208073,0.017669222480227884,0.08118295458386696,0.8790868246588451,0.8628033337086445,0.0,0.0
5050,5,22,1,M,2,0.6877020296000502,0.7139528671669338,0.24,0.7139528671669338,0.017669222480104274,0.08118295458386696,0.6898755283318586,0.7105332426046996,0.0,0.0
5051,5,22,1,M,3,0.31348990877336874,0.2889846489019186,0.0,0.2889846489019186,0.017669222480104274,0.08118295458386696,0.31078440401697505,0.2911529675804798,0.0,0.0
5052,5,23,1,M,0,0.12203882832921725,0.13730112570853809,0.0,0.13730112570853809,0.017669222480227884,0.08118295458386696,0.1230878016349601,0.13562655936004797,0.0,0.0
5053,5,23,1,M,1,0.8790868246588451,0.8628033337086445,0.76,0.8628033337086445,0.017669222480227884,0.08118295458386696,0.8779870418097868,0.86413457812479,0.0,0.0
5054,5,23,1,M,2,0.6898755283318586,0.7105332426046996,0.24,0.7105332426046996,0.017669222480104274,0.08118295458386696,0.6911404095610978,0.7086896971744169,0.0,0.0
5055,5,23,1,M,3,0.31078440401697505,0.2911529675804798,0.0,0.2911529675804798,0.017669222480104274,0.08118295458386696,0.30891808741603277,0.2929369925944934,0.0,0.0
5056,5,24,2,M,0,0.1230878016349601,0.13562655936004797,0.0,0.13562655936004797,0.017669222480227884,0.08118295458386696,0.12409985662516752,0.13443863180343757,0.0,0.0
5057,5,24,2,M,1,0.8779870418097868,0.86413457812479,0.76,0.86413457812479,0.017669222480227884,0.08118295458386696,0.8768335884244852,0.8648192787912443,0.0,0.0
5058,5,24,2,M,2,0.6911404095610978,0.7086896971744169,0.24,0.7086896971744169,0.017669222480104274,0.08118295458386696,0.6914892189706916,0.7071734363727276,0.0,0.0
5059,5,24,2,M,3,0.30891808741603277,0.2929369925944934,0.0,0.2929369925944934,0.017669222480104274,0.08118295458386696,0.3078148569413354,0.294360348948666,0.0,0.0
5060,5,25,2,M,0,0.24,0.0,0.0,0.0,0.015499874464763391,0.08118295458386696,0.13163132431413588,0.1266840362846252,1.0,1.0
5061,5,25,2,M,1,0.76,1.0,1.0,1.0,0.015637455091545446,0.08118295458386696,0.8705453457197634,0.871215312315607,1.0,1.0
5062,5,25,2,M,2,0.5,0.76,1.0,0.76,0.01724153891868413,0.08118295458386696,0.7200454893928905,0.689784337716548,1.0,1.0
5063,5,25,2,M,3,0.26,0.5,0.76,0.5,0.01640750763978606,0.08118295458386696,0.29256153738923807,0.2941987791788145,1.0,1.0
5064,5,26,2,M,0,0.0,0.24,0.34,0.24,0.0029988507758758887,0.08118295458386696,0.13111039118042295,0.12588732301015418,1.0,1.0
5065,5,26,2,M,1,1.0,0.76,0.88,0.76,0.002705384772394112,0.08118295458386696,0.8649377647005043,0.877259678295783,1.0,1.0
5066,5,26,2,M,2,1.0,0.24,0.24,0.24,0.012957258354509213,0.08118295458386696,0.7351102888695895,0.6921236069826836,1.0,1.0
5067,5,26,2,M,3,0.0,0.76,0.76,0.76,0.01533089374157226,0.08118295458386696,0.2842668873134119,0.2812625070936869,1.0,1.0
5068,5,27,2,M,0,0.13111039118042295,0.12588732301015418,0.12,0.12588732301015418,0.0025592462812973477,0.08118295458386696,0.12504965752796718,0.12507150338173223,0.0,0.0
5069,5,27,2,M,1,0.8649377647005043,0.877259678295783,0.88,0.877259678295783,0.0026668678252153855,0.08118295458386696,0.861220012377017,0.8835006914599208,0.0,0.0
5070,5,27,2,M,2,0.24,1.0,0.76,1.0,0.009722135082105704,0.08118295458386696,0.7515872609699212,0.6768147614857228,1.0,1.0
5071,5,27,2,M,3,0.5,0.24,0.76,0.24,0.01407856242180383,0.08118295458386696,0.26218980459002345,0.2747116770764453,1.0,1.0
5072,5,28,2,M,0,0.12504965752796718,0.12507150338173223,0.12,0.12507150338173223,0.0025259986593721417,0.08118295458386696,0.12426849830699074,0.1180337241353802,0.0,0.0
5073,5,28,2,M,1,0.861220012377017,0.8835006914599208,0.88,0.8835006914599208,0.002665362245810751,0.08118295458386696,0.8527237008024681,0.8877884077725113,0.0,0.0
5074,5,28,2,M,2,0.7515872609699212,0.6768147614857228,0.76,0.6768147614857228,0.008770704125712514,0.08118295458386696,0.7641993239788563,0.6671706748347509,0.0,0.0
5075,5,28,2,M,3,0.76,0.0,0.6,0.0,0.00272040844766383,0.08118295458386696,0.25390592768714737,0.27238250543681974,1.0,1.0
5076,5,29,2,M,0,0.12426849830699074,0.1180337241353802,0.12,0.1180337241353802,0.0025259986593721417,0.08118295458386696,0.1250726019382904,0.11255817953660402,0.0,0.0
5077,5,29,2,M,1,0.8527237008024681,0.8877884077725113,0.88,0.8877884077725113,0.002665362245810751,0.08118295458386696,0.846196417383572,0.8909414357992657,0.0,0.0
5078,5,29,2,M,2,0.7641993239788563,0.6671706748347509,0.76,0.6671706748347509,0.008770704125712514,0.08118295458386696,0.7751753071569039,0.6620706540010475,0.0,0.0
5079,5,29,2,M,3,0.25390592768714737,0.27238250543681974,0.12,0.27238250543681974,0.002678698180112085,0.08118295458386696,0.24616720192623912,0.2728445358608469,0.0,0.0
5080,5,30,2,M,0,0.1250726019382904,0.11255817953660402,0.12,0.11255817953660402,0.0025259986593721417,0.08118295458386696,0.12872303423998524,0.10772276324064099,0.0,0.0
5081,5,30,2,M,1,0.846196417383572,0.8909414357992657,0.88,0.8909414357992657,0.002665362245810751,0.08118295458386696,0.8417367373369361,0.8918176517997005,0.0,0.0
5082,5,30,2,M,2,0.7751753071569039,0.6620706540010475,0.76,0.6620706540010475,0.008770704125712514,0.08118295458386696,0.7822359622605984,0.6583156255249375,0.0,0.0
5083,5,30,2,M,3,0.24616720192623912,0.2728445358608469,0.12,0.2728445358608469,0.002678698180112085,0.08118295458386696,0.23852129187939167,0.27660457187041193,0.0,0.0
5084,5,31,2,M,0,0.12872303423998524,0.10772276324064099,0.12,0.10772276324064099,0.0025259986593721417,0.08118295458386696,0.13404179126270263,0.10326330962217276,0.0,0.0
5085,5,31,2,M,1,0.8417367373369361,0.8918176517997005,0.88,0.8918176517997005,0.002665362245810751,0.08118295458386696,0.8387270385561845,0.8921780765334912,0.0,0.0
5086,5,31,2,M,2,0.7822359622605984,0.6583156255249375,0.76,0.6583156255249375,0.008770704125712514,0.08118295458386696,0.7869624909031101,0.656037509007802,0.0,0.0
5087,5,31,2,M,3,0.23852129187939167,0.27660457187041193,0.12,0.27660457187041193,0.002678698180112085,0.08118295458386696,0.23022660213683618,0.28139120286151126,0.0,0.0
5088,5,32,2,M,0,0.13404179126270263,0.10326330962217276,0.12,0.10326330962217276,0.0025259986593721417,0.08118295458386696,0.14117721049779958,0.09892036767916944,0.0,0.0
5089,5,32,2,M,1,0.8387270385561845,0.8921780765334912,0.88,0.8921780765334912,0.002665362245810751,0.08118295458386696,0.8375061910074882,0.8923366525079119,0.0,0.0
5090,5,32,2,M,2,0.7869624909031101,0.656037509007802,0.76,0.656037509007802,0.008770704125712514,0.08118295458386696,0.7890341060318521,0.6554594045078822,0.0,0.0
5091,5,32,2,M,3,0.23022660213683618,0.28139120286151126,0.12,0.28139120286151126,0.002678698180112085,0.08118295458386696,0.2204586815873771,0.28708851965765236,0.0,0.0
5092,5,33,2,M,0,0.14117721049779958,0.09892036767916944,0.12,0.09892036767916944,0.0025259986593721417,0.08118295458386696,0.14825362587361526,0.09651429801069084,0.0,0.0
5093,5,33,2,M,1,0.8375061910074882,0.8923366525079119,0.88,0.8923366525079119,0.002665362245810751,0.08118295458386696,0.8371733719300383,0.8927665168840244,0.0,0.0
5094,5,33,2,M,2,0.7890341060318521,0.6554594045078822,0.76,0.6554594045078822,0.008770704125712514,0.08118295458386696,0.7898697799394336,0.6557950020475458,0.0,0.0
5095,5,33,2,M,3,0.2204586815873771,0.28708851965765236,0.12,0.28708851965765236,0.002678698180112085,0.08118295458386696,0.21147872209451127,0.29280862553492853,0.0,0.0
5096,5,34,2,M,0,0.14825362587361526,0.09651429801069084,0.12,0.09651429801069084,0.0025259986593721417,0.08118295458386696,0.15472883713878569,0.09518970974851743,0.0,0.0
5097,5,34,2,M,1,0.8371733719300383,0.8927665168840244,0.88,0.8927665168840244,0.002665362245810751,0.08118295458386696,0.8366412274993797,0.893335695420614,0.0,0.0
5098,5,34,2,M,2,0.7898697799394336,0.6557950020475458,0.76,0.6557950020475458,0.008770704125712514,0.08118295458386696,0.7910561487636656,0.6563063533802563,0.0,0.0
5099,5,34,2,M,3,0.21147872209451127,0.29280862553492853,0.12,0.29280862553492853,0.002678698180112085,0.08118295458386696,0.2031457346355701,0.2975021648199451,0.0,0.0
5100,5,35,2,M,0,0.15472883713878569,0.09518970974851743,0.12,0.09518970974851743,0.0025259986593721417,0.08118295458386696,0.15890213834789593,0.0944818911319389,0.0,0.0
5101,5,35,2,M,1,0.8366412274993797,0.893335695420614,0.88,0.893335695420614,0.002665362245810751,0.08118295458386696,0.8363849657085257,0.8932549269398607,0.0,0.0
5102,5,35,2,M,2,0.7910561487636656,0.6563063533802563,0.76,0.6563063533802563,0.008770704125712514,0.08118295458386696,0.7913796801784726,0.6563508427114999,0.0,0.0
5103,5,35,2,M,3,0.2031457346355701,0.2975021648199451,0.12,0.2975021648199451,0.002678698180112085,0.08118295458386696,0.19771035768601394,0.29960106426376876,0.0,0.0
5104,5,36,2,M,0,0.15890213834789593,0.0944818911319389,0.64,0.0944818911319389,0.002534041220137076,0.08118295458386696,0.1612444429987701,0.0940399004422515,0.0,0.0
5105,5,36,2,M,1,0.8363849657085257,0.8932549269398607,0.88,0.8932549269398607,0.002665362245810751,0.08118295458386696,0.8364526990900886,0.893245250512663,0.0,0.0
5106,5,36,2,M,2,0.7913796801784726,0.6563508427114999,0.76,0.6563508427114999,0.008770704125712514,0.08118295458386696,0.7913875803510311,0.6564316108151672,0.0,0.0
5107,5,36,2,M,3,0.19771035768601394,0.29960106426376876,0.12,0.29960106426376876,0.002678698180112085,0.08118295458386696,0.19443365923860734,0.3005034476033145,0.0,0.0
5108,5,37,2,M,0,0.1612444429987701,0.0940399004422515,0.64,0.0940399004422515,0.002563752248280482,0.08118295458386696,0.16292286587402074,0.09399047450771303,0.0,0.0
5109,5,37,2,M,1,0.8364526990900886,0.893245250512663,0.88,0.893245250512663,0.002665362245810751,0.08118295458386696,0.8364761396420267,0.8932428668402749,0.0,0.0
5110,5,37,2,M,2,0.7913875803510311,0.6564316108151672,0.76,0.6564316108151672,0.008770704125712514,0.08118295458386696,0.7913493436972941,0.6564331401805698,0.0,0.0
5111,5,37,2,M,3,0.19443365923860734,0.3005034476033145,0.12,0.3005034476033145,0.002678698180112085,0.08118295458386696,0.19209084499439882,0.3012495873367986,0.0,0.0
5112,5,38,2,M,0,0.16292286587402074,0.09399047450771303,0.64,0.09399047450771303,0.002563752248280482,0.08118295458386696,0.16424456611148644,0.0937931411042591,0.0,0.0
5113,5,38,2,M,1,0.8364761396420267,0.8932428668402749,0.88,0.8932428668402749,0.002665362245810751,0.08118295458386696,0.8364761396420268,0.8932428668402749,0.0,0.0
5114,5,38,2,M,2,0.7913493436972941,0.6564331401805698,0.76,0.6564331401805698,0.008770704125712514,0.08118295458386696,0.7913392540099853,0.6563596415425131,0.0,0.0
5115,5,38,2,M,3,0.19209084499439882,0.3012495873367986,0.12,0.3012495873367986,0.002678698180112085,0.08118295458386696,0.19010108137305057,0.30152947893683457,0.0,0.0
5116,5,39,2,M,0,0.16424456611148644,0.0937931411042591,0.64,0.0937931411042591,0.002563752248280482,0.08118295458386696,0.16495316839946544,0.09269306164550208,0.0,0.0
5117,5,39,2,M,1,0.8364761396420268,0.8932428668402749,0.88,0.8932428668402749,0.002665362245810751,0.08118295458386696,0.8364761396420267,0.8932428668402749,0.0,0.0
5118,5,39,2,M,2,0.7913392540099853,0.6563596415425131,0.76,0.6563596415425131,0.008770704125712514,0.08118295458386696,0.7913664881695375,0.656440554050523,0.0,0.0
5119,5,39,2,M,3,0.19010108137305057,0.30152947893683457,0.12,0.30152947893683457,0.002678698180112085,0.08118295458386696,0.188825818688669,0.30025048181642194,0.0,0.0
5120,5,40,2,M,0,0.16495316839946544,0.09269306164550208,0.64,0.09269306164550208,0.002563752248280482,0.08118295458386696,0.1654702269800947,0.09297235558882515,0.0,0.0
5121,5,40,2,M,1,0.8364761396420267,0.8932428668402749,0.88,0.8932428668402749,0.002665362245810751,0.08118295458386696,0.8364761396420268,0.8932428668402749,0.0,0.0
5122,5,40,2,M,2,0.7913664881695375,0.656440554050523,0.76,0.656440554050523,0.008770704125712514,0.08118295458386696,0.7914028895080452,0.656438104744696,0.0,0.0
5123,5,40,2,M,3,0.188825818688669,0.30025048181642194,0.12,0.30025048181642194,0.002678698180112085,0.08118295458386696,0.18821288644523138,0.30084000552969314,0.0,0.0
5124,5,41,2,M,0,0.1654702269800947,0.09297235558882515,0.64,0.09297235558882515,0.002563752248280482,0.08118295458386696,0.1654901920471778,0.09298473582178873,0.0,0.0
5125,5,41,2,M,1,0.8364761396420268,0.8932428668402749,0.88,0.8932428668402749,0.002665362245810751,0.08118295458386696,0.8364761396420267,0.893242866840275,0.0,0.0
5126,5,41,2,M,2,0.7914028895080452,0.656438104744696,0.76,0.656438104744696,0.008770704125712514,0.08118295458386696,0.7913722824122928,0.6563888037674422,0.0,0.0
5127,5,41,2,M,3,0.18821288644523138,0.30084000552969314,0.12,0.30084000552969314,0.002678698180112085,0.08118295458386696,0.18813290669905508,0.30086106386419764,0.0,0.0
5128,5,42,2,M,0,0.1654901920471778,0.09298473582178873,0.64,0.09298473582178873,0.002563752248280482,0.08118295458386696,0.1654901920471778,0.09298473582178872,0.0,0.0
5129,5,42,2,M,1,0.8364761396420267,0.893242866840275,0.88,0.893242866840275,0.002665362245810751,0.08118295458386696,0.8364761396420268,0.893242866840275,0.0,0.0
5130,5,42,2,M,2,0.7913722824122928,0.6563888037674422,0.76,0.6563888037674422,0.008770704125712514,0.08118295458386696,0.7913722824122928,0.6563888037674422,0.0,0.0
5131,5,42,2,M,3,0.18813290669905508,0.30086106386419764,0.12,0.30086106386419764,0.002678698180112085,0.08118295458386696,0.18813290669905508,0.3008610638641976,0.0,0.0
5132,5,43,2,M,0,0.1654901920471778,0.09298473582178872,0.64,0.09298473582178872,0.002563752248280482,0.08118295458386696,0.1654901920471778,0.09298473582178873,0.0,0.0
5133,5,43,2,M,1,0.8364761396420268,0.893242866840275,0.88,0.893242866840275,0.002665362245810751,0.08118295458386696,0.8364761396420268,0.893242866840275,0.0,0.0
5134,5,43,2,M,2,0.7913722824122928,0.6563888037674422,0.76,0.6563888037674422,0.008770704125712514,0.08118295458386696,0.7913722824122928,0.6563888037674422,0.0,0.0
5135,5,43,2,M,3,0.18813290669905508,0.3008610638641976,0.12,0.3008610638641976,0.002678698180112085,0.08118295458386696,0.18813290669905505,0.3008610638641976,0.0,0.0
5136,5,44,2,M,0,0.1654901920471778,0.09298473582178873,0.64,0.09298473582178873,0.002563752248280482,0.08118295458386696,0.1654901920471778,0.09298473582178872,0.0,0.0
5137,5,44,2,M,1,0.8364761396420268,0.893242866840275,0.88,0.893242866840275,0.002665362245810751,0.08118295458386696,0.8364761396420268,0.893242866840275,0.0,0.0
5138,5,44,2,M,2,0.7913722824122928,0.6563888037674422,0.76,0.6563888037674422,0.008770704125712514,0.08118295458386696,0.7913722824122928,0.6563888037674422,0.0,0.0
5139,5,44,2,M,3,0.18813290669905505,0.3008610638641976,0.12,0.3008610638641976,0.002678698180112085,0.08118295458386696,0.18813290669905508,0.3008610638641976,0.0,0.0
5140,5,45,2,M,0,0.1654901920471778,0.09298473582178872,0.64,0.09298473582178872,0.002563752248280482,0.08118295458386696,0.1654901920471778,0.09298473582178873,0.0,0.0
5141,5,45,2,M,1,0.8364761396420268,0.893242866840275,0.88,0.893242866840275,0.002665362245810751,0.08118295458386696,0.8364761396420268,0.893242866840275,0.0,0.0
5142,5,45,2,M,2,0.7913722824122928,0.6563888037674422,0.76,0.6563888037674422,0.008770704125712514,0.08118295458386696,0.7913722824122928,0.6563888037674422,0.0,0.0
5143,5,45,2,M,3,0.18813290669905508,0.3008610638641976,0.12,0.3008610638641976,0.002678698180112085,0.08118295458386696,0.18813290669905505,0.3008610638641976,0.0,0.0
5144,5,46,2,M,0,0.1654901920471778,0.09298473582178873,0.64,0.09298473582178873,0.002563752248280482,0.08118295458386696,0.1654901920471778,0.09298473582178872,0.0,0.0
5145,5,46,2,M,1,0.8364761396420268,0.893242866840275,0.88,0.893242866840275,0.002665362245810751,0.08118295458386696,0.8364761396420268,0.893242866840275,0.0,0.0
5146,5,46,2,M,2,0.7913722824122928,0.6563888037674422,0.76,0.6563888037674422,0.008770704125712514,0.08118295458386696,0.7913722824122928,0.6563888037674422,0.0,0.0
5147,5,46,2,M,3,0.18813290669905505,0.3008610638641976,0.12,0.3008610638641976,0.002678698180112085,0.08118295458386696,0.18813290669905508,0.3008610638641976,0.0,0.0
5148,5,47,2,M,0,0.1654901920471778,0.09298473582178872,0.64,0.09298473582178872,0.002563752248280482,0.08118295458386696,0.1654901920471778,0.09298473582178873,0.0,0.0
5149,5,47,2,M,1,0.8364761396420268,0.893242866840275,0.88,0.893242866840275,0.002665362245810751,0.08118295458386696,0.8364761396420268,0.893242866840275,0.0,0.0
5150,5,47,2,M,2,0.7913722824122928,0.6563888037674422,0.76,0.6563888037674422,0.008770704125712514,0.08118295458386696,0.7913722824122928,0.6563888037674422,0.0,0.0
5151,5,47,2,M,3,0.18813290669905508,0.3008610638641976,0.12,0.3008610638641976,0.002678698180112085,0.08118295458386696,0.18813290669905505,0.3008610638641976,0.0,0.0
5152,5,48,2,M,0,0.1654901920471778,0.09298473582178873,0.64,0.09298473582178873,0.002563752248280482,0.08118295458386696,0.1654901920471778,0.09298473582178872,0.0,0.0
5153,5,48,2,M,1,0.8364761396420268,0.893242866840275,0.88,0.893242866840275,0.002665362245810751,0.08118295458386696,0.8364761396420268,0.893242866840275,0.0,0.0
5154,5,48,2,M,2,0.7913722824122928,0.6563888037674422,0.76,0.6563888037674422,0.008770704125712514,0.08118295458386696,0.7913722824122928,0.6563888037674422,0.0,0.0
5155,5,48,2,M,3,0.18813290669905505,0.3008610638641976,0.12,0.3008610638641976,0.002678698180112085,0.08118295458386696,0.18813290669905508,0.3008610638641976,0.0,0.0
5156,5,49,2,M,0,0.1654901920471778,0.09298473582178872,0.64,0.09298473582178872,0.002563752248280482,0.08118295458386696,0.1654901920471778,0.09298473582178873,0.0,0.0
5157,5,49,2,M,1,0.8364761396420268,0.893242866840275,0.88,0.893242866840275,0.002665362245810751,0.08118295458386696,0.8364761396420268,0.893242866840275,0.0,0.0
5158,5,49,2,M,2,0.7913722824122928,0.6563888037674422,0.76,0.6563888037674422,0.008770704125712514,0.08118295458386696,0.7913722824122928,0.6563888037674422,0.0,0.0
5159,5,49,2,M,3,0.18813290669905508,0.3008610638641976,0.12,0.3008610638641976,0.002678698180112085,0.08118295458386696,0.18813290669905505,0.3008610638641976,0.0,0.0
5160,5,50,2,M,0,0.1654901920471778,0.09298473582178873,0.64,0.09298473582178873,0.002563752248280482,0.08118295458386696,0.1654901920471778,0.09298473582178872,0.0,0.0
5161,5,50,2,M,1,0.8364761396420268,0.893242866840275,0.88,0.893242866840275,0.002665362245810751,0.08118295458386696,0.8364761396420268,0.893242866840275,0.0,0.0
5162,5,50,2,M,2,0.7913722824122928,0.6563888037674422,0.76,0.6563888037674422,0.008770704125712514,0.08118295458386696,0.7913722824122928,0.6563888037674422,0.0,0.0
5163,5,50,2,M,3,0.18813290669905505,0.3008610638641976,0.12,0.3008610638641976,0.002678698180112085,0.08118295458386696,0.18813290669905508,0.3008610638641976,0.0,0.0
5164,5,51,2,M,0,0.1654901920471778,0.09298473582178872,0.64,0.09298473582178872,0.002563752248280482,0.08118295458386696,0.1654901920471778,0.09298473582178873,0.0,0.0
5165,5,51,2,M,1,0.8364761396420268,0.893242866840275,0.88,0.893242866840275,0.002665362245810751,0.08118295458386696,0.8364761396420268,0.893242866840275,0.0,0.0
5166,5,51,2,M,2,0.7913722824122928,0.6563888037674422,0.76,0.6563888037674422,0.008770704125712514,0.08118295458386696,0.7913722824122928,0.6563888037674422,0.0,0.0
5167,5,51,2,M,3,0.18813290669905508,0.3008610638641976,0.12,0.3008610638641976,0.002678698180112085,0.08118295458386696,0.18813290669905505,0.3008610638641976,0.0,0.0
5168,5,52,2,M,0,0.1654901920471778,0.09298473582178873,0.64,0.09298473582178873,0.002563752248280482,0.08118295458386696,0.1654901920471778,0.09298473582178872,0.0,0.0
5169,5,52,2,M,1,0.8364761396420268,0.893242866840275,0.88,0.893242866840275,0.002665362245810751,0.08118295458386696,0.8364761396420268,0.893242866840275,0.0,0.0
5170,5,52,2,M,2,0.7913722824122928,0.6563888037674422,0.76,0.6563888037674422,0.008770704125712514,0.08118295458386696,0.7913722824122928,0.6563888037674422,0.0,0.0
5171,5,52,2,M,3,0.18813290669905505,0.3008610638641976,0.12,0.3008610638641976,0.002678698180112085,0.08118295458386696,0.18813290669905508,0.3008610638641976,0.0,0.0
5172,5,53,2,M,0,0.1654901920471778,0.09298473582178872,0.64,0.09298473582178872,0.002563752248280482,0.08118295458386696,0.1654901920471778,0.09298473582178873,0.0,0.0
5173,5,53,2,M,1,0.8364761396420268,0.893242866840275,0.88,0.893242866840275,0.002665362245810751,0.08118295458386696,0.8364761396420268,0.893242866840275,0.0,0.0
5174,5,53,2,M,2,0.7913722824122928,0.6563888037674422,0.76,0.6563888037674422,0.008770704125712514,0.08118295458386696,0.7913722824122928,0.6563888037674422,0.0,0.0
5175,5,53,2,M,3,0.18813290669905508,0.3008610638641976,0.12,0.3008610638641976,0.002678698180112085,0.08118295458386696,0.18813290669905505,0.3008610638641976,0.0,0.0
5176,5,54,2,M,0,0.1654901920471778,0.09298473582178873,0.64,0.09298473582178873,0.002563752248280482,0.08118295458386696,0.1654901920471778,0.09298473582178872,0.0,0.0
5177,5,54,2,M,1,0.8364761396420268,0.893242866840275,0.88,0.893242866840275,0.002665362245810751,0.08118295458386696,0.8364761396420268,0.893242866840275,0.0,0.0
5178,5,54,2,M,2,0.7913722824122928,0.6563888037674422,0.76,0.6563888037674422,0.008770704125712514,0.08118295458386696,0.7913722824122928,0.6563888037674422,0.0,0.0
5179,5,54,2,M,3,0.18813290669905505,0.3008610638641976,0.12,0.3008610638641976,0.002678698180112085,0.08118295458386696,0.18813290669905508,0.3008610638641976,0.0,0.0
5180,5,55,2,M,0,0.1654901920471778,0.09298473582178872,0.64,0.09298473582178872,0.002563752248280482,0.08118295458386696,0.1654901920471778,0.09298473582178873,0.0,0.0
5181,5,55,2,M,1,0.8364761396420268,0.893242866840275,0.88,0.893242866840275,0.002665362245810751,0.08118295458386696,0.8364761396420268,0.893242866840275,0.0,0.0
5182,5,55,2,M,2,0.7913722824122928,0.6563888037674422,0.76,0.6563888037674422,0.008770704125712514,0.08118295458386696,0.7913722824122928,0.6563888037674422,0.0,0.0
5183,5,55,2,M,3,0.18813290669905508,0.3008610638641976,0.12,0.3008610638641976,0.002678698180112085,0.08118295458386696,0.18813290669905505,0.3008610638641976,0.0,0.0
5184,5,56,3,M,0,0.1654901920471778,0.09298473582178873,0.64,0.09298473582178873,0.002563752248280482,0.08118295458386696,0.1654901920471778,0.09298473582178872,0.0,0.0
5185,5,56,3,M,1,0.8364761396420268,0.893242866840275,0.88,0.893242866840275,0.002665362245810751,0.08118295458386696,0.8364761396420268,0.893242866840275,0.0,0.0
5186,5,56,3,M,2,0.7913722824122928,0.6563888037674422,0.76,0.6563888037674422,0.008770704125712514,0.08118295458386696,0.7913722824122928,0.6563888037674422,0.0,0.0
5187,5,56,3,M,3,0.18813290669905505,0.3008610638641976,0.12,0.3008610638641976,0.002678698180112085,0.08118295458386696,0.18813290669905508,0.3008610638641976,0.0,0.0
5188,5,57,3,M,0,0.1654901920471778,0.09298473582178872,0.12,0.09298473582178872,0.0025218616738484773,0.08118295458386696,0.16664624272006487,0.09297350390946332,0.0,0.0
5189,5,57,3,M,1,0.8364761396420268,0.893242866840275,0.88,0.893242866840275,0.0025382337361491702,0.08118295458386696,0.836048963875352,0.893112592740057,0.0,0.0
5190,5,57,3,M,2,0.76,0.5,0.88,0.5,0.002538233426714262,0.08118295458386696,0.7966195496714339,0.6786112982372038,1.0,1.0
5191,5,57,3,M,3,0.18813290669905508,0.3008610638641976,0.12,0.3008610638641976,0.002650207437557492,0.08118295458386696,0.19045275925948826,0.3016298751330937,0.0,0.0
5192,5,58,3,M,0,0.16664624272006487,0.09297350390946332,0.12,0.09297350390946332,0.0025218616738484773,0.08118295458386696,0.16691690391479613,0.0929429720288128,0.0,0.0
5193,5,58,3,M,1,0.836048963875352,0.893112592740057,0.88,0.893112592740057,0.0025382337361491702,0.08118295458386696,0.8364211513623245,0.8977164471702116,0.0,0.0
5194,5,58,3,M,2,0.7966195496714339,0.6786112982372038,0.88,0.6786112982372038,0.002538233426714262,0.08118295458386696,0.7987607315594406,0.6858236193453334,0.0,0.0
5195,5,58,3,M,3,0.19045275925948826,0.3016298751330937,0.12,0.3016298751330937,0.002650207437557492,0.08118295458386696,0.1903750579147441,0.3017264053405642,0.0,0.0
5196,5,59,3,M,0,0.16691690391479613,0.0929429720288128,0.12,0.0929429720288128,0.0025218616738484773,0.08118295458386696,0.16691690391479613,0.0929429720288128,0.0,0.0
5197,5,59,3,M,1,0.8364211513623245,0.8977164471702116,0.88,0.8977164471702116,0.0025382337361491702,0.08118295458386696,0.8361168869182406,0.9009018927410598,0.0,0.0
5198,5,59,3,M,2,0.7987607315594406,0.6858236193453334,0.88,0.6858236193453334,0.002538233426714262,0.08118295458386696,0.8010253824707879,0.6901973572529014,0.0,0.0
5199,5,59,3,M,3,0.1903750579147441,0.3017264053405642,0.12,0.3017264053405642,0.002650207437557492,0.08118295458386696,0.1904037558846491,0.30178904668494605,0.0,0.0
5200,5,60,3,M,0,0.16691690391479613,0.0929429720288128,0.12,0.0929429720288128,0.0025218616738484773,0.08118295458386696,0.16691690391479613,0.0929429720288128,0.0,0.0
5201,5,60,3,M,1,0.8361168869182406,0.9009018927410598,0.88,0.9009018927410598,0.0025382337361491702,0.08118295458386696,0.835835803680947,0.9026935140812328,0.0,0.0
5202,5,60,3,M,2,0.8010253824707879,0.6901973572529014,0.88,0.6901973572529014,0.002538233426714262,0.08118295458386696,0.802334732619415,0.6925764800281804,0.0,0.0
5203,5,60,3,M,3,0.1904037558846491,0.30178904668494605,0.12,0.30178904668494605,0.002650207437557492,0.08118295458386696,0.1904221657544347,0.3017935360748151,0.0,0.0
5204,5,61,3,M,0,0.16691690391479613,0.0929429720288128,0.12,0.0929429720288128,0.0025218616738484773,0.08118295458386696,0.16694657771480928,0.09294371744788835,0.0,0.0
5205,5,61,3,M,1,0.835835803680947,0.9026935140812328,0.88,0.9026935140812328,0.0025382337361491702,0.08118295458386696,0.8355901583590597,0.903740352262055,0.0,0.0
5206,5,61,3,M,2,0.802334732619415,0.6925764800281804,0.88,0.6925764800281804,0.002538233426714262,0.08118295458386696,0.8032191193796208,0.6940004376018365,0.0,0.0
5207,5,61,3,M,3,0.1904221657544347,0.3017935360748151,0.12,0.3017935360748151,0.002650207437557492,0.08118295458386696,0.1904468707850003,0.30181855226883286,0.0,0.0
5208,5,62,3,M,0,0.16694657771480928,0.09294371744788835,0.12,0.09294371744788835,0.0025218616738484773,0.08118295458386696,0.16699467083973837,0.09294192574589291,0.0,0.0
5209,5,62,3,M,1,0.8355901583590597,0.903740352262055,0.88,0.903740352262055,0.0025382337361491702,0.08118295458386696,0.8355296309162583,0.9045800797593162,0.0,0.0
5210,5,62,3,M,2,0.8032191193796208,0.6940004376018365,0.88,0.6940004376018365,0.002538233426714262,0.08118295458386696,0.8036108641183384,0.6952385959753581,0.0,0.0
5211,5,62,3,M,3,0.1904468707850003,0.30181855226883286,0.12,0.30181855226883286,0.002650207437557492,0.08118295458386696,0.19043135828645938,0.30175070965556294,0.0,0.0
5212,5,63,3,M,0,0.16699467083973837,0.09294192574589291,0.12,0.09294192574589291,0.0025218616738484773,0.08118295458386696,0.16702155045005712,0.09293974650129867,0.0,0.0
5213,5,63,3,M,1,0.8355296309162583,0.9045800797593162,0.88,0.9045800797593162,0.0025382337361491702,0.08118295458386696,0.8355296309162582,0.9045800797593162,0.0,0.0
5214,5,63,3,M,2,0.8036108641183384,0.6952385959753581,0.88,0.6952385959753581,0.002538233426714262,0.08118295458386696,0.8036268988068488,0.695298730478588,0.0,0.0
5215,5,63,3,M,3,0.19043135828645938,0.30175070965556294,0.12,0.30175070965556294,0.002650207437557492,0.08118295458386696,0.1904565135762469,0.3017573971530697,0.0,0.0
5216,5,64,3,M,0,0.16702155045005712,0.09293974650129867,0.12,0.09293974650129867,0.0025218616738484773,0.08118295458386696,0.16702155045005712,0.09293974650129866,0.0,0.0
5217,5,64,3,M,1,0.8355296309162582,0.9045800797593162,0.88,0.9045800797593162,0.0025382337361491702,0.08118295458386696,0.8355296309162583,0.9045800797593163,0.0,0.0
5218,5,64,3,M,2,0.8036268988068488,0.695298730478588,0.88,0.695298730478588,0.002538233426714262,0.08118295458386696,0.8036268988068489,0.6952987304785881,0.0,0.0
5219,5,64,3,M,3,0.1904565135762469,0.3017573971530697,0.12,0.3017573971530697,0.002650207437557492,0.08118295458386696,0.1904565135762469,0.3017573971530697,0.0,0.0
5220,5,65,3,M,0,0.16702155045005712,0.09293974650129866,0.12,0.09293974650129866,0.0025218616738484773,0.08118295458386696,0.16702155045005712,0.09293974650129866,0.0,0.0
5221,5,65,3,M,1,0.8355296309162583,0.9045800797593163,0.88,0.9045800797593163,0.0025382337361491702,0.08118295458386696,0.8355296309162583,0.9045800797593162,0.0,0.0
5222,5,65,3,M,2,0.8036268988068489,0.6952987304785881,0.88,0.6952987304785881,0.002538233426714262,0.08118295458386696,0.8036268988068488,0.695298730478588,0.0,0.0
5223,5,65,3,M,3,0.1904565135762469,0.3017573971530697,0.12,0.3017573971530697,0.002650207437557492,0.08118295458386696,0.19045651357624693,0.3017573971530697,0.0,0.0
5224,5,66,3,M,0,0.16702155045005712,0.09293974650129866,0.12,0.09293974650129866,0.0025218616738484773,0.08118295458386696,0.16702155045005712,0.09293974650129866,0.0,0.0
5225,5,66,3,M,1,0.8355296309162583,0.9045800797593162,0.88,0.9045800797593162,0.0025382337361491702,0.08118295458386696,0.8355296309162583,0.9045800797593163,0.0,0.0
5226,5,66,3,M,2,0.8036268988068488,0.695298730478588,0.88,0.695298730478588,0.002538233426714262,0.08118295458386696,0.8036268988068488,0.695298730478588,0.0,0.0
5227,5,66,3,M,3,0.19045651357624693,0.3017573971530697,0.12,0.3017573971530697,0.002650207437557492,0.08118295458386696,0.1904565135762469,0.30175739715306965,0.0,0.0
5228,5,67,3,M,0,0.16702155045005712,0.09293974650129866,0.12,0.09293974650129866,0.0025218616738484773,0.08118295458386696,0.16702155045005715,0.09293974650129867,0.0,0.0
5229,5,67,3,M,1,0.8355296309162583,0.9045800797593163,0.88,0.9045800797593163,0.0025382337361491702,0.08118295458386696,0.8355296309162583,0.9045800797593163,0.0,0.0
5230,5,67,3,M,2,0.8036268988068488,0.695298730478588,0.88,0.695298730478588,0.002538233426714262,0.08118295458386696,0.8036268988068488,0.695298730478588,0.0,0.0
5231,5,67,3,M,3,0.1904565135762469,0.30175739715306965,0.12,0.30175739715306965,0.002650207437557492,0.08118295458386696,0.1904565135762469,0.30175739715306965,0.0,0.0
5232,5,68,3,M,0,0.16702155045005715,0.09293974650129867,0.12,0.09293974650129867,0.0025218616738484773,0.08118295458386696,0.1670215504500571,0.09293974650129866,0.0,0.0
5233,5,68,3,M,1,0.8355296309162583,0.9045800797593163,0.88,0.9045800797593163,0.0025382337361491702,0.08118295458386696,0.8355296309162583,0.9045800797593162,0.0,0.0
5234,5,68,3,M,2,0.8036268988068488,0.695298730478588,0.88,0.695298730478588,0.002538233426714262,0.08118295458386696,0.8036268988068489,0.6952987304785881,0.0,0.0
5235,5,68,3,M,3,0.1904565135762469,0.30175739715306965,0.12,0.30175739715306965,0.002650207437557492,0.08118295458386696,0.1904565135762469,0.30175739715306965,0.0,0.0
5236,5,69,3,M,0,0.1670215504500571,0.09293974650129866,0.12,0.09293974650129866,0.0025218616738484773,0.08118295458386696,0.16702155045005712,0.09293974650129866,0.0,0.0
5237,5,69,3,M,1,0.8355296309162583,0.9045800797593162,0.88,0.9045800797593162,0.0025382337361491702,0.08118295458386696,0.8355296309162583,0.9045800797593163,0.0,0.0
5238,5,69,3,M,2,0.8036268988068489,0.6952987304785881,0.88,0.6952987304785881,0.002538233426714262,0.08118295458386696,0.8036268988068488,0.695298730478588,0.0,0.0
5239,5,69,3,M,3,0.1904565135762469,0.30175739715306965,0.12,0.30175739715306965,0.002650207437557492,0.08118295458386696,0.19045651357624693,0.3017573971530697,0.0,0.0
5240,5,70,3,M,0,0.16702155045005712,0.09293974650129866,0.12,0.09293974650129866,0.0025218616738484773,0.08118295458386696,0.16702155045005712,0.09293974650129866,0.0,0.0
5241,5,70,3,M,1,0.8355296309162583,0.9045800797593163,0.88,0.9045800797593163,0.0025382337361491702,0.08118295458386696,0.8355296309162583,0.9045800797593163,0.0,0.0
5242,5,70,3,M,2,0.8036268988068488,0.695298730478588,0.88,0.695298730478588,0.002538233426714262,0.08118295458386696,0.8036268988068488,0.695298730478588,0.0,0.0
5243,5,70,3,M,3,0.19045651357624693,0.3017573971530697,0.12,0.3017573971530697,0.002650207437557492,0.08118295458386696,0.1904565135762469,0.30175739715306965,0.0,0.0
5244,5,71,3,M,0,0.16702155045005712,0.09293974650129866,0.12,0.09293974650129866,0.0025218616738484773,0.08118295458386696,0.16702155045005715,0.09293974650129867,0.0,0.0
5245,5,71,3,M,1,0.8355296309162583,0.9045800797593163,0.88,0.9045800797593163,0.0025382337361491702,0.08118295458386696,0.8355296309162583,0.9045800797593163,0.0,0.0
5246,5,71,3,M,2,0.8036268988068488,0.695298730478588,0.88,0.695298730478588,0.002538233426714262,0.08118295458386696,0.8036268988068488,0.695298730478588,0.0,0.0
5247,5,71,3,M,3,0.1904565135762469,0.30175739715306965,0.12,0.30175739715306965,0.002650207437557492,0.08118295458386696,0.1904565135762469,0.30175739715306965,0.0,0.0
5248,5,72,3,M,0,0.16702155045005715,0.09293974650129867,0.12,0.09293974650129867,0.0025218616738484773,0.08118295458386696,0.1670215504500571,0.09293974650129866,0.0,0.0
5249,5,72,3,M,1,0.8355296309162583,0.9045800797593163,0.88,0.9045800797593163,0.0025382337361491702,0.08118295458386696,0.8355296309162583,0.9045800797593162,0.0,0.0
5250,5,72,3,M,2,0.8036268988068488,0.695298730478588,0.88,0.695298730478588,0.002538233426714262,0.08118295458386696,0.8036268988068489,0.6952987304785881,0.0,0.0
5251,5,72,3,M,3,0.1904565135762469,0.30175739715306965,0.12,0.30175739715306965,0.002650207437557492,0.08118295458386696,0.1904565135762469,0.30175739715306965,0.0,0.0
5252,5,73,3,M,0,0.1670215504500571,0.09293974650129866,0.12,0.09293974650129866,0.0025218616738484773,0.08118295458386696,0.16702155045005712,0.09293974650129866,0.0,0.0
5253,5,73,3,M,1,0.8355296309162583,0.9045800797593162,0.88,0.9045800797593162,0.0025382337361491702,0.08118295458386696,0.8355296309162583,0.9045800797593163,0.0,0.0
5254,5,73,3,M,2,0.8036268988068489,0.6952987304785881,0.88,0.6952987304785881,0.002538233426714262,0.08118295458386696,0.8036268988068488,0.695298730478588,0.0,0.0
5255,5,73,3,M,3,0.1904565135762469,0.30175739715306965,0.12,0.30175739715306965,0.002650207437557492,0.08118295458386696,0.19045651357624693,0.3017573971530697,0.0,0.0
5256,5,74,3,M,0,0.16702155045005712,0.09293974650129866,0.12,0.09293974650129866,0.0025218616738484773,0.08118295458386696,0.16702155045005712,0.09293974650129866,0.0,0.0
5257,5,74,3,M,1,0.8355296309162583,0.9045800797593163,0.88,0.9045800797593163,0.0025382337361491702,0.08118295458386696,0.8355296309162583,0.9045800797593163,0.0,0.0
5258,5,74,3,M,2,0.8036268988068488,0.695298730478588,0.88,0.695298730478588,0.002538233426714262,0.08118295458386696,0.8036268988068488,0.695298730478588,0.0,0.0
5259,5,74,3,M,3,0.19045651357624693,0.3017573971530697,0.12,0.3017573971530697,0.002650207437557492,0.08118295458386696,0.1904565135762469,0.30175739715306965,0.0,0.0
5260,5,75,3,M,0,0.16702155045005712,0.09293974650129866,0.12,0.09293974650129866,0.0025218616738484773,0.08118295458386696,0.16702155045005715,0.09293974650129867,0.0,0.0
5261,5,75,3,M,1,0.8355296309162583,0.9045800797593163,0.88,0.9045800797593163,0.0025382337361491702,0.08118295458386696,0.8355296309162583,0.9045800797593163,0.0,0.0
5262,5,75,3,M,2,0.8036268988068488,0.695298730478588,0.88,0.695298730478588,0.002538233426714262,0.08118295458386696,0.8036268988068488,0.695298730478588,0.0,0.0
5263,5,75,3,M,3,0.1904565135762469,0.30175739715306965,0.12,0.30175739715306965,0.002650207437557492,0.08118295458386696,0.1904565135762469,0.30175739715306965,0.0,0.0
5264,5,76,3,M,0,0.16702155045005715,0.09293974650129867,0.12,0.09293974650129867,0.0025218616738484773,0.08118295458386696,0.1670215504500571,0.09293974650129866,0.0,0.0
5265,5,76,3,M,1,0.8355296309162583,0.9045800797593163,0.88,0.9045800797593163,0.0025382337361491702,0.08118295458386696,0.8355296309162583,0.9045800797593162,0.0,0.0
5266,5,76,3,M,2,0.8036268988068488,0.695298730478588,0.88,0.695298730478588,0.002538233426714262,0.08118295458386696,0.8036268988068489,0.6952987304785881,0.0,0.0
5267,5,76,3,M,3,0.1904565135762469,0.30175739715306965,0.12,0.30175739715306965,0.002650207437557492,0.08118295458386696,0.1904565135762469,0.30175739715306965,0.0,0.0
5268,5,77,3,M,0,0.1670215504500571,0.09293974650129866,0.12,0.09293974650129866,0.0025218616738484773,0.08118295458386696,0.16702155045005712,0.09293974650129866,0.0,0.0
5269,5,77,3,M,1,0.8355296309162583,0.9045800797593162,0.88,0.9045800797593162,0.0025382337361491702,0.08118295458386696,0.8355296309162583,0.9045800797593163,0.0,0.0
5270,5,77,3,M,2,0.8036268988068489,0.6952987304785881,0.88,0.6952987304785881,0.002538233426714262,0.08118295458386696,0.8036268988068488,0.695298730478588,0.0,0.0
5271,5,77,3,M,3,0.1904565135762469,0.30175739715306965,0.12,0.30175739715306965,0.002650207437557492,0.08118295458386696,0.19045651357624693,0.3017573971530697,0.0,0.0
5272,5,78,3,M,0,0.16702155045005712,0.09293974650129866,0.12,0.09293974650129866,0.0025218616738484773,0.08118295458386696,0.16702155045005712,0.09293974650129866,0.0,0.0
5273,5,78,3,M,1,0.8355296309162583,0.9045800797593163,0.88,0.9045800797593163,0.0025382337361491702,0.08118295458386696,0.8355296309162583,0.9045800797593163,0.0,0.0
5274,5,78,3,M,2,0.8036268988068488,0.695298730478588,0.88,0.695298730478588,0.002538233426714262,0.08118295458386696,0.8036268988068488,0.695298730478588,0.0,0.0
5275,5,78,3,M,3,0.19045651357624693,0.3017573971530697,0.12,0.3017573971530697,0.002650207437557492,0.08118295458386696,0.1904565135762469,0.30175739715306965,0.0,0.0
5276,5,79,3,M,0,0.16702155045005712,0.09293974650129866,0.12,0.09293974650129866,0.0025218616738484773,0.08118295458386696,0.16702155045005715,0.09293974650129867,0.0,0.0
5277,5,79,3,M,1,0.8355296309162583,0.9045800797593163,0.88,0.9045800797593163,0.0025382337361491702,0.08118295458386696,0.8355296309162583,0.9045800797593163,0.0,0.0
5278,5,79,3,M,2,0.8036268988068488,0.695298730478588,0.88,0.695298730478588,0.002538233426714262,0.08118295458386696,0.8036268988068488,0.695298730478588,0.0,0.0
5279,5,79,3,M,3,0.1904565135762469,0.30175739715306965,0.12,0.30175739715306965,0.002650207437557492,0.08118295458386696,0.1904565135762469,0.30175739715306965,0.0,0.0
5280,5,80,3,M,0,0.16702155045005715,0.09293974650129867,0.12,0.09293974650129867,0.0025218616738484773,0.08118295458386696,0.1670215504500571,0.09293974650129866,0.0,0.0
5281,5,80,3,M,1,0.8355296309162583,0.9045800797593163,0.88,0.9045800797593163,0.0025382337361491702,0.08118295458386696,0.8355296309162583,0.9045800797593162,0.0,0.0
5282,5,80,3,M,2,0.8036268988068488,0.695298730478588,0.88,0.695298730478588,0.002538233426714262,0.08118295458386696,0.8036268988068489,0.6952987304785881,0.0,0.0
5283,5,80,3,M,3,0.1904565135762469,0.30175739715306965,0.12,0.30175739715306965,0.002650207437557492,0.08118295458386696,0.1904565135762469,0.30175739715306965,0.0,0.0
5284,5,81,3,M,0,0.1670215504500571,0.09293974650129866,0.12,0.09293974650129866,0.0025218616738484773,0.08118295458386696,0.16702155045005712,0.09293974650129866,0.0,0.0
5285,5,81,3,M,1,0.8355296309162583,0.9045800797593162,0.88,0.9045800797593162,0.0025382337361491702,0.08118295458386696,0.8355296309162583,0.9045800797593163,0.0,0.0
5286,5,81,3,M,2,0.8036268988068489,0.6952987304785881,0.88,0.6952987304785881,0.002538233426714262,0.08118295458386696,0.8036268988068488,0.695298730478588,0.0,0.0
5287,5,81,3,M,3,0.1904565135762469,0.30175739715306965,0.12,0.30175739715306965,0.002650207437557492,0.08118295458386696,0.19045651357624693,0.3017573971530697,0.0,0.0
5288,5,82,3,M,0,0.16702155045005712,0.09293974650129866,0.12,0.09293974650129866,0.0025218616738484773,0.08118295458386696,0.16702155045005712,0.09293974650129866,0.0,0.0
5289,5,82,3,M,1,0.8355296309162583,0.9045800797593163,0.88,0.9045800797593163,0.0025382337361491702,0.08118295458386696,0.8355296309162583,0.9045800797593163,0.0,0.0
5290,5,82,3,M,2,0.8036268988068488,0.695298730478588,0.88,0.695298730478588,0.002538233426714262,0.08118295458386696,0.8036268988068488,0.695298730478588,0.0,0.0
5291,5,82,3,M,3,0.19045651357624693,0.3017573971530697,0.12,0.3017573971530697,0.002650207437557492,0.08118295458386696,0.1904565135762469,0.30175739715306965,0.0,0.0
5292,5,83,3,M,0,0.16702155045005712,0.09293974650129866,0.12,0.09293974650129866,0.0025218616738484773,0.08118295458386696,0.16702155045005715,0.09293974650129867,0.0,0.0
5293,5,83,3,M,1,0.8355296309162583,0.9045800797593163,0.88,0.9045800797593163,0.0025382337361491702,0.08118295458386696,0.8355296309162583,0.9045800797593163,0.0,0.0
5294,5,83,3,M,2,0.8036268988068488,0.695298730478588,0.88,0.695298730478588,0.002538233426714262,0.08118295458386696,0.8036268988068488,0.695298730478588,0.0,0.0
5295,5,83,3,M,3,0.1904565135762469,0.30175739715306965,0.12,0.30175739715306965,0.002650207437557492,0.08118295458386696,0.1904565135762469,0.30175739715306965,0.0,0.0
5296,5,84,3,M,0,0.16702155045005715,0.09293974650129867,0.12,0.09293974650129867,0.0025218616738484773,0.08118295458386696,0.1670215504500571,0.09293974650129866,0.0,0.0
5297,5,84,3,M,1,0.8355296309162583,0.9045800797593163,0.88,0.9045800797593163,0.0025382337361491702,0.08118295458386696,0.8355296309162583,0.9045800797593162,0.0,0.0
5298,5,84,3,M,2,0.8036268988068488,0.695298730478588,0.88,0.695298730478588,0.002538233426714262,0.08118295458386696,0.8036268988068489,0.6952987304785881,0.0,0.0
5299,5,84,3,M,3,0.1904565135762469,0.30175739715306965,0.12,0.30175739715306965,0.002650207437557492,0.08118295458386696,0.1904565135762469,0.30175739715306965,0.0,0.0
5300,5,85,3,M,0,0.1670215504500571,0.09293974650129866,0.12,0.09293974650129866,0.0025218616738484773,0.08118295458386696,0.16702155045005712,0.09293974650129866,0.0,0.0
5301,5,85,3,M,1,0.8355296309162583,0.9045800797593162,0.88,0.9045800797593162,0.0025382337361491702,0.08118295458386696,0.8355296309162583,0.9045800797593163,0.0,0.0
5302,5,85,3,M,2,0.8036268988068489,0.6952987304785881,0.88,0.6952987304785881,0.002538233426714262,0.08118295458386696,0.8036268988068488,0.695298730478588,0.0,0.0
5303,5,85,3,M,3,0.1904565135762469,0.30175739715306965,0.12,0.30175739715306965,0.002650207437557492,0.08118295458386696,0.19045651357624693,0.3017573971530697,0.0,0.0
5304,5,86,3,M,0,0.16702155045005712,0.09293974650129866,0.12,0.09293974650129866,0.0025218616738484773,0.08118295458386696,0.16702155045005712,0.09293974650129866,0.0,0.0
5305,5,86,3,M,1,0.8355296309162583,0.9045800797593163,0.88,0.9045800797593163,0.0025382337361491702,0.08118295458386696,0.8355296309162583,0.9045800797593163,0.0,0.0
5306,5,86,3,M,2,0.8036268988068488,0.695298730478588,0.88,0.695298730478588,0.002538233426714262,0.08118295458386696,0.8036268988068488,0.695298730478588,0.0,0.0
5307,5,86,3,M,3,0.19045651357624693,0.3017573971530697,0.12,0.3017573971530697,0.002650207437557492,0.08118295458386696,0.1904565135762469,0.30175739715306965,0.0,0.0
5308,5,87,3,M,0,0.16702155045005712,0.09293974650129866,0.12,0.09293974650129866,0.0025218616738484773,0.08118295458386696,0.16702155045005715,0.09293974650129867,0.0,0.0
5309,5,87,3,M,1,0.8355296309162583,0.9045800797593163,0.88,0.9045800797593163,0.0025382337361491702,0.08118295458386696,0.8355296309162583,0.9045800797593163,0.0,0.0
5310,5,87,3,M,2,0.8036268988068488,0.695298730478588,0.88,0.695298730478588,0.002538233426714262,0.08118295458386696,0.8036268988068488,0.695298730478588,0.0,0.0
5311,5,87,3,M,3,0.1904565135762469,0.30175739715306965,0.12,0.30175739715306965,0.002650207437557492,0.08118295458386696,0.1904565135762469,0.30175739715306965,0.0,0.0
5312,5,88,3,M,0,0.16702155045005715,0.09293974650129867,0.12,0.09293974650129867,0.0025218616738484773,0.08118295458386696,0.1670215504500571,0.09293974650129866,0.0,0.0
5313,5,88,3,M,1,0.8355296309162583,0.9045800797593163,0.88,0.9045800797593163,0.0025382337361491702,0.08118295458386696,0.8355296309162583,0.9045800797593162,0.0,0.0
5314,5,88,3,M,2,0.8036268988068488,0.695298730478588,0.88,0.695298730478588,0.002538233426714262,0.08118295458386696,0.8036268988068489,0.6952987304785881,0.0,0.0
5315,5,88,3,M,3,0.1904565135762469,0.30175739715306965,0.12,0.30175739715306965,0.002650207437557492,0.08118295458386696,0.1904565135762469,0.30175739715306965,0.0,0.0
5316,5,89,3,M,0,0.1670215504500571,0.09293974650129866,0.12,0.09293974650129866,0.0025218616738484773,0.08118295458386696,0.16702155045005712,0.09293974650129866,0.0,0.0
5317,5,89,3,M,1,0.8355296309162583,0.9045800797593162,0.88,0.9045800797593162,0.0025382337361491702,0.08118295458386696,0.8355296309162583,0.9045800797593163,0.0,0.0
5318,5,89,3,M,2,0.8036268988068489,0.6952987304785881,0.88,0.6952987304785881,0.002538233426714262,0.08118295458386696,0.8036268988068488,0.695298730478588,0.0,0.0
5319,5,89,3,M,3,0.1904565135762469,0.30175739715306965,0.12,0.30175739715306965,0.002650207437557492,0.08118295458386696,0.19045651357624693,0.3017573971530697,0.0,0.0
5320,5,90,3,M,0,0.16702155045005712,0.09293974650129866,0.12,0.09293974650129866,0.0025218616738484773,0.08118295458386696,0.16702155045005712,0.09293974650129866,0.0,0.0
5321,5,90,3,M,1,0.8355296309162583,0.9045800797593163,0.88,0.9045800797593163,0.0025382337361491702,0.08118295458386696,0.8355296309162583,0.9045800797593163,0.0,0.0
5322,5,90,3,M,2,0.8036268988068488,0.695298730478588,0.88,0.695298730478588,0.002538233426714262,0.08118295458386696,0.8036268988068488,0.695298730478588,0.0,0.0
5323,5,90,3,M,3,0.19045651357624693,0.3017573971530697,0.12,0.3017573971530697,0.002650207437557492,0.08118295458386696,0.1904565135762469,0.30175739715306965,0.0,0.0
5324,5,91,3,M,0,0.16702155045005712,0.09293974650129866,0.12,0.09293974650129866,0.0025218616738484773,0.08118295458386696,0.16702155045005715,0.09293974650129867,0.0,0.0
5325,5,91,3,M,1,0.8355296309162583,0.9045800797593163,0.88,0.9045800797593163,0.0025382337361491702,0.08118295458386696,0.8355296309162583,0.9045800797593163,0.0,0.0
5326,5,91,3,M,2,0.8036268988068488,0.695298730478588,0.88,0.695298730478588,0.002538233426714262,0.08118295458386696,0.8036268988068488,0.695298730478588,0.0,0.0
5327,5,91,3,M,3,0.1904565135762469,0.30175739715306965,0.12,0.30175739715306965,0.002650207437557492,0.08118295458386696,0.1904565135762469,0.30175739715306965,0.0,0.0
5328,5,92,3,M,0,0.16702155045005715,0.09293974650129867,0.12,0.09293974650129867,0.0025218616738484773,0.08118295458386696,0.1670215504500571,0.09293974650129866,0.0,0.0
5329,5,92,3,M,1,0.8355296309162583,0.9045800797593163,0.88,0.9045800797593163,0.0025382337361491702,0.08118295458386696,0.8355296309162583,0.9045800797593162,0.0,0.0
5330,5,92,3,M,2,0.8036268988068488,0.695298730478588,0.88,0.695298730478588,0.002538233426714262,0.08118295458386696,0.8036268988068489,0.6952987304785881,0.0,0.0
5331,5,92,3,M,3,0.1904565135762469,0.30175739715306965,0.12,0.30175739715306965,0.002650207437557492,0.08118295458386696,0.1904565135762469,0.30175739715306965,0.0,0.0
5332,5,93,3,M,0,0.1670215504500571,0.09293974650129866,0.12,0.09293974650129866,0.0025218616738484773,0.08118295458386696,0.16702155045005712,0.09293974650129866,0.0,0.0
5333,5,93,3,M,1,0.8355296309162583,0.9045800797593162,0.88,0.9045800797593162,0.0025382337361491702,0.08118295458386696,0.8355296309162583,0.9045800797593163,0.0,0.0
5334,5,93,3,M,2,0.8036268988068489,0.6952987304785881,0.88,0.6952987304785881,0.002538233426714262,0.08118295458386696,0.8036268988068488,0.695298730478588,0.0,0.0
5335,5,93,3,M,3,0.1904565135762469,0.30175739715306965,0.12,0.30175739715306965,0.002650207437557492,0.08118295458386696,0.19045651357624693,0.3017573971530697,0.0,0.0
5336,5,94,3,M,0,0.16702155045005712,0.09293974650129866,0.12,0.09293974650129866,0.0025218616738484773,0.08118295458386696,0.16702155045005712,0.09293974650129866,0.0,0.0
5337,5,94,3,M,1,0.8355296309162583,0.9045800797593163,0.88,0.9045800797593163,0.0025382337361491702,0.08118295458386696,0.8355296309162583,0.9045800797593163,0.0,0.0
5338,5,94,3,M,2,0.8036268988068488,0.695298730478588,0.88,0.695298730478588,0.002538233426714262,0.08118295458386696,0.8036268988068488,0.695298730478588,0.0,0.0
5339,5,94,3,M,3,0.19045651357624693,0.3017573971530697,0.12,0.3017573971530697,0.002650207437557492,0.08118295458386696,0.1904565135762469,0.30175739715306965,0.0,0.0
5340,5,95,3,M,0,0.16702155045005712,0.09293974650129866,0.12,0.09293974650129866,0.0025218616738484773,0.08118295458386696,0.16702155045005715,0.09293974650129867,0.0,0.0
5341,5,95,3,M,1,0.8355296309162583,0.9045800797593163,0.88,0.9045800797593163,0.0025382337361491702,0.08118295458386696,0.8355296309162583,0.9045800797593163,0.0,0.0
5342,5,95,3,M,2,0.8036268988068488,0.695298730478588,0.88,0.695298730478588,0.002538233426714262,0.08118295458386696,0.8036268988068488,0.695298730478588,0.0,0.0
5343,5,95,3,M,3,0.1904565135762469,0.30175739715306965,0.12,0.30175739715306965,0.002650207437557492,0.08118295458386696,0.1904565135762469,0.30175739715306965,0.0,0.0
5344,5,96,3,M,0,0.16702155045005715,0.09293974650129867,0.12,0.09293974650129867,0.0025218616738484773,0.08118295458386696,0.1670215504500571,0.09293974650129866,0.0,0.0
5345,5,96,3,M,1,0.8355296309162583,0.9045800797593163,0.88,0.9045800797593163,0.0025382337361491702,0.08118295458386696,0.8355296309162583,0.9045800797593162,0.0,0.0
5346,5,96,3,M,2,0.8036268988068488,0.695298730478588,0.88,0.695298730478588,0.002538233426714262,0.08118295458386696,0.8036268988068489,0.6952987304785881,0.0,0.0
5347,5,96,3,M,3,0.1904565135762469,0.30175739715306965,0.12,0.30175739715306965,0.002650207437557492,0.08118295458386696,0.1904565135762469,0.30175739715306965,0.0,0.0
5348,5,97,3,M,0,0.1670215504500571,0.09293974650129866,0.12,0.09293974650129866,0.0025218616738484773,0.08118295458386696,0.16702155045005712,0.09293974650129866,0.0,0.0
5349,5,97,3,M,1,0.8355296309162583,0.9045800797593162,0.88,0.9045800797593162,0.0025382337361491702,0.08118295458386696,0.8355296309162583,0.9045800797593163,0.0,0.0
5350,5,97,3,M,2,0.8036268988068489,0.6952987304785881,0.88,0.6952987304785881,0.002538233426714262,0.08118295458386696,0.8036268988068488,0.695298730478588,0.0,0.0
5351,5,97,3,M,3,0.1904565135762469,0.30175739715306965,0.12,0.30175739715306965,0.002650207437557492,0.08118295458386696,0.19045651357624693,0.3017573971530697,0.0,0.0
5352,5,98,3,M,0,0.16702155045005712,0.09293974650129866,0.12,0.09293974650129866,0.0025218616738484773,0.08118295458386696,0.16702155045005712,0.09293974650129866,0.0,0.0
5353,5,98,3,M,1,0.8355296309162583,0.9045800797593163,0.88,0.9045800797593163,0.0025382337361491702,0.08118295458386696,0.8355296309162583,0.9045800797593163,0.0,0.0
5354,5,98,3,M,2,0.8036268988068488,0.695298730478588,0.88,0.695298730478588,0.002538233426714262,0.08118295458386696,0.8036268988068488,0.695298730478588,0.0,0.0
5355,5,98,3,M,3,0.19045651357624693,0.3017573971530697,0.12,0.3017573971530697,0.002650207437557492,0.08118295458386696,0.1904565135762469,0.30175739715306965,0.0,0.0
5356,5,99,3,M,0,0.16702155045005712,0.09293974650129866,0.12,0.09293974650129866,0.0025218616738484773,0.08118295458386696,0.16702155045005715,0.09293974650129867,0.0,0.0
5357,5,99,3,M,1,0.8355296309162583,0.9045800797593163,0.88,0.9045800797593163,0.0025382337361491702,0.08118295458386696,0.8355296309162583,0.9045800797593163,0.0,0.0
5358,5,99,3,M,2,0.8036268988068488,0.695298730478588,0.88,0.695298730478588,0.002538233426714262,0.08118295458386696,0.8036268988068488,0.695298730478588,0.0,0.0
5359,5,99,3,M,3,0.1904565135762469,0.30175739715306965,0.12,0.30175739715306965,0.002650207437557492,0.08118295458386696,0.1904565135762469,0.30175739715306965,0.0,0.0
5360,5,100,3,M,0,0.16702155045005715,0.09293974650129867,0.12,0.09293974650129867,0.0025218616738484773,0.08118295458386696,0.1670215504500571,0.09293974650129866,0.0,0.0
5361,5,100,3,M,1,0.8355296309162583,0.9045800797593163,0.88,0.9045800797593163,0.0025382337361491702,0.08118295458386696,0.8355296309162583,0.9045800797593162,0.0,0.0
5362,5,100,3,M,2,0.8036268988068488,0.695298730478588,0.88,0.695298730478588,0.002538233426714262,0.08118295458386696,0.8036268988068489,0.6952987304785881,0.0,0.0
5363,5,100,3,M,3,0.1904565135762469,0.30175739715306965,0.12,0.30175739715306965,0.002650207437557492,0.08118295458386696,0.1904565135762469,0.30175739715306965,0.0,0.0
5364,5,101,3,M,0,0.1670215504500571,0.09293974650129866,0.12,0.09293974650129866,0.0025218616738484773,0.08118295458386696,0.16702155045005712,0.09293974650129866,0.0,0.0
5365,5,101,3,M,1,0.8355296309162583,0.9045800797593162,0.88,0.9045800797593162,0.0025382337361491702,0.08118295458386696,0.8355296309162583,0.9045800797593163,0.0,0.0
5366,5,101,3,M,2,0.8036268988068489,0.6952987304785881,0.88,0.6952987304785881,0.002538233426714262,0.08118295458386696,0.8036268988068488,0.695298730478588,0.0,0.0
5367,5,101,3,M,3,0.1904565135762469,0.30175739715306965,0.12,0.30175739715306965,0.002650207437557492,0.08118295458386696,0.19045651357624693,0.3017573971530697,0.0,0.0
5368,5,102,3,M,0,0.16702155045005712,0.09293974650129866,0.12,0.09293974650129866,0.0025218616738484773,0.08118295458386696,0.16702155045005712,0.09293974650129866,0.0,0.0
5369,5,102,3,M,1,0.8355296309162583,0.9045800797593163,0.88,0.9045800797593163,0.0025382337361491702,0.08118295458386696,0.8355296309162583,0.9045800797593163,0.0,0.0
5370,5,102,3,M,2,0.8036268988068488,0.695298730478588,0.88,0.695298730478588,0.002538233426714262,0.08118295458386696,0.8036268988068488,0.695298730478588,0.0,0.0
5371,5,102,3,M,3,0.19045651357624693,0.3017573971530697,0.12,0.3017573971530697,0.002650207437557492,0.08118295458386696,0.1904565135762469,0.30175739715306965,0.0,0.0
5372,5,103,3,M,0,0.16702155045005712,0.09293974650129866,0.12,0.09293974650129866,0.0025218616738484773,0.08118295458386696,0.16702155045005715,0.09293974650129867,0.0,0.0
5373,5,103,3,M,1,0.8355296309162583,0.9045800797593163,0.88,0.9045800797593163,0.0025382337361491702,0.08118295458386696,0.8355296309162583,0.9045800797593163,0.0,0.0
5374,5,103,3,M,2,0.8036268988068488,0.695298730478588,0.88,0.695298730478588,0.002538233426714262,0.08118295458386696,0.8036268988068488,0.695298730478588,0.0,0.0
5375,5,103,3,M,3,0.1904565135762469,0.30175739715306965,0.12,0.30175739715306965,0.002650207437557492,0.08118295458386696,0.1904565135762469,0.30175739715306965,0.0,0.0
5376,5,104,3,M,0,0.16702155045005715,0.09293974650129867,0.12,0.09293974650129867,0.0025218616738484773,0.08118295458386696,0.1670215504500571,0.09293974650129866,0.0,0.0
5377,5,104,3,M,1,0.8355296309162583,0.9045800797593163,0.88,0.9045800797593163,0.0025382337361491702,0.08118295458386696,0.8355296309162583,0.9045800797593162,0.0,0.0
5378,5,104,3,M,2,0.8036268988068488,0.695298730478588,0.88,0.695298730478588,0.002538233426714262,0.08118295458386696,0.8036268988068489,0.6952987304785881,0.0,0.0
5379,5,104,3,M,3,0.1904565135762469,0.30175739715306965,0.12,0.30175739715306965,0.002650207437557492,0.08118295458386696,0.1904565135762469,0.30175739715306965,0.0,0.0
5380,5,105,3,M,0,0.1670215504500571,0.09293974650129866,0.12,0.09293974650129866,0.0025218616738484773,0.08118295458386696,0.16702155045005712,0.09293974650129866,0.0,0.0
5381,5,105,3,M,1,0.8355296309162583,0.9045800797593162,0.88,0.9045800797593162,0.0025382337361491702,0.08118295458386696,0.8355296309162583,0.9045800797593163,0.0,0.0
5382,5,105,3,M,2,0.8036268988068489,0.6952987304785881,0.88,0.6952987304785881,0.002538233426714262,0.08118295458386696,0.8036268988068488,0.695298730478588,0.0,0.0
5383,5,105,3,M,3,0.1904565135762469,0.30175739715306965,0.12,0.30175739715306965,0.002650207437557492,0.08118295458386696,0.19045651357624693,0.3017573971530697,0.0,0.0
5384,5,106,3,M,0,0.16702155045005712,0.09293974650129866,0.12,0.09293974650129866,0.0025218616738484773,0.08118295458386696,0.16702155045005712,0.09293974650129866,0.0,0.0
5385,5,106,3,M,1,0.8355296309162583,0.9045800797593163,0.88,0.9045800797593163,0.0025382337361491702,0.08118295458386696,0.8355296309162583,0.9045800797593163,0.0,0.0
5386,5,106,3,M,2,0.8036268988068488,0.695298730478588,0.88,0.695298730478588,0.002538233426714262,0.08118295458386696,0.8036268988068488,0.695298730478588,0.0,0.0
5387,5,106,3,M,3,0.19045651357624693,0.3017573971530697,0.12,0.3017573971530697,0.002650207437557492,0.08118295458386696,0.1904565135762469,0.30175739715306965,0.0,0.0
5388,5,107,3,M,0,0.16702155045005712,0.09293974650129866,0.12,0.09293974650129866,0.0025218616738484773,0.08118295458386696,0.16702155045005715,0.09293974650129867,0.0,0.0
5389,5,107,3,M,1,0.8355296309162583,0.9045800797593163,0.88,0.9045800797593163,0.0025382337361491702,0.08118295458386696,0.8355296309162583,0.9045800797593163,0.0,0.0
5390,5,107,3,M,2,0.8036268988068488,0.695298730478588,0.88,0.695298730478588,0.002538233426714262,0.08118295458386696,0.8036268988068488,0.695298730478588,0.0,0.0
5391,5,107,3,M,3,0.1904565135762469,0.30175739715306965,0.12,0.30175739715306965,0.002650207437557492,0.08118295458386696,0.1904565135762469,0.30175739715306965,0.0,0.0
5392,5,108,3,M,0,0.16702155045005715,0.09293974650129867,0.12,0.09293974650129867,0.0025218616738484773,0.08118295458386696,0.1670215504500571,0.09293974650129866,0.0,0.0
5393,5,108,3,M,1,0.8355296309162583,0.9045800797593163,0.88,0.9045800797593163,0.0025382337361491702,0.08118295458386696,0.8355296309162583,0.9045800797593162,0.0,0.0
5394,5,108,3,M,2,0.8036268988068488,0.695298730478588,0.88,0.695298730478588,0.002538233426714262,0.08118295458386696,0.8036268988068489,0.6952987304785881,0.0,0.0
5395,5,108,3,M,3,0.1904565135762469,0.30175739715306965,0.12,0.30175739715306965,0.002650207437557492,0.08118295458386696,0.1904565135762469,0.30175739715306965,0.0,0.0
5396,5,109,3,M,0,0.1670215504500571,0.09293974650129866,0.12,0.09293974650129866,0.0025218616738484773,0.08118295458386696,0.16702155045005712,0.09293974650129866,0.0,0.0
5397,5,109,3,M,1,0.8355296309162583,0.9045800797593162,0.88,0.9045800797593162,0.0025382337361491702,0.08118295458386696,0.8355296309162583,0.9045800797593163,0.0,0.0
5398,5,109,3,M,2,0.8036268988068489,0.6952987304785881,0.88,0.6952987304785881,0.002538233426714262,0.08118295458386696,0.8036268988068488,0.695298730478588,0.0,0.0
5399,5,109,3,M,3,0.1904565135762469,0.30175739715306965,0.12,0.30175739715306965,0.002650207437557492,0.08118295458386696,0.19045651357624693,0.3017573971530697,0.0,0.0
5400,5,110,3,M,0,0.16702155045005712,0.09293974650129866,0.12,0.09293974650129866,0.0025218616738484773,0.08118295458386696,0.16702155045005712,0.09293974650129866,0.0,0.0
5401,5,110,3,M,1,0.8355296309162583,0.9045800797593163,0.88,0.9045800797593163,0.0025382337361491702,0.08118295458386696,0.8355296309162583,0.9045800797593163,0.0,0.0
5402,5,110,3,M,2,0.8036268988068488,0.695298730478588,0.88,0.695298730478588,0.002538233426714262,0.08118295458386696,0.8036268988068488,0.695298730478588,0.0,0.0
5403,5,110,3,M,3,0.19045651357624693,0.3017573971530697,0.12,0.3017573971530697,0.002650207437557492,0.08118295458386696,0.1904565135762469,0.30175739715306965,0.0,0.0
5404,5,111,3,M,0,0.16702155045005712,0.09293974650129866,0.12,0.09293974650129866,0.0025218616738484773,0.08118295458386696,0.16702155045005715,0.09293974650129867,0.0,0.0
5405,5,111,3,M,1,0.8355296309162583,0.9045800797593163,0.88,0.9045800797593163,0.0025382337361491702,0.08118295458386696,0.8355296309162583,0.9045800797593163,0.0,0.0
5406,5,111,3,M,2,0.8036268988068488,0.695298730478588,0.88,0.695298730478588,0.002538233426714262,0.08118295458386696,0.8036268988068488,0.695298730478588,0.0,0.0
5407,5,111,3,M,3,0.1904565135762469,0.30175739715306965,0.12,0.30175739715306965,0.002650207437557492,0.08118295458386696,0.1904565135762469,0.30175739715306965,0.0,0.0
5408,5,112,3,M,0,0.16702155045005715,0.09293974650129867,0.12,0.09293974650129867,0.0025218616738484773,0.08118295458386696,0.1670215504500571,0.09293974650129866,0.0,0.0
5409,5,112,3,M,1,0.8355296309162583,0.9045800797593163,0.88,0.9045800797593163,0.0025382337361491702,0.08118295458386696,0.8355296309162583,0.9045800797593162,0.0,0.0
5410,5,112,3,M,2,0.8036268988068488,0.695298730478588,0.88,0.695298730478588,0.002538233426714262,0.08118295458386696,0.8036268988068489,0.6952987304785881,0.0,0.0
5411,5,112,3,M,3,0.1904565135762469,0.30175739715306965,0.12,0.30175739715306965,0.002650207437557492,0.08118295458386696,0.1904565135762469,0.30175739715306965,0.0,0.0
5412,5,113,3,M,0,0.1670215504500571,0.09293974650129866,0.12,0.09293974650129866,0.0025218616738484773,0.08118295458386696,0.16702155045005712,0.09293974650129866,0.0,0.0
5413,5,113,3,M,1,0.8355296309162583,0.9045800797593162,0.88,0.9045800797593162,0.0025382337361491702,0.08118295458386696,0.8355296309162583,0.9045800797593163,0.0,0.0
5414,5,113,3,M,2,0.8036268988068489,0.6952987304785881,0.88,0.6952987304785881,0.002538233426714262,0.08118295458386696,0.8036268988068488,0.695298730478588,0.0,0.0
5415,5,113,3,M,3,0.1904565135762469,0.30175739715306965,0.12,0.30175739715306965,0.002650207437557492,0.08118295458386696,0.19045651357624693,0.3017573971530697,0.0,0.0
5416,5,114,3,M,0,0.16702155045005712,0.09293974650129866,0.12,0.09293974650129866,0.0025218616738484773,0.08118295458386696,0.16702155045005712,0.09293974650129866,0.0,0.0
5417,5,114,3,M,1,0.8355296309162583,0.9045800797593163,0.88,0.9045800797593163,0.0025382337361491702,0.08118295458386696,0.8355296309162583,0.9045800797593163,0.0,0.0
5418,5,114,3,M,2,0.8036268988068488,0.695298730478588,0.88,0.695298730478588,0.002538233426714262,0.08118295458386696,0.8036268988068488,0.695298730478588,0.0,0.0
5419,5,114,3,M,3,0.19045651357624693,0.3017573971530697,0.12,0.3017573971530697,0.002650207437557492,0.08118295458386696,0.1904565135762469,0.30175739715306965,0.0,0.0
5420,5,115,3,M,0,0.16702155045005712,0.09293974650129866,0.12,0.09293974650129866,0.0025218616738484773,0.08118295458386696,0.16702155045005715,0.09293974650129867,0.0,0.0
5421,5,115,3,M,1,0.8355296309162583,0.9045800797593163,0.88,0.9045800797593163,0.0025382337361491702,0.08118295458386696,0.8355296309162583,0.9045800797593163,0.0,0.0
5422,5,115,3,M,2,0.8036268988068488,0.695298730478588,0.88,0.695298730478588,0.002538233426714262,0.08118295458386696,0.8036268988068488,0.695298730478588,0.0,0.0
5423,5,115,3,M,3,0.1904565135762469,0.30175739715306965,0.12,0.30175739715306965,0.002650207437557492,0.08118295458386696,0.1904565135762469,0.30175739715306965,0.0,0.0
5424,5,116,3,M,0,0.16702155045005715,0.09293974650129867,0.12,0.09293974650129867,0.0025218616738484773,0.08118295458386696,0.1670215504500571,0.09293974650129866,0.0,0.0
5425,5,116,3,M,1,0.8355296309162583,0.9045800797593163,0.88,0.9045800797593163,0.0025382337361491702,0.08118295458386696,0.8355296309162583,0.9045800797593162,0.0,0.0
5426,5,116,3,M,2,0.8036268988068488,0.695298730478588,0.88,0.695298730478588,0.002538233426714262,0.08118295458386696,0.8036268988068489,0.6952987304785881,0.0,0.0
5427,5,116,3,M,3,0.1904565135762469,0.30175739715306965,0.12,0.30175739715306965,0.002650207437557492,0.08118295458386696,0.1904565135762469,0.30175739715306965,0.0,0.0
5428,5,117,3,M,0,0.1670215504500571,0.09293974650129866,0.12,0.09293974650129866,0.0025218616738484773,0.08118295458386696,0.16702155045005712,0.09293974650129866,0.0,0.0
5429,5,117,3,M,1,0.8355296309162583,0.9045800797593162,0.88,0.9045800797593162,0.0025382337361491702,0.08118295458386696,0.8355296309162583,0.9045800797593163,0.0,0.0
5430,5,117,3,M,2,0.8036268988068489,0.6952987304785881,0.88,0.6952987304785881,0.002538233426714262,0.08118295458386696,0.8036268988068488,0.695298730478588,0.0,0.0
5431,5,117,3,M,3,0.1904565135762469,0.30175739715306965,0.12,0.30175739715306965,0.002650207437557492,0.08118295458386696,0.19045651357624693,0.3017573971530697,0.0,0.0
5432,5,118,3,M,0,0.16702155045005712,0.09293974650129866,0.12,0.09293974650129866,0.0025218616738484773,0.08118295458386696,0.16702155045005712,0.09293974650129866,0.0,0.0
5433,5,118,3,M,1,0.8355296309162583,0.9045800797593163,0.88,0.9045800797593163,0.0025382337361491702,0.08118295458386696,0.8355296309162583,0.9045800797593163,0.0,0.0
5434,5,118,3,M,2,0.8036268988068488,0.695298730478588,0.88,0.695298730478588,0.002538233426714262,0.08118295458386696,0.8036268988068488,0.695298730478588,0.0,0.0
5435,5,118,3,M,3,0.19045651357624693,0.3017573971530697,0.12,0.3017573971530697,0.002650207437557492,0.08118295458386696,0.1904565135762469,0.30175739715306965,0.0,0.0
5436,5,119,3,M,0,0.16702155045005712,0.09293974650129866,0.12,0.09293974650129866,0.0025218616738484773,0.08118295458386696,0.16702155045005715,0.09293974650129867,0.0,0.0
5437,5,119,3,M,1,0.8355296309162583,0.9045800797593163,0.88,0.9045800797593163,0.0025382337361491702,0.08118295458386696,0.8355296309162583,0.9045800797593163,0.0,0.0
5438,5,119,3,M,2,0.8036268988068488,0.695298730478588,0.88,0.695298730478588,0.002538233426714262,0.08118295458386696,0.8036268988068488,0.695298730478588,0.0,0.0
5439,5,119,3,M,3,0.1904565135762469,0.30175739715306965,0.12,0.30175739715306965,0.002650207437557492,0.08118295458386696,0.1904565135762469,0.30175739715306965,0.0,0.0
5440,5,120,4,M,0,0.16702155045005715,0.09293974650129867,0.12,0.09293974650129867,0.0025218616738484773,0.08118295458386696,0.1670215504500571,0.09293974650129866,0.0,0.0
5441,5,120,4,M,1,0.8355296309162583,0.9045800797593163,0.88,0.9045800797593163,0.0025382337361491702,0.08118295458386696,0.8355296309162583,0.9045800797593162,0.0,0.0
5442,5,120,4,M,2,0.8036268988068488,0.695298730478588,0.88,0.695298730478588,0.002538233426714262,0.08118295458386696,0.8036268988068489,0.6952987304785881,0.0,0.0
5443,5,120,4,M,3,0.1904565135762469,0.30175739715306965,0.12,0.30175739715306965,0.002650207437557492,0.08118295458386696,0.1904565135762469,0.30175739715306965,0.0,0.0
5444,5,121,4,M,0,0.38,0.1,0.12,0.1,0.0023608356263285085,0.08118295458386696,0.15765260740681625,0.09264204223489517,1.0,1.0
5445,5,121,4,M,1,0.38,0.9,0.64,0.9,0.0021578994137455704,0.08118295458386696,0.8272109339573839,0.9045067275078337,1.0,1.0
5446,5,121,4,M,2,0.9,0.38,0.88,0.38,0.0023239848777639738,0.08118295458386696,0.807641742510677,0.6956292971729531,1.0,1.0
5447,5,121,4,M,3,0.1,0.9,0.1,0.9,0.0020673579255199026,0.08118295458386696,0.19396074764906743,0.30084103431742704,1.0,1.0
5448,5,122,4,M,0,0.1,0.1,0.62,0.1,0.0018107169906092513,0.08118295458386696,0.15985403643158677,0.09530174240616092,1.0,1.0
5449,5,122,4,M,1,0.64,0.9,0.9,0.9,0.0018902070278823818,0.08118295458386696,0.8281107660722365,0.9053187750823861,1.0,1.0
5450,5,122,4,M,2,0.9,0.62,0.9,0.62,0.001977948557352463,0.08118295458386696,0.8004501427580254,0.713106507998813,1.0,1.0
5451,5,122,4,M,3,0.12,0.38,0.1,0.38,0.0018258644934278784,0.08118295458386696,0.19344386874876332,0.3110275530358918,1.0,1.0
5452,5,123,4,M,0,0.64,0.1,0.0,0.1,0.0004922988267331424,0.08118295458386696,0.16103631241405872,0.09786467736661093,1.0,1.0
5453,5,123,4,M,1,0.88,0.88,1.0,0.88,0.0004898635530476564,0.08118295458386696,0.8391552325717633,0.9067925596333096,1.0,1.0
5454,5,123,4,M,2,0.88,0.1,0.62,0.1,0.0007490856849731858,0.08118295458386696,0.8119000748239945,0.6878390858904216,1.0,1.0
5455,5,123,4,M,3,0.12,0.62,0.38,0.62,0.0007649895163275994,0.08118295458386696,0.19280592223787926,0.3226226337171078,1.0,1.0
5456,5,124,4,M,0,0.16103631241405872,0.09786467736661093,0.0,0.09786467736661093,0.0004922988267331424,0.08118295458386696,0.16238572513130062,0.1007496245037312,0.0,0.0
5457,5,124,4,M,1,0.8391552325717633,0.9067925596333096,1.0,0.9067925596333096,0.0004898635530476564,0.08118295458386696,0.837736522704036,0.9029165424913148,0.0,0.0
5458,5,124,4,M,2,0.8119000748239945,0.6878390858904216,0.62,0.6878390858904216,0.0007490856849731858,0.08118295458386696,0.8140652747475489,0.6781502454488514,0.0,0.0
5459,5,124,4,M,3,0.19280592223787926,0.3226226337171078,0.38,0.3226226337171078,0.0007649895163275994,0.08118295458386696,0.19094880360531136,0.3312424741342608,0.0,0.0
5460,5,125,4,M,0,0.16238572513130062,0.1007496245037312,0.0,0.1007496245037312,0.0004922988267331424,0.08118295458386696,0.16399902197246613,0.10294719131245103,0.0,0.0
5461,5,125,4,M,1,0.837736522704036,0.9029165424913148,1.0,0.9029165424913148,0.0004898635530476564,0.08118295458386696,0.8361889865871076,0.899732011415274,0.0,0.0
5462,5,125,4,M,2,0.8140652747475489,0.6781502454488514,0.62,0.6781502454488514,0.0007490856849731858,0.08118295458386696,0.8161757541407207,0.6702191415333661,0.0,0.0
5463,5,125,4,M,3,0.19094880360531136,0.3312424741342608,0.38,0.3312424741342608,0.0007649895163275994,0.08118295458386696,0.18842561621646012,0.3374983314809823,0.0,0.0
5464,5,126,4,M,0,0.16399902197246613,0.10294719131245103,0.0,0.10294719131245103,0.0004922988267331424,0.08118295458386696,0.16530070343301526,0.10404797724241412,0.0,0.0
5465,5,126,4,M,1,0.8361889865871076,0.899732011415274,1.0,0.899732011415274,0.0004898635530476564,0.08118295458386696,0.8351187565922719,0.8975795724691845,0.0,0.0
5466,5,126,4,M,2,0.8161757541407207,0.6702191415333661,0.62,0.6702191415333661,0.0007490856849731858,0.08118295458386696,0.8177099565040766,0.6644501462487016,0.0,0.0
5467,5,126,4,M,3,0.18842561621646012,0.3374983314809823,0.38,0.3374983314809823,0.0007649895163275994,0.08118295458386696,0.18558755995043705,0.34101887492853666,0.0,0.0
5468,5,127,4,M,0,0.16530070343301526,0.10404797724241412,0.0,0.10404797724241412,0.0004922988267331424,0.08118295458386696,0.16631714679935033,0.10525209099878605,0.0,0.0
5469,5,127,4,M,1,0.8351187565922719,0.8975795724691845,1.0,0.8975795724691845,0.0004898635530476564,0.08118295458386696,0.8343531259958923,0.8960628772818289,0.0,0.0
5470,5,127,4,M,2,0.8177099565040766,0.6644501462487016,0.62,0.6644501462487016,0.0007490856849731858,0.08118295458386696,0.819266290438649,0.6603436740604685,0.0,0.0
5471,5,127,4,M,3,0.18558755995043705,0.34101887492853666,0.38,0.34101887492853666,0.0007649895163275994,0.08118295458386696,0.18365197270403116,0.34474683988607535,0.0,0.0
5472,5,128,4,M,0,0.16631714679935033,0.10525209099878605,0.0,0.10525209099878605,0.0004922988267331424,0.08118295458386696,0.16719912412181703,0.10617584631914297,0.0,0.0
5473,5,128,4,M,1,0.8343531259958923,0.8960628772818289,1.0,0.8960628772818289,0.0004898635530476564,0.08118295458386696,0.833767646854539,0.8944950591290639,0.0,0.0
5474,5,128,4,M,2,0.819266290438649,0.6603436740604685,0.62,0.6603436740604685,0.0007490856849731858,0.08118295458386696,0.8203041431916714,0.6563535367682853,0.0,0.0
5475,5,128,4,M,3,0.18365197270403116,0.34474683988607535,0.38,0.34474683988607535,0.0007649895163275994,0.08118295458386696,0.18186745589082215,0.3473920865671239,0.0,0.0
5476,5,129,4,M,0,0.16719912412181703,0.10617584631914297,0.0,0.10617584631914297,0.0004922988267331424,0.08118295458386696,0.16793776363931529,0.10682490526562592,0.0,0.0
5477,5,129,4,M,1,0.833767646854539,0.8944950591290639,1.0,0.8944950591290639,0.0004898635530476564,0.08118295458386696,0.8330683720682135,0.8936613672435353,0.0,0.0
5478,5,129,4,M,2,0.8203041431916714,0.6563535367682853,0.62,0.6563535367682853,0.0007490856849731858,0.08118295458386696,0.82155681235612,0.6535863207954395,0.0,0.0
5479,5,129,4,M,3,0.18186745589082215,0.3473920865671239,0.38,0.3473920865671239,0.0007649895163275994,0.08118295458386696,0.1797290649044675,0.3493663472753725,0.0,0.0
5480,5,130,4,M,0,0.16793776363931529,0.10682490526562592,0.0,0.10682490526562592,0.0004922988267331424,0.08118295458386696,0.16875854971616447,0.10743704520796592,0.0,0.0
5481,5,130,4,M,1,0.8330683720682135,0.8936613672435353,1.0,0.8936613672435353,0.0004898635530476564,0.08118295458386696,0.8321566308624695,0.8928222253819763,0.0,0.0
5482,5,130,4,M,2,0.82155681235612,0.6535863207954395,0.62,0.6535863207954395,0.0007490856849731858,0.08118295458386696,0.8233379166990997,0.6510366289169525,0.0,0.0
5483,5,130,4,M,3,0.1797290649044675,0.3493663472753725,0.38,0.3493663472753725,0.0007649895163275994,0.08118295458386696,0.1775544048672796,0.3510288692242931,0.0,0.0
5484,5,131,4,M,0,0.16875854971616447,0.10743704520796592,0.0,0.10743704520796592,0.0004922988267331424,0.08118295458386696,0.16950745993778288,0.10782791727323829,0.0,0.0
5485,5,131,4,M,1,0.8321566308624695,0.8928222253819763,1.0,0.8928222253819763,0.0004898635530476564,0.08118295458386696,0.8312396821146296,0.8922379394460094,0.0,0.0
5486,5,131,4,M,2,0.8233379166990997,0.6510366289169525,0.62,0.6510366289169525,0.0007490856849731858,0.08118295458386696,0.8255541593807731,0.6493347279681875,0.0,0.0
5487,5,131,4,M,3,0.1775544048672796,0.3510288692242931,0.38,0.3510288692242931,0.0007649895163275994,0.08118295458386696,0.17582468715320382,0.3522555864167597,0.0,0.0
5488,5,132,4,M,0,0.16950745993778288,0.10782791727323829,0.0,0.10782791727323829,0.0004922988267331424,0.08118295458386696,0.1701110087350927,0.10804229275376183,0.0,0.0
5489,5,132,4,M,1,0.8312396821146296,0.8922379394460094,1.0,0.8922379394460094,0.0004898635530476564,0.08118295458386696,0.8303272547325891,0.8918806841836197,0.0,0.0
5490,5,132,4,M,2,0.8255541593807731,0.6493347279681875,0.62,0.6493347279681875,0.0007490856849731858,0.08118295458386696,0.8278699508749179,0.6481516992400269,0.0,0.0
5491,5,132,4,M,3,0.17582468715320382,0.3522555864167597,0.38,0.3522555864167597,0.0007649895163275994,0.08118295458386696,0.17434505795886282,0.3530649131721633,0.0,0.0
5492,5,133,4,M,0,0.1701110087350927,0.10804229275376183,0.0,0.10804229275376183,0.0004922988267331424,0.08118295458386696,0.17028158368806395,0.10808683157516326,0.0,0.0
5493,5,133,4,M,1,0.8303272547325891,0.8918806841836197,1.0,0.8918806841836197,0.0004898635530476564,0.08118295458386696,0.8301315168158746,0.8918296843652228,0.0,0.0
5494,5,133,4,M,2,0.8278699508749179,0.6481516992400269,0.62,0.6481516992400269,0.0007490856849731858,0.08118295458386696,0.8285324211377326,0.647989556792696,0.0,0.0
5495,5,133,4,M,3,0.17434505795886282,0.3530649131721633,0.38,0.3530649131721633,0.0007649895163275994,0.08118295458386696,0.17404401554725582,0.3533392023212468,0.0,0.0
5496,5,134,4,M,0,0.17028158368806395,0.10808683157516326,0.0,0.10808683157516326,0.0004922988267331424,0.08118295458386696,0.17028158368806398,0.10808683157516327,0.0,0.0
5497,5,134,4,M,1,0.8301315168158746,0.8918296843652228,1.0,0.8918296843652228,0.0004898635530476564,0.08118295458386696,0.8301315168158747,0.8918296843652228,0.0,0.0
5498,5,134,4,M,2,0.8285324211377326,0.647989556792696,0.62,0.647989556792696,0.0007490856849731858,0.08118295458386696,0.8285324211377325,0.647989556792696,0.0,0.0
5499,5,134,4,M,3,0.17404401554725582,0.3533392023212468,0.38,0.3533392023212468,0.0007649895163275994,0.08118295458386696,0.17404401554725582,0.3533392023212469,0.0,0.0
5500,5,135,4,M,0,0.17028158368806398,0.10808683157516327,0.0,0.10808683157516327,0.0004922988267331424,0.08118295458386696,0.17028158368806398,0.10808683157516329,0.0,0.0
5501,5,135,4,M,1,0.8301315168158747,0.8918296843652228,1.0,0.8918296843652228,0.0004898635530476564,0.08118295458386696,0.8301315168158747,0.8918296843652227,0.0,0.0
5502,5,135,4,M,2,0.8285324211377325,0.647989556792696,0.62,0.647989556792696,0.0007490856849731858,0.08118295458386696,0.8285324211377324,0.647989556792696,0.0,0.0
5503,5,135,4,M,3,0.17404401554725582,0.3533392023212469,0.38,0.3533392023212469,0.0007649895163275994,0.08118295458386696,0.17404401554725585,0.3533392023212469,0.0,0.0
5504,5,136,4,M,0,0.17028158368806398,0.10808683157516329,0.0,0.10808683157516329,0.0004922988267331424,0.08118295458386696,0.17028158368806398,0.10808683157516329,0.0,0.0
5505,5,136,4,M,1,0.8301315168158747,0.8918296843652227,1.0,0.8918296843652227,0.0004898635530476564,0.08118295458386696,0.8301315168158747,0.8918296843652227,0.0,0.0
5506,5,136,4,M,2,0.8285324211377324,0.647989556792696,0.62,0.647989556792696,0.0007490856849731858,0.08118295458386696,0.8285324211377324,0.647989556792696,0.0,0.0
5507,5,136,4,M,3,0.17404401554725585,0.3533392023212469,0.38,0.3533392023212469,0.0007649895163275994,0.08118295458386696,0.17404401554725582,0.3533392023212469,0.0,0.0
5508,5,137,4,M,0,0.17028158368806398,0.10808683157516329,0.0,0.10808683157516329,0.0004922988267331424,0.08118295458386696,0.17028158368806395,0.10808683157516326,0.0,0.0
5509,5,137,4,M,1,0.8301315168158747,0.8918296843652227,1.0,0.8918296843652227,0.0004898635530476564,0.08118295458386696,0.8301315168158747,0.8918296843652228,0.0,0.0
5510,5,137,4,M,2,0.8285324211377324,0.647989556792696,0.62,0.647989556792696,0.0007490856849731858,0.08118295458386696,0.8285324211377324,0.647989556792696,0.0,0.0
5511,5,137,4,M,3,0.17404401554725582,0.3533392023212469,0.38,0.3533392023212469,0.0007649895163275994,0.08118295458386696,0.17404401554725585,0.3533392023212468,0.0,0.0
5512,5,138,4,M,0,0.17028158368806395,0.10808683157516326,0.0,0.10808683157516326,0.0004922988267331424,0.08118295458386696,0.17028158368806398,0.10808683157516327,0.0,0.0
5513,5,138,4,M,1,0.8301315168158747,0.8918296843652228,1.0,0.8918296843652228,0.0004898635530476564,0.08118295458386696,0.8301315168158747,0.8918296843652227,0.0,0.0
5514,5,138,4,M,2,0.8285324211377324,0.647989556792696,0.62,0.647989556792696,0.0007490856849731858,0.08118295458386696,0.8285324211377325,0.6479895567926959,0.0,0.0
5515,5,138,4,M,3,0.17404401554725585,0.3533392023212468,0.38,0.3533392023212468,0.0007649895163275994,0.08118295458386696,0.17404401554725582,0.3533392023212469,0.0,0.0
5516,5,139,4,M,0,0.17028158368806398,0.10808683157516327,0.0,0.10808683157516327,0.0004922988267331424,0.08118295458386696,0.17028158368806395,0.10808683157516326,0.0,0.0
5517,5,139,4,M,1,0.8301315168158747,0.8918296843652227,1.0,0.8918296843652227,0.0004898635530476564,0.08118295458386696,0.8301315168158747,0.8918296843652227,0.0,0.0
5518,5,139,4,M,2,0.8285324211377325,0.6479895567926959,0.62,0.6479895567926959,0.0007490856849731858,0.08118295458386696,0.8285324211377325,0.647989556792696,0.0,0.0
5519,5,139,4,M,3,0.17404401554725582,0.3533392023212469,0.38,0.3533392023212469,0.0007649895163275994,0.08118295458386696,0.17404401554725585,0.3533392023212468,0.0,0.0
5520,5,140,4,M,0,0.17028158368806395,0.10808683157516326,0.0,0.10808683157516326,0.0004922988267331424,0.08118295458386696,0.17028158368806395,0.10808683157516326,0.0,0.0
5521,5,140,4,M,1,0.8301315168158747,0.8918296843652227,1.0,0.8918296843652227,0.0004898635530476564,0.08118295458386696,0.8301315168158747,0.8918296843652227,0.0,0.0
5522,5,140,4,M,2,0.8285324211377325,0.647989556792696,0.62,0.647989556792696,0.0007490856849731858,0.08118295458386696,0.8285324211377324,0.647989556792696,0.0,0.0
5523,5,140,4,M,3,0.17404401554725585,0.3533392023212468,0.38,0.3533392023212468,0.0007649895163275994,0.08118295458386696,0.17404401554725582,0.3533392023212469,0.0,0.0
5524,5,141,4,M,0,0.17028158368806395,0.10808683157516326,0.0,0.10808683157516326,0.0004922988267331424,0.08118295458386696,0.17028158368806398,0.10808683157516327,0.0,0.0
5525,5,141,4,M,1,0.8301315168158747,0.8918296843652227,1.0,0.8918296843652227,0.0004898635530476564,0.08118295458386696,0.8301315168158747,0.8918296843652228,0.0,0.0
5526,5,141,4,M,2,0.8285324211377324,0.647989556792696,0.62,0.647989556792696,0.0007490856849731858,0.08118295458386696,0.8285324211377325,0.6479895567926959,0.0,0.0
5527,5,141,4,M,3,0.17404401554725582,0.3533392023212469,0.38,0.3533392023212469,0.0007649895163275994,0.08118295458386696,0.17404401554725585,0.3533392023212469,0.0,0.0
5528,5,142,4,M,0,0.17028158368806398,0.10808683157516327,0.0,0.10808683157516327,0.0004922988267331424,0.08118295458386696,0.17028158368806395,0.10808683157516326,0.0,0.0
5529,5,142,4,M,1,0.8301315168158747,0.8918296843652228,1.0,0.8918296843652228,0.0004898635530476564,0.08118295458386696,0.8301315168158747,0.8918296843652227,0.0,0.0
5530,5,142,4,M,2,0.8285324211377325,0.6479895567926959,0.62,0.6479895567926959,0.0007490856849731858,0.08118295458386696,0.8285324211377325,0.647989556792696,0.0,0.0
5531,5,142,4,M,3,0.17404401554725585,0.3533392023212469,0.38,0.3533392023212469,0.0007649895163275994,0.08118295458386696,0.17404401554725582,0.3533392023212469,0.0,0.0
5532,5,143,4,M,0,0.17028158368806395,0.10808683157516326,0.0,0.10808683157516326,0.0004922988267331424,0.08118295458386696,0.17028158368806395,0.10808683157516326,0.0,0.0
5533,5,143,4,M,1,0.8301315168158747,0.8918296843652227,1.0,0.8918296843652227,0.0004898635530476564,0.08118295458386696,0.8301315168158747,0.8918296843652227,0.0,0.0
5534,5,143,4,M,2,0.8285324211377325,0.647989556792696,0.62,0.647989556792696,0.0007490856849731858,0.08118295458386696,0.8285324211377324,0.647989556792696,0.0,0.0
5535,5,143,4,M,3,0.17404401554725582,0.3533392023212469,0.38,0.3533392023212469,0.0007649895163275994,0.08118295458386696,0.17404401554725582,0.3533392023212469,0.0,0.0
5536,5,144,4,M,0,0.17028158368806395,0.10808683157516326,0.0,0.10808683157516326,0.0004922988267331424,0.08118295458386696,0.17028158368806398,0.10808683157516327,0.0,0.0
5537,5,144,4,M,1,0.8301315168158747,0.8918296843652227,1.0,0.8918296843652227,0.0004898635530476564,0.08118295458386696,0.8301315168158747,0.8918296843652228,0.0,0.0
5538,5,144,4,M,2,0.8285324211377324,0.647989556792696,0.62,0.647989556792696,0.0007490856849731858,0.08118295458386696,0.8285324211377325,0.6479895567926959,0.0,0.0
5539,5,144,4,M,3,0.17404401554725582,0.3533392023212469,0.38,0.3533392023212469,0.0007649895163275994,0.08118295458386696,0.17404401554725585,0.3533392023212469,0.0,0.0
5540,5,145,4,M,0,0.17028158368806398,0.10808683157516327,0.0,0.10808683157516327,0.0004922988267331424,0.08118295458386696,0.17028158368806395,0.10808683157516326,0.0,0.0
5541,5,145,4,M,1,0.8301315168158747,0.8918296843652228,1.0,0.8918296843652228,0.0004898635530476564,0.08118295458386696,0.8301315168158747,0.8918296843652227,0.0,0.0
5542,5,145,4,M,2,0.8285324211377325,0.6479895567926959,0.62,0.6479895567926959,0.0007490856849731858,0.08118295458386696,0.8285324211377325,0.647989556792696,0.0,0.0
5543,5,145,4,M,3,0.17404401554725585,0.3533392023212469,0.38,0.3533392023212469,0.0007649895163275994,0.08118295458386696,0.17404401554725582,0.3533392023212469,0.0,0.0
5544,5,146,4,M,0,0.17028158368806395,0.10808683157516326,0.0,0.10808683157516326,0.0004922988267331424,0.08118295458386696,0.17028158368806395,0.10808683157516326,0.0,0.0
5545,5,146,4,M,1,0.8301315168158747,0.8918296843652227,1.0,0.8918296843652227,0.0004898635530476564,0.08118295458386696,0.8301315168158747,0.8918296843652227,0.0,0.0
5546,5,146,4,M,2,0.8285324211377325,0.647989556792696,0.62,0.647989556792696,0.0007490856849731858,0.08118295458386696,0.8285324211377324,0.647989556792696,0.0,0.0
5547,5,146,4,M,3,0.17404401554725582,0.3533392023212469,0.38,0.3533392023212469,0.0007649895163275994,0.08118295458386696,0.17404401554725582,0.3533392023212469,0.0,0.0
5548,5,147,4,M,0,0.17028158368806395,0.10808683157516326,0.0,0.10808683157516326,0.0004922988267331424,0.08118295458386696,0.17028158368806398,0.10808683157516327,0.0,0.0
5549,5,147,4,M,1,0.8301315168158747,0.8918296843652227,1.0,0.8918296843652227,0.0004898635530476564,0.08118295458386696,0.8301315168158747,0.8918296843652228,0.0,0.0
5550,5,147,4,M,2,0.8285324211377324,0.647989556792696,0.62,0.647989556792696,0.0007490856849731858,0.08118295458386696,0.8285324211377325,0.6479895567926959,0.0,0.0
5551,5,147,4,M,3,0.17404401554725582,0.3533392023212469,0.38,0.3533392023212469,0.0007649895163275994,0.08118295458386696,0.17404401554725585,0.3533392023212469,0.0,0.0
5552,5,148,4,M,0,0.17028158368806398,0.10808683157516327,0.0,0.10808683157516327,0.0004922988267331424,0.08118295458386696,0.17028158368806395,0.10808683157516326,0.0,0.0
5553,5,148,4,M,1,0.8301315168158747,0.8918296843652228,1.0,0.8918296843652228,0.0004898635530476564,0.08118295458386696,0.8301315168158747,0.8918296843652227,0.0,0.0
5554,5,148,4,M,2,0.8285324211377325,0.6479895567926959,0.62,0.6479895567926959,0.0007490856849731858,0.08118295458386696,0.8285324211377325,0.647989556792696,0.0,0.0
5555,5,148,4,M,3,0.17404401554725585,0.3533392023212469,0.38,0.3533392023212469,0.0007649895163275994,0.08118295458386696,0.17404401554725582,0.3533392023212469,0.0,0.0
5556,5,149,4,M,0,0.17028158368806395,0.10808683157516326,0.0,0.10808683157516326,0.0004922988267331424,0.08118295458386696,0.17028158368806395,0.10808683157516326,0.0,0.0
5557,5,149,4,M,1,0.8301315168158747,0.8918296843652227,1.0,0.8918296843652227,0.0004898635530476564,0.08118295458386696,0.8301315168158747,0.8918296843652227,0.0,0.0
5558,5,149,4,M,2,0.8285324211377325,0.647989556792696,0.62,0.647989556792696,0.0007490856849731858,0.08118295458386696,0.8285324211377324,0.647989556792696,0.0,0.0
5559,5,149,4,M,3,0.17404401554725582,0.3533392023212469,0.38,0.3533392023212469,0.0007649895163275994,0.08118295458386696,0.17404401554725582,0.3533392023212469,0.0,0.0
5560,5,150,4,M,0,0.17028158368806395,0.10808683157516326,0.0,0.10808683157516326,0.0004922988267331424,0.08118295458386696,0.17028158368806398,0.10808683157516327,0.0,0.0
5561,5,150,4,M,1,0.8301315168158747,0.8918296843652227,1.0,0.8918296843652227,0.0004898635530476564,0.08118295458386696,0.8301315168158747,0.8918296843652228,0.0,0.0
5562,5,150,4,M,2,0.8285324211377324,0.647989556792696,0.62,0.647989556792696,0.0007490856849731858,0.08118295458386696,0.8285324211377325,0.6479895567926959,0.0,0.0
5563,5,150,4,M,3,0.17404401554725582,0.3533392023212469,0.38,0.3533392023212469,0.0007649895163275994,0.08118295458386696,0.17404401554725585,0.3533392023212469,0.0,0.0
5564,5,151,4,M,0,0.17028158368806398,0.10808683157516327,0.0,0.10808683157516327,0.0004922988267331424,0.08118295458386696,0.17028158368806395,0.10808683157516326,0.0,0.0
5565,5,151,4,M,1,0.8301315168158747,0.8918296843652228,1.0,0.8918296843652228,0.0004898635530476564,0.08118295458386696,0.8301315168158747,0.8918296843652227,0.0,0.0
5566,5,151,4,M,2,0.8285324211377325,0.6479895567926959,0.62,0.6479895567926959,0.0007490856849731858,0.08118295458386696,0.8285324211377325,0.647989556792696,0.0,0.0
5567,5,151,4,M,3,0.17404401554725585,0.3533392023212469,0.38,0.3533392023212469,0.0007649895163275994,0.08118295458386696,0.17404401554725582,0.3533392023212469,0.0,0.0
5568,5,152,4,M,0,0.17028158368806395,0.10808683157516326,0.0,0.10808683157516326,0.0004922988267331424,0.08118295458386696,0.17028158368806395,0.10808683157516326,0.0,0.0
5569,5,152,4,M,1,0.8301315168158747,0.8918296843652227,1.0,0.8918296843652227,0.0004898635530476564,0.08118295458386696,0.8301315168158747,0.8918296843652227,0.0,0.0
5570,5,152,4,M,2,0.8285324211377325,0.647989556792696,0.62,0.647989556792696,0.0007490856849731858,0.08118295458386696,0.8285324211377324,0.647989556792696,0.0,0.0
5571,5,152,4,M,3,0.17404401554725582,0.3533392023212469,0.38,0.3533392023212469,0.0007649895163275994,0.08118295458386696,0.17404401554725582,0.3533392023212469,0.0,0.0
5572,5,153,4,M,0,0.17028158368806395,0.10808683157516326,0.0,0.10808683157516326,0.0004922988267331424,0.08118295458386696,0.17028158368806398,0.10808683157516327,0.0,0.0
5573,5,153,4,M,1,0.8301315168158747,0.8918296843652227,1.0,0.8918296843652227,0.0004898635530476564,0.08118295458386696,0.8301315168158747,0.8918296843652228,0.0,0.0
5574,5,153,4,M,2,0.8285324211377324,0.647989556792696,0.62,0.647989556792696,0.0007490856849731858,0.08118295458386696,0.8285324211377325,0.6479895567926959,0.0,0.0
5575,5,153,4,M,3,0.17404401554725582,0.3533392023212469,0.38,0.3533392023212469,0.0007649895163275994,0.08118295458386696,0.17404401554725585,0.3533392023212469,0.0,0.0
5576,5,154,4,M,0,0.17028158368806398,0.10808683157516327,0.0,0.10808683157516327,0.0004922988267331424,0.08118295458386696,0.17028158368806395,0.10808683157516326,0.0,0.0
5577,5,154,4,M,1,0.8301315168158747,0.8918296843652228,1.0,0.8918296843652228,0.0004898635530476564,0.08118295458386696,0.8301315168158747,0.8918296843652227,0.0,0.0
5578,5,154,4,M,2,0.8285324211377325,0.6479895567926959,0.62,0.6479895567926959,0.0007490856849731858,0.08118295458386696,0.8285324211377325,0.647989556792696,0.0,0.0
5579,5,154,4,M,3,0.17404401554725585,0.3533392023212469,0.38,0.3533392023212469,0.0007649895163275994,0.08118295458386696,0.17404401554725582,0.3533392023212469,0.0,0.0
5580,5,155,4,M,0,0.17028158368806395,0.10808683157516326,0.0,0.10808683157516326,0.0004922988267331424,0.08118295458386696,0.17028158368806395,0.10808683157516326,0.0,0.0
5581,5,155,4,M,1,0.8301315168158747,0.8918296843652227,1.0,0.8918296843652227,0.0004898635530476564,0.08118295458386696,0.8301315168158747,0.8918296843652227,0.0,0.0
5582,5,155,4,M,2,0.8285324211377325,0.647989556792696,0.62,0.647989556792696,0.0007490856849731858,0.08118295458386696,0.8285324211377324,0.647989556792696,0.0,0.0
5583,5,155,4,M,3,0.17404401554725582,0.3533392023212469,0.38,0.3533392023212469,0.0007649895163275994,0.08118295458386696,0.17404401554725582,0.3533392023212469,0.0,0.0
5584,5,156,4,M,0,0.17028158368806395,0.10808683157516326,0.0,0.10808683157516326,0.0004922988267331424,0.08118295458386696,0.17028158368806398,0.10808683157516327,0.0,0.0
5585,5,156,4,M,1,0.8301315168158747,0.8918296843652227,1.0,0.8918296843652227,0.0004898635530476564,0.08118295458386696,0.8301315168158747,0.8918296843652228,0.0,0.0
5586,5,156,4,M,2,0.8285324211377324,0.647989556792696,0.62,0.647989556792696,0.0007490856849731858,0.08118295458386696,0.8285324211377325,0.6479895567926959,0.0,0.0
5587,5,156,4,M,3,0.17404401554725582,0.3533392023212469,0.38,0.3533392023212469,0.0007649895163275994,0.08118295458386696,0.17404401554725585,0.3533392023212469,0.0,0.0
5588,5,157,4,M,0,0.17028158368806398,0.10808683157516327,0.0,0.10808683157516327,0.0004922988267331424,0.08118295458386696,0.17028158368806395,0.10808683157516326,0.0,0.0
5589,5,157,4,M,1,0.8301315168158747,0.8918296843652228,1.0,0.8918296843652228,0.0004898635530476564,0.08118295458386696,0.8301315168158747,0.8918296843652227,0.0,0.0
5590,5,157,4,M,2,0.8285324211377325,0.6479895567926959,0.62,0.6479895567926959,0.0007490856849731858,0.08118295458386696,0.8285324211377325,0.647989556792696,0.0,0.0
5591,5,157,4,M,3,0.17404401554725585,0.3533392023212469,0.38,0.3533392023212469,0.0007649895163275994,0.08118295458386696,0.17404401554725582,0.3533392023212469,0.0,0.0
5592,5,158,4,M,0,0.17028158368806395,0.10808683157516326,0.0,0.10808683157516326,0.0004922988267331424,0.08118295458386696,0.17028158368806395,0.10808683157516326,0.0,0.0
5593,5,158,4,M,1,0.8301315168158747,0.8918296843652227,1.0,0.8918296843652227,0.0004898635530476564,0.08118295458386696,0.8301315168158747,0.8918296843652227,0.0,0.0
5594,5,158,4,M,2,0.8285324211377325,0.647989556792696,0.62,0.647989556792696,0.0007490856849731858,0.08118295458386696,0.8285324211377324,0.647989556792696,0.0,0.0
5595,5,158,4,M,3,0.17404401554725582,0.3533392023212469,0.38,0.3533392023212469,0.0007649895163275994,0.08118295458386696,0.17404401554725582,0.3533392023212469,0.0,0.0
5596,5,159,4,M,0,0.17028158368806395,0.10808683157516326,0.0,0.10808683157516326,0.0004922988267331424,0.08118295458386696,0.17028158368806398,0.10808683157516327,0.0,0.0
5597,5,159,4,M,1,0.8301315168158747,0.8918296843652227,1.0,0.8918296843652227,0.0004898635530476564,0.08118295458386696,0.8301315168158747,0.8918296843652228,0.0,0.0
5598,5,159,4,M,2,0.8285324211377324,0.647989556792696,0.62,0.647989556792696,0.0007490856849731858,0.08118295458386696,0.8285324211377325,0.6479895567926959,0.0,0.0
5599,5,159,4,M,3,0.17404401554725582,0.3533392023212469,0.38,0.3533392023212469,0.0007649895163275994,0.08118295458386696,0.17404401554725585,0.3533392023212469,0.0,0.0
5600,5,160,4,M,0,0.17028158368806398,0.10808683157516327,0.0,0.10808683157516327,0.0004922988267331424,0.08118295458386696,0.17028158368806395,0.10808683157516326,0.0,0.0
5601,5,160,4,M,1,0.8301315168158747,0.8918296843652228,1.0,0.8918296843652228,0.0004898635530476564,0.08118295458386696,0.8301315168158747,0.8918296843652227,0.0,0.0
5602,5,160,4,M,2,0.8285324211377325,0.6479895567926959,0.62,0.6479895567926959,0.0007490856849731858,0.08118295458386696,0.8285324211377325,0.647989556792696,0.0,0.0
5603,5,160,4,M,3,0.17404401554725585,0.3533392023212469,0.38,0.3533392023212469,0.0007649895163275994,0.08118295458386696,0.17404401554725582,0.3533392023212469,0.0,0.0
5604,5,161,4,M,0,0.17028158368806395,0.10808683157516326,0.0,0.10808683157516326,0.0004922988267331424,0.08118295458386696,0.17028158368806395,0.10808683157516326,0.0,0.0
5605,5,161,4,M,1,0.8301315168158747,0.8918296843652227,1.0,0.8918296843652227,0.0004898635530476564,0.08118295458386696,0.8301315168158747,0.8918296843652227,0.0,0.0
5606,5,161,4,M,2,0.8285324211377325,0.647989556792696,0.62,0.647989556792696,0.0007490856849731858,0.08118295458386696,0.8285324211377324,0.647989556792696,0.0,0.0
5607,5,161,4,M,3,0.17404401554725582,0.3533392023212469,0.38,0.3533392023212469,0.0007649895163275994,0.08118295458386696,0.17404401554725582,0.3533392023212469,0.0,0.0
5608,5,162,4,M,0,0.17028158368806395,0.10808683157516326,0.0,0.10808683157516326,0.0004922988267331424,0.08118295458386696,0.17028158368806398,0.10808683157516327,0.0,0.0
5609,5,162,4,M,1,0.8301315168158747,0.8918296843652227,1.0,0.8918296843652227,0.0004898635530476564,0.08118295458386696,0.8301315168158747,0.8918296843652228,0.0,0.0
5610,5,162,4,M,2,0.8285324211377324,0.647989556792696,0.62,0.647989556792696,0.0007490856849731858,0.08118295458386696,0.8285324211377325,0.6479895567926959,0.0,0.0
5611,5,162,4,M,3,0.17404401554725582,0.3533392023212469,0.38,0.3533392023212469,0.0007649895163275994,0.08118295458386696,0.17404401554725585,0.3533392023212469,0.0,0.0
5612,5,163,4,M,0,0.17028158368806398,0.10808683157516327,0.0,0.10808683157516327,0.0004922988267331424,0.08118295458386696,0.17028158368806395,0.10808683157516326,0.0,0.0
5613,5,163,4,M,1,0.8301315168158747,0.8918296843652228,1.0,0.8918296843652228,0.0004898635530476564,0.08118295458386696,0.8301315168158747,0.8918296843652227,0.0,0.0
5614,5,163,4,M,2,0.8285324211377325,0.6479895567926959,0.62,0.6479895567926959,0.0007490856849731858,0.08118295458386696,0.8285324211377325,0.647989556792696,0.0,0.0
5615,5,163,4,M,3,0.17404401554725585,0.3533392023212469,0.38,0.3533392023212469,0.0007649895163275994,0.08118295458386696,0.17404401554725582,0.3533392023212469,0.0,0.0
5616,5,164,4,M,0,0.17028158368806395,0.10808683157516326,0.0,0.10808683157516326,0.0004922988267331424,0.08118295458386696,0.17028158368806395,0.10808683157516326,0.0,0.0
5617,5,164,4,M,1,0.8301315168158747,0.8918296843652227,1.0,0.8918296843652227,0.0004898635530476564,0.08118295458386696,0.8301315168158747,0.8918296843652227,0.0,0.0
5618,5,164,4,M,2,0.8285324211377325,0.647989556792696,0.62,0.647989556792696,0.0007490856849731858,0.08118295458386696,0.8285324211377324,0.647989556792696,0.0,0.0
5619,5,164,4,M,3,0.17404401554725582,0.3533392023212469,0.38,0.3533392023212469,0.0007649895163275994,0.08118295458386696,0.17404401554725582,0.3533392023212469,0.0,0.0
5620,5,165,4,M,0,0.17028158368806395,0.10808683157516326,0.0,0.10808683157516326,0.0004922988267331424,0.08118295458386696,0.17028158368806398,0.10808683157516327,0.0,0.0
5621,5,165,4,M,1,0.8301315168158747,0.8918296843652227,1.0,0.8918296843652227,0.0004898635530476564,0.08118295458386696,0.8301315168158747,0.8918296843652228,0.0,0.0
5622,5,165,4,M,2,0.8285324211377324,0.647989556792696,0.62,0.647989556792696,0.0007490856849731858,0.08118295458386696,0.8285324211377325,0.6479895567926959,0.0,0.0
5623,5,165,4,M,3,0.17404401554725582,0.3533392023212469,0.38,0.3533392023212469,0.0007649895163275994,0.08118295458386696,0.17404401554725585,0.3533392023212469,0.0,0.0
5624,5,166,4,M,0,0.17028158368806398,0.10808683157516327,0.0,0.10808683157516327,0.0004922988267331424,0.08118295458386696,0.17028158368806395,0.10808683157516326,0.0,0.0
5625,5,166,4,M,1,0.8301315168158747,0.8918296843652228,1.0,0.8918296843652228,0.0004898635530476564,0.08118295458386696,0.8301315168158747,0.8918296843652227,0.0,0.0
5626,5,166,4,M,2,0.8285324211377325,0.6479895567926959,0.62,0.6479895567926959,0.0007490856849731858,0.08118295458386696,0.8285324211377325,0.647989556792696,0.0,0.0
5627,5,166,4,M,3,0.17404401554725585,0.3533392023212469,0.38,0.3533392023212469,0.0007649895163275994,0.08118295458386696,0.17404401554725582,0.3533392023212469,0.0,0.0
5628,5,167,4,M,0,0.17028158368806395,0.10808683157516326,0.0,0.10808683157516326,0.0004922988267331424,0.08118295458386696,0.17028158368806395,0.10808683157516326,0.0,0.0
5629,5,167,4,M,1,0.8301315168158747,0.8918296843652227,1.0,0.8918296843652227,0.0004898635530476564,0.08118295458386696,0.8301315168158747,0.8918296843652227,0.0,0.0
5630,5,167,4,M,2,0.8285324211377325,0.647989556792696,0.62,0.647989556792696,0.0007490856849731858,0.08118295458386696,0.8285324211377324,0.647989556792696,0.0,0.0
5631,5,167,4,M,3,0.17404401554725582,0.3533392023212469,0.38,0.3533392023212469,0.0007649895163275994,0.08118295458386696,0.17404401554725582,0.3533392023212469,0.0,0.0
5632,5,168,4,M,0,0.17028158368806395,0.10808683157516326,0.0,0.10808683157516326,0.0004922988267331424,0.08118295458386696,0.17028158368806398,0.10808683157516327,0.0,0.0
5633,5,168,4,M,1,0.8301315168158747,0.8918296843652227,1.0,0.8918296843652227,0.0004898635530476564,0.08118295458386696,0.8301315168158747,0.8918296843652228,0.0,0.0
5634,5,168,4,M,2,0.8285324211377324,0.647989556792696,0.62,0.647989556792696,0.0007490856849731858,0.08118295458386696,0.8285324211377325,0.6479895567926959,0.0,0.0
5635,5,168,4,M,3,0.17404401554725582,0.3533392023212469,0.38,0.3533392023212469,0.0007649895163275994,0.08118295458386696,0.17404401554725585,0.3533392023212469,0.0,0.0
5636,5,169,4,M,0,0.17028158368806398,0.10808683157516327,0.0,0.10808683157516327,0.0004922988267331424,0.08118295458386696,0.17028158368806395,0.10808683157516326,0.0,0.0
5637,5,169,4,M,1,0.8301315168158747,0.8918296843652228,1.0,0.8918296843652228,0.0004898635530476564,0.08118295458386696,0.8301315168158747,0.8918296843652227,0.0,0.0
5638,5,169,4,M,2,0.8285324211377325,0.6479895567926959,0.62,0.6479895567926959,0.0007490856849731858,0.08118295458386696,0.8285324211377325,0.647989556792696,0.0,0.0
5639,5,169,4,M,3,0.17404401554725585,0.3533392023212469,0.38,0.3533392023212469,0.0007649895163275994,0.08118295458386696,0.17404401554725582,0.3533392023212469,0.0,0.0
5640,5,170,4,M,0,0.17028158368806395,0.10808683157516326,0.0,0.10808683157516326,0.0004922988267331424,0.08118295458386696,0.17028158368806395,0.10808683157516326,0.0,0.0
5641,5,170,4,M,1,0.8301315168158747,0.8918296843652227,1.0,0.8918296843652227,0.0004898635530476564,0.08118295458386696,0.8301315168158747,0.8918296843652227,0.0,0.0
5642,5,170,4,M,2,0.8285324211377325,0.647989556792696,0.62,0.647989556792696,0.0007490856849731858,0.08118295458386696,0.8285324211377324,0.647989556792696,0.0,0.0
5643,5,170,4,M,3,0.17404401554725582,0.3533392023212469,0.38,0.3533392023212469,0.0007649895163275994,0.08118295458386696,0.17404401554725582,0.3533392023212469,0.0,0.0
5644,5,171,4,M,0,0.17028158368806395,0.10808683157516326,0.0,0.10808683157516326,0.0004922988267331424,0.08118295458386696,0.17028158368806398,0.10808683157516327,0.0,0.0
5645,5,171,4,M,1,0.8301315168158747,0.8918296843652227,1.0,0.8918296843652227,0.0004898635530476564,0.08118295458386696,0.8301315168158747,0.8918296843652228,0.0,0.0
5646,5,171,4,M,2,0.8285324211377324,0.647989556792696,0.62,0.647989556792696,0.0007490856849731858,0.08118295458386696,0.8285324211377325,0.6479895567926959,0.0,0.0
5647,5,171,4,M,3,0.17404401554725582,0.3533392023212469,0.38,0.3533392023212469,0.0007649895163275994,0.08118295458386696,0.17404401554725585,0.3533392023212469,0.0,0.0
5648,5,172,4,M,0,0.17028158368806398,0.10808683157516327,0.0,0.10808683157516327,0.0004922988267331424,0.08118295458386696,0.17028158368806395,0.10808683157516326,0.0,0.0
5649,5,172,4,M,1,0.8301315168158747,0.8918296843652228,1.0,0.8918296843652228,0.0004898635530476564,0.08118295458386696,0.8301315168158747,0.8918296843652227,0.0,0.0
5650,5,172,4,M,2,0.8285324211377325,0.6479895567926959,0.62,0.6479895567926959,0.0007490856849731858,0.08118295458386696,0.8285324211377325,0.647989556792696,0.0,0.0
5651,5,172,4,M,3,0.17404401554725585,0.3533392023212469,0.38,0.3533392023212469,0.0007649895163275994,0.08118295458386696,0.17404401554725582,0.3533392023212469,0.0,0.0
5652,5,173,4,M,0,0.17028158368806395,0.10808683157516326,0.0,0.10808683157516326,0.0004922988267331424,0.08118295458386696,0.17028158368806395,0.10808683157516326,0.0,0.0
5653,5,173,4,M,1,0.8301315168158747,0.8918296843652227,1.0,0.8918296843652227,0.0004898635530476564,0.08118295458386696,0.8301315168158747,0.8918296843652227,0.0,0.0
5654,5,173,4,M,2,0.8285324211377325,0.647989556792696,0.62,0.647989556792696,0.0007490856849731858,0.08118295458386696,0.8285324211377324,0.647989556792696,0.0,0.0
5655,5,173,4,M,3,0.17404401554725582,0.3533392023212469,0.38,0.3533392023212469,0.0007649895163275994,0.08118295458386696,0.17404401554725582,0.3533392023212469,0.0,0.0
5656,5,174,4,M,0,0.17028158368806395,0.10808683157516326,0.0,0.10808683157516326,0.0004922988267331424,0.08118295458386696,0.17028158368806398,0.10808683157516327,0.0,0.0
5657,5,174,4,M,1,0.8301315168158747,0.8918296843652227,1.0,0.8918296843652227,0.0004898635530476564,0.08118295458386696,0.8301315168158747,0.8918296843652228,0.0,0.0
5658,5,174,4,M,2,0.8285324211377324,0.647989556792696,0.62,0.647989556792696,0.0007490856849731858,0.08118295458386696,0.8285324211377325,0.6479895567926959,0.0,0.0
5659,5,174,4,M,3,0.17404401554725582,0.3533392023212469,0.38,0.3533392023212469,0.0007649895163275994,0.08118295458386696,0.17404401554725585,0.3533392023212469,0.0,0.0
5660,5,175,4,M,0,0.17028158368806398,0.10808683157516327,0.0,0.10808683157516327,0.0004922988267331424,0.08118295458386696,0.17028158368806395,0.10808683157516326,0.0,0.0
5661,5,175,4,M,1,0.8301315168158747,0.8918296843652228,1.0,0.8918296843652228,0.0004898635530476564,0.08118295458386696,0.8301315168158747,0.8918296843652227,0.0,0.0
5662,5,175,4,M,2,0.8285324211377325,0.6479895567926959,0.62,0.6479895567926959,0.0007490856849731858,0.08118295458386696,0.8285324211377325,0.647989556792696,0.0,0.0
5663,5,175,4,M,3,0.17404401554725585,0.3533392023212469,0.38,0.3533392023212469,0.0007649895163275994,0.08118295458386696,0.17404401554725582,0.3533392023212469,0.0,0.0
5664,5,176,4,M,0,0.17028158368806395,0.10808683157516326,0.0,0.10808683157516326,0.0004922988267331424,0.08118295458386696,0.17028158368806395,0.10808683157516326,0.0,0.0
5665,5,176,4,M,1,0.8301315168158747,0.8918296843652227,1.0,0.8918296843652227,0.0004898635530476564,0.08118295458386696,0.8301315168158747,0.8918296843652227,0.0,0.0
5666,5,176,4,M,2,0.8285324211377325,0.647989556792696,0.62,0.647989556792696,0.0007490856849731858,0.08118295458386696,0.8285324211377324,0.647989556792696,0.0,0.0
5667,5,176,4,M,3,0.17404401554725582,0.3533392023212469,0.38,0.3533392023212469,0.0007649895163275994,0.08118295458386696,0.17404401554725582,0.3533392023212469,0.0,0.0
5668,5,177,4,M,0,0.17028158368806395,0.10808683157516326,0.0,0.10808683157516326,0.0004922988267331424,0.08118295458386696,0.17028158368806398,0.10808683157516327,0.0,0.0
5669,5,177,4,M,1,0.8301315168158747,0.8918296843652227,1.0,0.8918296843652227,0.0004898635530476564,0.08118295458386696,0.8301315168158747,0.8918296843652228,0.0,0.0
5670,5,177,4,M,2,0.8285324211377324,0.647989556792696,0.62,0.647989556792696,0.0007490856849731858,0.08118295458386696,0.8285324211377325,0.6479895567926959,0.0,0.0
5671,5,177,4,M,3,0.17404401554725582,0.3533392023212469,0.38,0.3533392023212469,0.0007649895163275994,0.08118295458386696,0.17404401554725585,0.3533392023212469,0.0,0.0
5672,5,178,4,M,0,0.17028158368806398,0.10808683157516327,0.0,0.10808683157516327,0.0004922988267331424,0.08118295458386696,0.17028158368806395,0.10808683157516326,0.0,0.0
5673,5,178,4,M,1,0.8301315168158747,0.8918296843652228,1.0,0.8918296843652228,0.0004898635530476564,0.08118295458386696,0.8301315168158747,0.8918296843652227,0.0,0.0
5674,5,178,4,M,2,0.8285324211377325,0.6479895567926959,0.62,0.6479895567926959,0.0007490856849731858,0.08118295458386696,0.8285324211377325,0.647989556792696,0.0,0.0
5675,5,178,4,M,3,0.17404401554725585,0.3533392023212469,0.38,0.3533392023212469,0.0007649895163275994,0.08118295458386696,0.17404401554725582,0.3533392023212469,0.0,0.0
5676,5,179,4,M,0,0.17028158368806395,0.10808683157516326,0.0,0.10808683157516326,0.0004922988267331424,0.08118295458386696,0.17028158368806395,0.10808683157516326,0.0,0.0
5677,5,179,4,M,1,0.8301315168158747,0.8918296843652227,1.0,0.8918296843652227,0.0004898635530476564,0.08118295458386696,0.8301315168158747,0.8918296843652227,0.0,0.0
5678,5,179,4,M,2,0.8285324211377325,0.647989556792696,0.62,0.647989556792696,0.0007490856849731858,0.08118295458386696,0.8285324211377324,0.647989556792696,0.0,0.0
5679,5,179,4,M,3,0.17404401554725582,0.3533392023212469,0.38,0.3533392023212469,0.0007649895163275994,0.08118295458386696,0.17404401554725582,0.3533392023212469,0.0,0.0
5680,5,180,4,M,0,0.17028158368806395,0.10808683157516326,0.0,0.10808683157516326,0.0004922988267331424,0.08118295458386696,0.17028158368806398,0.10808683157516327,0.0,0.0
5681,5,180,4,M,1,0.8301315168158747,0.8918296843652227,1.0,0.8918296843652227,0.0004898635530476564,0.08118295458386696,0.8301315168158747,0.8918296843652228,0.0,0.0
5682,5,180,4,M,2,0.8285324211377324,0.647989556792696,0.62,0.647989556792696,0.0007490856849731858,0.08118295458386696,0.8285324211377325,0.6479895567926959,0.0,0.0
5683,5,180,4,M,3,0.17404401554725582,0.3533392023212469,0.38,0.3533392023212469,0.0007649895163275994,0.08118295458386696,0.17404401554725585,0.3533392023212469,0.0,0.0
5684,5,181,4,M,0,0.17028158368806398,0.10808683157516327,0.0,0.10808683157516327,0.0004922988267331424,0.08118295458386696,0.17028158368806395,0.10808683157516326,0.0,0.0
5685,5,181,4,M,1,0.8301315168158747,0.8918296843652228,1.0,0.8918296843652228,0.0004898635530476564,0.08118295458386696,0.8301315168158747,0.8918296843652227,0.0,0.0
5686,5,181,4,M,2,0.8285324211377325,0.6479895567926959,0.62,0.6479895567926959,0.0007490856849731858,0.08118295458386696,0.8285324211377325,0.647989556792696,0.0,0.0
5687,5,181,4,M,3,0.17404401554725585,0.3533392023212469,0.38,0.3533392023212469,0.0007649895163275994,0.08118295458386696,0.17404401554725582,0.3533392023212469,0.0,0.0
5688,5,182,4,M,0,0.17028158368806395,0.10808683157516326,0.0,0.10808683157516326,0.0004922988267331424,0.08118295458386696,0.17028158368806395,0.10808683157516326,0.0,0.0
5689,5,182,4,M,1,0.8301315168158747,0.8918296843652227,1.0,0.8918296843652227,0.0004898635530476564,0.08118295458386696,0.8301315168158747,0.8918296843652227,0.0,0.0
5690,5,182,4,M,2,0.8285324211377325,0.647989556792696,0.62,0.647989556792696,0.0007490856849731858,0.08118295458386696,0.8285324211377324,0.647989556792696,0.0,0.0
5691,5,182,4,M,3,0.17404401554725582,0.3533392023212469,0.38,0.3533392023212469,0.0007649895163275994,0.08118295458386696,0.17404401554725582,0.3533392023212469,0.0,0.0
5692,5,183,4,M,0,0.17028158368806395,0.10808683157516326,0.0,0.10808683157516326,0.0004922988267331424,0.08118295458386696,0.17028158368806398,0.10808683157516327,0.0,0.0
5693,5,183,4,M,1,0.8301315168158747,0.8918296843652227,1.0,0.8918296843652227,0.0004898635530476564,0.08118295458386696,0.8301315168158747,0.8918296843652228,0.0,0.0
5694,5,183,4,M,2,0.8285324211377324,0.647989556792696,0.62,0.647989556792696,0.0007490856849731858,0.08118295458386696,0.8285324211377325,0.6479895567926959,0.0,0.0
5695,5,183,4,M,3,0.17404401554725582,0.3533392023212469,0.38,0.3533392023212469,0.0007649895163275994,0.08118295458386696,0.17404401554725585,0.3533392023212469,0.0,0.0
5696,5,184,4,M,0,0.17028158368806398,0.10808683157516327,0.0,0.10808683157516327,0.0004922988267331424,0.08118295458386696,0.17028158368806395,0.10808683157516326,0.0,0.0
5697,5,184,4,M,1,0.8301315168158747,0.8918296843652228,1.0,0.8918296843652228,0.0004898635530476564,0.08118295458386696,0.8301315168158747,0.8918296843652227,0.0,0.0
5698,5,184,4,M,2,0.8285324211377325,0.6479895567926959,0.62,0.6479895567926959,0.0007490856849731858,0.08118295458386696,0.8285324211377325,0.647989556792696,0.0,0.0
5699,5,184,4,M,3,0.17404401554725585,0.3533392023212469,0.38,0.3533392023212469,0.0007649895163275994,0.08118295458386696,0.17404401554725582,0.3533392023212469,0.0,0.0
5700,5,185,4,M,0,0.17028158368806395,0.10808683157516326,0.0,0.10808683157516326,0.0004922988267331424,0.08118295458386696,0.17028158368806395,0.10808683157516326,0.0,0.0
5701,5,185,4,M,1,0.8301315168158747,0.8918296843652227,1.0,0.8918296843652227,0.0004898635530476564,0.08118295458386696,0.8301315168158747,0.8918296843652227,0.0,0.0
5702,5,185,4,M,2,0.8285324211377325,0.647989556792696,0.62,0.647989556792696,0.0007490856849731858,0.08118295458386696,0.8285324211377324,0.647989556792696,0.0,0.0
5703,5,185,4,M,3,0.17404401554725582,0.3533392023212469,0.38,0.3533392023212469,0.0007649895163275994,0.08118295458386696,0.17404401554725582,0.3533392023212469,0.0,0.0
5704,5,186,4,M,0,0.17028158368806395,0.10808683157516326,0.0,0.10808683157516326,0.0004922988267331424,0.08118295458386696,0.17028158368806398,0.10808683157516327,0.0,0.0
5705,5,186,4,M,1,0.8301315168158747,0.8918296843652227,1.0,0.8918296843652227,0.0004898635530476564,0.08118295458386696,0.8301315168158747,0.8918296843652228,0.0,0.0
5706,5,186,4,M,2,0.8285324211377324,0.647989556792696,0.62,0.647989556792696,0.0007490856849731858,0.08118295458386696,0.8285324211377325,0.6479895567926959,0.0,0.0
5707,5,186,4,M,3,0.17404401554725582,0.3533392023212469,0.38,0.3533392023212469,0.0007649895163275994,0.08118295458386696,0.17404401554725585,0.3533392023212469,0.0,0.0
5708,5,187,4,M,0,0.17028158368806398,0.10808683157516327,0.0,0.10808683157516327,0.0004922988267331424,0.08118295458386696,0.17028158368806395,0.10808683157516326,0.0,0.0
5709,5,187,4,M,1,0.8301315168158747,0.8918296843652228,1.0,0.8918296843652228,0.0004898635530476564,0.08118295458386696,0.8301315168158747,0.8918296843652227,0.0,0.0
5710,5,187,4,M,2,0.8285324211377325,0.6479895567926959,0.62,0.6479895567926959,0.0007490856849731858,0.08118295458386696,0.8285324211377325,0.647989556792696,0.0,0.0
5711,5,187,4,M,3,0.17404401554725585,0.3533392023212469,0.38,0.3533392023212469,0.0007649895163275994,0.08118295458386696,0.17404401554725582,0.3533392023212469,0.0,0.0
5712,5,188,4,M,0,0.17028158368806395,0.10808683157516326,0.0,0.10808683157516326,0.0004922988267331424,0.08118295458386696,0.17028158368806395,0.10808683157516326,0.0,0.0
5713,5,188,4,M,1,0.8301315168158747,0.8918296843652227,1.0,0.8918296843652227,0.0004898635530476564,0.08118295458386696,0.8301315168158747,0.8918296843652227,0.0,0.0
5714,5,188,4,M,2,0.8285324211377325,0.647989556792696,0.62,0.647989556792696,0.0007490856849731858,0.08118295458386696,0.8285324211377324,0.647989556792696,0.0,0.0
5715,5,188,4,M,3,0.17404401554725582,0.3533392023212469,0.38,0.3533392023212469,0.0007649895163275994,0.08118295458386696,0.17404401554725582,0.3533392023212469,0.0,0.0
5716,5,189,4,M,0,0.17028158368806395,0.10808683157516326,0.0,0.10808683157516326,0.0004922988267331424,0.08118295458386696,0.17028158368806398,0.10808683157516327,0.0,0.0
5717,5,189,4,M,1,0.8301315168158747,0.8918296843652227,1.0,0.8918296843652227,0.0004898635530476564,0.08118295458386696,0.8301315168158747,0.8918296843652228,0.0,0.0
5718,5,189,4,M,2,0.8285324211377324,0.647989556792696,0.62,0.647989556792696,0.0007490856849731858,0.08118295458386696,0.8285324211377325,0.6479895567926959,0.0,0.0
5719,5,189,4,M,3,0.17404401554725582,0.3533392023212469,0.38,0.3533392023212469,0.0007649895163275994,0.08118295458386696,0.17404401554725585,0.3533392023212469,0.0,0.0
5720,5,190,4,M,0,0.17028158368806398,0.10808683157516327,0.0,0.10808683157516327,0.0004922988267331424,0.08118295458386696,0.17028158368806395,0.10808683157516326,0.0,0.0
5721,5,190,4,M,1,0.8301315168158747,0.8918296843652228,1.0,0.8918296843652228,0.0004898635530476564,0.08118295458386696,0.8301315168158747,0.8918296843652227,0.0,0.0
5722,5,190,4,M,2,0.8285324211377325,0.6479895567926959,0.62,0.6479895567926959,0.0007490856849731858,0.08118295458386696,0.8285324211377325,0.647989556792696,0.0,0.0
5723,5,190,4,M,3,0.17404401554725585,0.3533392023212469,0.38,0.3533392023212469,0.0007649895163275994,0.08118295458386696,0.17404401554725582,0.3533392023212469,0.0,0.0
5724,5,191,4,M,0,0.17028158368806395,0.10808683157516326,0.0,0.10808683157516326,0.0004922988267331424,0.08118295458386696,0.17028158368806395,0.10808683157516326,0.0,0.0
5725,5,191,4,M,1,0.8301315168158747,0.8918296843652227,1.0,0.8918296843652227,0.0004898635530476564,0.08118295458386696,0.8301315168158747,0.8918296843652227,0.0,0.0
5726,5,191,4,M,2,0.8285324211377325,0.647989556792696,0.62,0.647989556792696,0.0007490856849731858,0.08118295458386696,0.8285324211377324,0.647989556792696,0.0,0.0
5727,5,191,4,M,3,0.17404401554725582,0.3533392023212469,0.38,0.3533392023212469,0.0007649895163275994,0.08118295458386696,0.17404401554725582,0.3533392023212469,0.0,0.0
5728,5,192,4,M,0,0.17028158368806395,0.10808683157516326,0.0,0.10808683157516326,0.0004922988267331424,0.08118295458386696,0.17028158368806398,0.10808683157516327,0.0,0.0
5729,5,192,4,M,1,0.8301315168158747,0.8918296843652227,1.0,0.8918296843652227,0.0004898635530476564,0.08118295458386696,0.8301315168158747,0.8918296843652228,0.0,0.0
5730,5,192,4,M,2,0.8285324211377324,0.647989556792696,0.62,0.647989556792696,0.0007490856849731858,0.08118295458386696,0.8285324211377325,0.6479895567926959,0.0,0.0
5731,5,192,4,M,3,0.17404401554725582,0.3533392023212469,0.38,0.3533392023212469,0.0007649895163275994,0.08118295458386696,0.17404401554725585,0.3533392023212469,0.0,0.0
5732,5,193,4,M,0,0.17028158368806398,0.10808683157516327,0.0,0.10808683157516327,0.0004922988267331424,0.08118295458386696,0.17028158368806395,0.10808683157516326,0.0,0.0
5733,5,193,4,M,1,0.8301315168158747,0.8918296843652228,1.0,0.8918296843652228,0.0004898635530476564,0.08118295458386696,0.8301315168158747,0.8918296843652227,0.0,0.0
5734,5,193,4,M,2,0.8285324211377325,0.6479895567926959,0.62,0.6479895567926959,0.0007490856849731858,0.08118295458386696,0.8285324211377325,0.647989556792696,0.0,0.0
5735,5,193,4,M,3,0.17404401554725585,0.3533392023212469,0.38,0.3533392023212469,0.0007649895163275994,0.08118295458386696,0.17404401554725582,0.3533392023212469,0.0,0.0
5736,5,194,4,M,0,0.17028158368806395,0.10808683157516326,0.0,0.10808683157516326,0.0004922988267331424,0.08118295458386696,0.17028158368806395,0.10808683157516326,0.0,0.0
5737,5,194,4,M,1,0.8301315168158747,0.8918296843652227,1.0,0.8918296843652227,0.0004898635530476564,0.08118295458386696,0.8301315168158747,0.8918296843652227,0.0,0.0
5738,5,194,4,M,2,0.8285324211377325,0.647989556792696,0.62,0.647989556792696,0.0007490856849731858,0.08118295458386696,0.8285324211377324,0.647989556792696,0.0,0.0
5739,5,194,4,M,3,0.17404401554725582,0.3533392023212469,0.38,0.3533392023212469,0.0007649895163275994,0.08118295458386696,0.17404401554725582,0.3533392023212469,0.0,0.0
5740,5,195,4,M,0,0.17028158368806395,0.10808683157516326,0.0,0.10808683157516326,0.0004922988267331424,0.08118295458386696,0.17028158368806398,0.10808683157516327,0.0,0.0
5741,5,195,4,M,1,0.8301315168158747,0.8918296843652227,1.0,0.8918296843652227,0.0004898635530476564,0.08118295458386696,0.8301315168158747,0.8918296843652228,0.0,0.0
5742,5,195,4,M,2,0.8285324211377324,0.647989556792696,0.62,0.647989556792696,0.0007490856849731858,0.08118295458386696,0.8285324211377325,0.6479895567926959,0.0,0.0
5743,5,195,4,M,3,0.17404401554725582,0.3533392023212469,0.38,0.3533392023212469,0.0007649895163275994,0.08118295458386696,0.17404401554725585,0.3533392023212469,0.0,0.0
5744,5,196,4,M,0,0.17028158368806398,0.10808683157516327,0.0,0.10808683157516327,0.0004922988267331424,0.08118295458386696,0.17028158368806395,0.10808683157516326,0.0,0.0
5745,5,196,4,M,1,0.8301315168158747,0.8918296843652228,1.0,0.8918296843652228,0.0004898635530476564,0.08118295458386696,0.8301315168158747,0.8918296843652227,0.0,0.0
5746,5,196,4,M,2,0.8285324211377325,0.6479895567926959,0.62,0.6479895567926959,0.0007490856849731858,0.08118295458386696,0.8285324211377325,0.647989556792696,0.0,0.0
5747,5,196,4,M,3,0.17404401554725585,0.3533392023212469,0.38,0.3533392023212469,0.0007649895163275994,0.08118295458386696,0.17404401554725582,0.3533392023212469,0.0,0.0
5748,5,197,4,M,0,0.17028158368806395,0.10808683157516326,0.0,0.10808683157516326,0.0004922988267331424,0.08118295458386696,0.17028158368806395,0.10808683157516326,0.0,0.0
5749,5,197,4,M,1,0.8301315168158747,0.8918296843652227,1.0,0.8918296843652227,0.0004898635530476564,0.08118295458386696,0.8301315168158747,0.8918296843652227,0.0,0.0
5750,5,197,4,M,2,0.8285324211377325,0.647989556792696,0.62,0.647989556792696,0.0007490856849731858,0.08118295458386696,0.8285324211377324,0.647989556792696,0.0,0.0
5751,5,197,4,M,3,0.17404401554725582,0.3533392023212469,0.38,0.3533392023212469,0.0007649895163275994,0.08118295458386696,0.17404401554725582,0.3533392023212469,0.0,0.0
5752,5,198,4,M,0,0.17028158368806395,0.10808683157516326,0.0,0.10808683157516326,0.0004922988267331424,0.08118295458386696,0.17028158368806398,0.10808683157516327,0.0,0.0
5753,5,198,4,M,1,0.8301315168158747,0.8918296843652227,1.0,0.8918296843652227,0.0004898635530476564,0.08118295458386696,0.8301315168158747,0.8918296843652228,0.0,0.0
5754,5,198,4,M,2,0.8285324211377324,0.647989556792696,0.62,0.647989556792696,0.0007490856849731858,0.08118295458386696,0.8285324211377325,0.6479895567926959,0.0,0.0
5755,5,198,4,M,3,0.17404401554725582,0.3533392023212469,0.38,0.3533392023212469,0.0007649895163275994,0.08118295458386696,0.17404401554725585,0.3533392023212469,0.0,0.0
5756,5,199,4,M,0,0.17028158368806398,0.10808683157516327,0.0,0.10808683157516327,0.0004922988267331424,0.08118295458386696,0.17028158368806395,0.10808683157516326,0.0,0.0
5757,5,199,4,M,1,0.8301315168158747,0.8918296843652228,1.0,0.8918296843652228,0.0004898635530476564,0.08118295458386696,0.8301315168158747,0.8918296843652227,0.0,0.0
5758,5,199,4,M,2,0.8285324211377325,0.6479895567926959,0.62,0.6479895567926959,0.0007490856849731858,0.08118295458386696,0.8285324211377325,0.647989556792696,0.0,0.0
5759,5,199,4,M,3,0.17404401554725585,0.3533392023212469,0.38,0.3533392023212469,0.0007649895163275994,0.08118295458386696,0.17404401554725582,0.3533392023212469,0.0,0.0
5760,5,200,4,M,0,0.17028158368806395,0.10808683157516326,0.0,0.10808683157516326,0.0004922988267331424,0.08118295458386696,0.17028158368806395,0.10808683157516326,0.0,0.0
5761,5,200,4,M,1,0.8301315168158747,0.8918296843652227,1.0,0.8918296843652227,0.0004898635530476564,0.08118295458386696,0.8301315168158747,0.8918296843652227,0.0,0.0
5762,5,200,4,M,2,0.8285324211377325,0.647989556792696,0.62,0.647989556792696,0.0007490856849731858,0.08118295458386696,0.8285324211377324,0.647989556792696,0.0,0.0
5763,5,200,4,M,3,0.17404401554725582,0.3533392023212469,0.38,0.3533392023212469,0.0007649895163275994,0.08118295458386696,0.17404401554725582,0.3533392023212469,0.0,0.0
5764,5,201,4,M,0,0.17028158368806395,0.10808683157516326,0.0,0.10808683157516326,0.0004922988267331424,0.08118295458386696,0.17028158368806398,0.10808683157516327,0.0,0.0
5765,5,201,4,M,1,0.8301315168158747,0.8918296843652227,1.0,0.8918296843652227,0.0004898635530476564,0.08118295458386696,0.8301315168158747,0.8918296843652228,0.0,0.0
5766,5,201,4,M,2,0.8285324211377324,0.647989556792696,0.62,0.647989556792696,0.0007490856849731858,0.08118295458386696,0.8285324211377325,0.6479895567926959,0.0,0.0
5767,5,201,4,M,3,0.17404401554725582,0.3533392023212469,0.38,0.3533392023212469,0.0007649895163275994,0.08118295458386696,0.17404401554725585,0.3533392023212469,0.0,0.0
5768,5,202,4,M,0,0.17028158368806398,0.10808683157516327,0.0,0.10808683157516327,0.0004922988267331424,0.08118295458386696,0.17028158368806395,0.10808683157516326,0.0,0.0
5769,5,202,4,M,1,0.8301315168158747,0.8918296843652228,1.0,0.8918296843652228,0.0004898635530476564,0.08118295458386696,0.8301315168158747,0.8918296843652227,0.0,0.0
5770,5,202,4,M,2,0.8285324211377325,0.6479895567926959,0.62,0.6479895567926959,0.0007490856849731858,0.08118295458386696,0.8285324211377325,0.647989556792696,0.0,0.0
5771,5,202,4,M,3,0.17404401554725585,0.3533392023212469,0.38,0.3533392023212469,0.0007649895163275994,0.08118295458386696,0.17404401554725582,0.3533392023212469,0.0,0.0
5772,5,203,4,M,0,0.17028158368806395,0.10808683157516326,0.0,0.10808683157516326,0.0004922988267331424,0.08118295458386696,0.17028158368806395,0.10808683157516326,0.0,0.0
5773,5,203,4,M,1,0.8301315168158747,0.8918296843652227,1.0,0.8918296843652227,0.0004898635530476564,0.08118295458386696,0.8301315168158747,0.8918296843652227,0.0,0.0
5774,5,203,4,M,2,0.8285324211377325,0.647989556792696,0.62,0.647989556792696,0.0007490856849731858,0.08118295458386696,0.8285324211377324,0.647989556792696,0.0,0.0
5775,5,203,4,M,3,0.17404401554725582,0.3533392023212469,0.38,0.3533392023212469,0.0007649895163275994,0.08118295458386696,0.17404401554725582,0.3533392023212469,0.0,0.0
5776,5,204,4,M,0,0.17028158368806395,0.10808683157516326,0.0,0.10808683157516326,0.0004922988267331424,0.08118295458386696,0.17028158368806398,0.10808683157516327,0.0,0.0
5777,5,204,4,M,1,0.8301315168158747,0.8918296843652227,1.0,0.8918296843652227,0.0004898635530476564,0.08118295458386696,0.8301315168158747,0.8918296843652228,0.0,0.0
5778,5,204,4,M,2,0.8285324211377324,0.647989556792696,0.62,0.647989556792696,0.0007490856849731858,0.08118295458386696,0.8285324211377325,0.6479895567926959,0.0,0.0
5779,5,204,4,M,3,0.17404401554725582,0.3533392023212469,0.38,0.3533392023212469,0.0007649895163275994,0.08118295458386696,0.17404401554725585,0.3533392023212469,0.0,0.0
5780,5,205,4,M,0,0.17028158368806398,0.10808683157516327,0.0,0.10808683157516327,0.0004922988267331424,0.08118295458386696,0.17028158368806395,0.10808683157516326,0.0,0.0
5781,5,205,4,M,1,0.8301315168158747,0.8918296843652228,1.0,0.8918296843652228,0.0004898635530476564,0.08118295458386696,0.8301315168158747,0.8918296843652227,0.0,0.0
5782,5,205,4,M,2,0.8285324211377325,0.6479895567926959,0.62,0.6479895567926959,0.0007490856849731858,0.08118295458386696,0.8285324211377325,0.647989556792696,0.0,0.0
5783,5,205,4,M,3,0.17404401554725585,0.3533392023212469,0.38,0.3533392023212469,0.0007649895163275994,0.08118295458386696,0.17404401554725582,0.3533392023212469,0.0,0.0
5784,5,206,4,M,0,0.17028158368806395,0.10808683157516326,0.0,0.10808683157516326,0.0004922988267331424,0.08118295458386696,0.17028158368806395,0.10808683157516326,0.0,0.0
5785,5,206,4,M,1,0.8301315168158747,0.8918296843652227,1.0,0.8918296843652227,0.0004898635530476564,0.08118295458386696,0.8301315168158747,0.8918296843652227,0.0,0.0
5786,5,206,4,M,2,0.8285324211377325,0.647989556792696,0.62,0.647989556792696,0.0007490856849731858,0.08118295458386696,0.8285324211377324,0.647989556792696,0.0,0.0
5787,5,206,4,M,3,0.17404401554725582,0.3533392023212469,0.38,0.3533392023212469,0.0007649895163275994,0.08118295458386696,0.17404401554725582,0.3533392023212469,0.0,0.0
5788,5,207,4,M,0,0.17028158368806395,0.10808683157516326,0.0,0.10808683157516326,0.0004922988267331424,0.08118295458386696,0.17028158368806398,0.10808683157516327,0.0,0.0
5789,5,207,4,M,1,0.8301315168158747,0.8918296843652227,1.0,0.8918296843652227,0.0004898635530476564,0.08118295458386696,0.8301315168158747,0.8918296843652228,0.0,0.0
5790,5,207,4,M,2,0.8285324211377324,0.647989556792696,0.62,0.647989556792696,0.0007490856849731858,0.08118295458386696,0.8285324211377325,0.6479895567926959,0.0,0.0
5791,5,207,4,M,3,0.17404401554725582,0.3533392023212469,0.38,0.3533392023212469,0.0007649895163275994,0.08118295458386696,0.17404401554725585,0.3533392023212469,0.0,0.0
5792,5,208,4,M,0,0.17028158368806398,0.10808683157516327,0.0,0.10808683157516327,0.0004922988267331424,0.08118295458386696,0.17028158368806395,0.10808683157516326,0.0,0.0
5793,5,208,4,M,1,0.8301315168158747,0.8918296843652228,1.0,0.8918296843652228,0.0004898635530476564,0.08118295458386696,0.8301315168158747,0.8918296843652227,0.0,0.0
5794,5,208,4,M,2,0.8285324211377325,0.6479895567926959,0.62,0.6479895567926959,0.0007490856849731858,0.08118295458386696,0.8285324211377325,0.647989556792696,0.0,0.0
5795,5,208,4,M,3,0.17404401554725585,0.3533392023212469,0.38,0.3533392023212469,0.0007649895163275994,0.08118295458386696,0.17404401554725582,0.3533392023212469,0.0,0.0
5796,5,209,4,M,0,0.17028158368806395,0.10808683157516326,0.0,0.10808683157516326,0.0004922988267331424,0.08118295458386696,0.17028158368806395,0.10808683157516326,0.0,0.0
5797,5,209,4,M,1,0.8301315168158747,0.8918296843652227,1.0,0.8918296843652227,0.0004898635530476564,0.08118295458386696,0.8301315168158747,0.8918296843652227,0.0,0.0
5798,5,209,4,M,2,0.8285324211377325,0.647989556792696,0.62,0.647989556792696,0.0007490856849731858,0.08118295458386696,0.8285324211377324,0.647989556792696,0.0,0.0
5799,5,209,4,M,3,0.17404401554725582,0.3533392023212469,0.38,0.3533392023212469,0.0007649895163275994,0.08118295458386696,0.17404401554725582,0.3533392023212469,0.0,0.0
5800,5,210,4,M,0,0.17028158368806395,0.10808683157516326,0.0,0.10808683157516326,0.0004922988267331424,0.08118295458386696,0.17028158368806398,0.10808683157516327,0.0,0.0
5801,5,210,4,M,1,0.8301315168158747,0.8918296843652227,1.0,0.8918296843652227,0.0004898635530476564,0.08118295458386696,0.8301315168158747,0.8918296843652228,0.0,0.0
5802,5,210,4,M,2,0.8285324211377324,0.647989556792696,0.62,0.647989556792696,0.0007490856849731858,0.08118295458386696,0.8285324211377325,0.6479895567926959,0.0,0.0
5803,5,210,4,M,3,0.17404401554725582,0.3533392023212469,0.38,0.3533392023212469,0.0007649895163275994,0.08118295458386696,0.17404401554725585,0.3533392023212469,0.0,0.0
5804,5,211,4,M,0,0.17028158368806398,0.10808683157516327,0.0,0.10808683157516327,0.0004922988267331424,0.08118295458386696,0.17028158368806395,0.10808683157516326,0.0,0.0
5805,5,211,4,M,1,0.8301315168158747,0.8918296843652228,1.0,0.8918296843652228,0.0004898635530476564,0.08118295458386696,0.8301315168158747,0.8918296843652227,0.0,0.0
5806,5,211,4,M,2,0.8285324211377325,0.6479895567926959,0.62,0.6479895567926959,0.0007490856849731858,0.08118295458386696,0.8285324211377325,0.647989556792696,0.0,0.0
5807,5,211,4,M,3,0.17404401554725585,0.3533392023212469,0.38,0.3533392023212469,0.0007649895163275994,0.08118295458386696,0.17404401554725582,0.3533392023212469,0.0,0.0
5808,5,212,4,M,0,0.17028158368806395,0.10808683157516326,0.0,0.10808683157516326,0.0004922988267331424,0.08118295458386696,0.17028158368806395,0.10808683157516326,0.0,0.0
5809,5,212,4,M,1,0.8301315168158747,0.8918296843652227,1.0,0.8918296843652227,0.0004898635530476564,0.08118295458386696,0.8301315168158747,0.8918296843652227,0.0,0.0
5810,5,212,4,M,2,0.8285324211377325,0.647989556792696,0.62,0.647989556792696,0.0007490856849731858,0.08118295458386696,0.8285324211377324,0.647989556792696,0.0,0.0
5811,5,212,4,M,3,0.17404401554725582,0.3533392023212469,0.38,0.3533392023212469,0.0007649895163275994,0.08118295458386696,0.17404401554725582,0.3533392023212469,0.0,0.0
5812,5,213,4,M,0,0.17028158368806395,0.10808683157516326,0.0,0.10808683157516326,0.0004922988267331424,0.08118295458386696,0.17028158368806398,0.10808683157516327,0.0,0.0
5813,5,213,4,M,1,0.8301315168158747,0.8918296843652227,1.0,0.8918296843652227,0.0004898635530476564,0.08118295458386696,0.8301315168158747,0.8918296843652228,0.0,0.0
5814,5,213,4,M,2,0.8285324211377324,0.647989556792696,0.62,0.647989556792696,0.0007490856849731858,0.08118295458386696,0.8285324211377325,0.6479895567926959,0.0,0.0
5815,5,213,4,M,3,0.17404401554725582,0.3533392023212469,0.38,0.3533392023212469,0.0007649895163275994,0.08118295458386696,0.17404401554725585,0.3533392023212469,0.0,0.0
5816,5,214,4,M,0,0.17028158368806398,0.10808683157516327,0.0,0.10808683157516327,0.0004922988267331424,0.08118295458386696,0.17028158368806395,0.10808683157516326,0.0,0.0
5817,5,214,4,M,1,0.8301315168158747,0.8918296843652228,1.0,0.8918296843652228,0.0004898635530476564,0.08118295458386696,0.8301315168158747,0.8918296843652227,0.0,0.0
5818,5,214,4,M,2,0.8285324211377325,0.6479895567926959,0.62,0.6479895567926959,0.0007490856849731858,0.08118295458386696,0.8285324211377325,0.647989556792696,0.0,0.0
5819,5,214,4,M,3,0.17404401554725585,0.3533392023212469,0.38,0.3533392023212469,0.0007649895163275994,0.08118295458386696,0.17404401554725582,0.3533392023212469,0.0,0.0
5820,5,215,4,M,0,0.17028158368806395,0.10808683157516326,0.0,0.10808683157516326,0.0004922988267331424,0.08118295458386696,0.17028158368806395,0.10808683157516326,0.0,0.0
5821,5,215,4,M,1,0.8301315168158747,0.8918296843652227,1.0,0.8918296843652227,0.0004898635530476564,0.08118295458386696,0.8301315168158747,0.8918296843652227,0.0,0.0
5822,5,215,4,M,2,0.8285324211377325,0.647989556792696,0.62,0.647989556792696,0.0007490856849731858,0.08118295458386696,0.8285324211377324,0.647989556792696,0.0,0.0
5823,5,215,4,M,3,0.17404401554725582,0.3533392023212469,0.38,0.3533392023212469,0.0007649895163275994,0.08118295458386696,0.17404401554725582,0.3533392023212469,0.0,0.0
5824,5,216,4,M,0,0.17028158368806395,0.10808683157516326,0.0,0.10808683157516326,0.0004922988267331424,0.08118295458386696,0.17028158368806398,0.10808683157516327,0.0,0.0
5825,5,216,4,M,1,0.8301315168158747,0.8918296843652227,1.0,0.8918296843652227,0.0004898635530476564,0.08118295458386696,0.8301315168158747,0.8918296843652228,0.0,0.0
5826,5,216,4,M,2,0.8285324211377324,0.647989556792696,0.62,0.647989556792696,0.0007490856849731858,0.08118295458386696,0.8285324211377325,0.6479895567926959,0.0,0.0
5827,5,216,4,M,3,0.17404401554725582,0.3533392023212469,0.38,0.3533392023212469,0.0007649895163275994,0.08118295458386696,0.17404401554725585,0.3533392023212469,0.0,0.0
5828,5,217,4,M,0,0.17028158368806398,0.10808683157516327,0.0,0.10808683157516327,0.0004922988267331424,0.08118295458386696,0.17028158368806395,0.10808683157516326,0.0,0.0
5829,5,217,4,M,1,0.8301315168158747,0.8918296843652228,1.0,0.8918296843652228,0.0004898635530476564,0.08118295458386696,0.8301315168158747,0.8918296843652227,0.0,0.0
5830,5,217,4,M,2,0.8285324211377325,0.6479895567926959,0.62,0.6479895567926959,0.0007490856849731858,0.08118295458386696,0.8285324211377325,0.647989556792696,0.0,0.0
5831,5,217,4,M,3,0.17404401554725585,0.3533392023212469,0.38,0.3533392023212469,0.0007649895163275994,0.08118295458386696,0.17404401554725582,0.3533392023212469,0.0,0.0
5832,5,218,4,M,0,0.17028158368806395,0.10808683157516326,0.0,0.10808683157516326,0.0004922988267331424,0.08118295458386696,0.17028158368806395,0.10808683157516326,0.0,0.0
5833,5,218,4,M,1,0.8301315168158747,0.8918296843652227,1.0,0.8918296843652227,0.0004898635530476564,0.08118295458386696,0.8301315168158747,0.8918296843652227,0.0,0.0
5834,5,218,4,M,2,0.8285324211377325,0.647989556792696,0.62,0.647989556792696,0.0007490856849731858,0.08118295458386696,0.8285324211377324,0.647989556792696,0.0,0.0
5835,5,218,4,M,3,0.17404401554725582,0.3533392023212469,0.38,0.3533392023212469,0.0007649895163275994,0.08118295458386696,0.17404401554725582,0.3533392023212469,0.0,0.0
5836,5,219,4,M,0,0.17028158368806395,0.10808683157516326,0.0,0.10808683157516326,0.0004922988267331424,0.08118295458386696,0.17028158368806398,0.10808683157516327,0.0,0.0
5837,5,219,4,M,1,0.8301315168158747,0.8918296843652227,1.0,0.8918296843652227,0.0004898635530476564,0.08118295458386696,0.8301315168158747,0.8918296843652228,0.0,0.0
5838,5,219,4,M,2,0.8285324211377324,0.647989556792696,0.62,0.647989556792696,0.0007490856849731858,0.08118295458386696,0.8285324211377325,0.6479895567926959,0.0,0.0
5839,5,219,4,M,3,0.17404401554725582,0.3533392023212469,0.38,0.3533392023212469,0.0007649895163275994,0.08118295458386696,0.17404401554725585,0.3533392023212469,0.0,0.0
5840,5,220,4,M,0,0.17028158368806398,0.10808683157516327,0.0,0.10808683157516327,0.0004922988267331424,0.08118295458386696,0.17028158368806395,0.10808683157516326,0.0,0.0
5841,5,220,4,M,1,0.8301315168158747,0.8918296843652228,1.0,0.8918296843652228,0.0004898635530476564,0.08118295458386696,0.8301315168158747,0.8918296843652227,0.0,0.0
5842,5,220,4,M,2,0.8285324211377325,0.6479895567926959,0.62,0.6479895567926959,0.0007490856849731858,0.08118295458386696,0.8285324211377325,0.647989556792696,0.0,0.0
5843,5,220,4,M,3,0.17404401554725585,0.3533392023212469,0.38,0.3533392023212469,0.0007649895163275994,0.08118295458386696,0.17404401554725582,0.3533392023212469,0.0,0.0
5844,5,221,4,M,0,0.17028158368806395,0.10808683157516326,0.0,0.10808683157516326,0.0004922988267331424,0.08118295458386696,0.17028158368806395,0.10808683157516326,0.0,0.0
5845,5,221,4,M,1,0.8301315168158747,0.8918296843652227,1.0,0.8918296843652227,0.0004898635530476564,0.08118295458386696,0.8301315168158747,0.8918296843652227,0.0,0.0
5846,5,221,4,M,2,0.8285324211377325,0.647989556792696,0.62,0.647989556792696,0.0007490856849731858,0.08118295458386696,0.8285324211377324,0.647989556792696,0.0,0.0
5847,5,221,4,M,3,0.17404401554725582,0.3533392023212469,0.38,0.3533392023212469,0.0007649895163275994,0.08118295458386696,0.17404401554725582,0.3533392023212469,0.0,0.0
5848,5,222,4,M,0,0.17028158368806395,0.10808683157516326,0.0,0.10808683157516326,0.0004922988267331424,0.08118295458386696,0.17028158368806398,0.10808683157516327,0.0,0.0
5849,5,222,4,M,1,0.8301315168158747,0.8918296843652227,1.0,0.8918296843652227,0.0004898635530476564,0.08118295458386696,0.8301315168158747,0.8918296843652228,0.0,0.0
5850,5,222,4,M,2,0.8285324211377324,0.647989556792696,0.62,0.647989556792696,0.0007490856849731858,0.08118295458386696,0.8285324211377325,0.6479895567926959,0.0,0.0
5851,5,222,4,M,3,0.17404401554725582,0.3533392023212469,0.38,0.3533392023212469,0.0007649895163275994,0.08118295458386696,0.17404401554725585,0.3533392023212469,0.0,0.0
5852,5,223,4,M,0,0.17028158368806398,0.10808683157516327,0.0,0.10808683157516327,0.0004922988267331424,0.08118295458386696,0.17028158368806395,0.10808683157516326,0.0,0.0
5853,5,223,4,M,1,0.8301315168158747,0.8918296843652228,1.0,0.8918296843652228,0.0004898635530476564,0.08118295458386696,0.8301315168158747,0.8918296843652227,0.0,0.0
5854,5,223,4,M,2,0.8285324211377325,0.6479895567926959,0.62,0.6479895567926959,0.0007490856849731858,0.08118295458386696,0.8285324211377325,0.647989556792696,0.0,0.0
5855,5,223,4,M,3,0.17404401554725585,0.3533392023212469,0.38,0.3533392023212469,0.0007649895163275994,0.08118295458386696,0.17404401554725582,0.3533392023212469,0.0,0.0
5856,5,224,4,M,0,0.17028158368806395,0.10808683157516326,0.0,0.10808683157516326,0.0004922988267331424,0.08118295458386696,0.17028158368806395,0.10808683157516326,0.0,0.0
5857,5,224,4,M,1,0.8301315168158747,0.8918296843652227,1.0,0.8918296843652227,0.0004898635530476564,0.08118295458386696,0.8301315168158747,0.8918296843652227,0.0,0.0
5858,5,224,4,M,2,0.8285324211377325,0.647989556792696,0.62,0.647989556792696,0.0007490856849731858,0.08118295458386696,0.8285324211377324,0.647989556792696,0.0,0.0
5859,5,224,4,M,3,0.17404401554725582,0.3533392023212469,0.38,0.3533392023212469,0.0007649895163275994,0.08118295458386696,0.17404401554725582,0.3533392023212469,0.0,0.0
5860,5,225,4,M,0,0.17028158368806395,0.10808683157516326,0.0,0.10808683157516326,0.0004922988267331424,0.08118295458386696,0.17028158368806398,0.10808683157516327,0.0,0.0
5861,5,225,4,M,1,0.8301315168158747,0.8918296843652227,1.0,0.8918296843652227,0.0004898635530476564,0.08118295458386696,0.8301315168158747,0.8918296843652228,0.0,0.0
5862,5,225,4,M,2,0.8285324211377324,0.647989556792696,0.62,0.647989556792696,0.0007490856849731858,0.08118295458386696,0.8285324211377325,0.6479895567926959,0.0,0.0
5863,5,225,4,M,3,0.17404401554725582,0.3533392023212469,0.38,0.3533392023212469,0.0007649895163275994,0.08118295458386696,0.17404401554725585,0.3533392023212469,0.0,0.0
5864,5,226,4,M,0,0.17028158368806398,0.10808683157516327,0.0,0.10808683157516327,0.0004922988267331424,0.08118295458386696,0.17028158368806395,0.10808683157516326,0.0,0.0
5865,5,226,4,M,1,0.8301315168158747,0.8918296843652228,1.0,0.8918296843652228,0.0004898635530476564,0.08118295458386696,0.8301315168158747,0.8918296843652227,0.0,0.0
5866,5,226,4,M,2,0.8285324211377325,0.6479895567926959,0.62,0.6479895567926959,0.0007490856849731858,0.08118295458386696,0.8285324211377325,0.647989556792696,0.0,0.0
5867,5,226,4,M,3,0.17404401554725585,0.3533392023212469,0.38,0.3533392023212469,0.0007649895163275994,0.08118295458386696,0.17404401554725582,0.3533392023212469,0.0,0.0
5868,5,227,4,M,0,0.17028158368806395,0.10808683157516326,0.0,0.10808683157516326,0.0004922988267331424,0.08118295458386696,0.17028158368806395,0.10808683157516326,0.0,0.0
5869,5,227,4,M,1,0.8301315168158747,0.8918296843652227,1.0,0.8918296843652227,0.0004898635530476564,0.08118295458386696,0.8301315168158747,0.8918296843652227,0.0,0.0
5870,5,227,4,M,2,0.8285324211377325,0.647989556792696,0.62,0.647989556792696,0.0007490856849731858,0.08118295458386696,0.8285324211377324,0.647989556792696,0.0,0.0
5871,5,227,4,M,3,0.17404401554725582,0.3533392023212469,0.38,0.3533392023212469,0.0007649895163275994,0.08118295458386696,0.17404401554725582,0.3533392023212469,0.0,0.0
5872,5,228,4,M,0,0.17028158368806395,0.10808683157516326,0.0,0.10808683157516326,0.0004922988267331424,0.08118295458386696,0.17028158368806398,0.10808683157516327,0.0,0.0
5873,5,228,4,M,1,0.8301315168158747,0.8918296843652227,1.0,0.8918296843652227,0.0004898635530476564,0.08118295458386696,0.8301315168158747,0.8918296843652228,0.0,0.0
5874,5,228,4,M,2,0.8285324211377324,0.647989556792696,0.62,0.647989556792696,0.0007490856849731858,0.08118295458386696,0.8285324211377325,0.6479895567926959,0.0,0.0
5875,5,228,4,M,3,0.17404401554725582,0.3533392023212469,0.38,0.3533392023212469,0.0007649895163275994,0.08118295458386696,0.17404401554725585,0.3533392023212469,0.0,0.0
5876,5,229,4,M,0,0.17028158368806398,0.10808683157516327,0.0,0.10808683157516327,0.0004922988267331424,0.08118295458386696,0.17028158368806395,0.10808683157516326,0.0,0.0
5877,5,229,4,M,1,0.8301315168158747,0.8918296843652228,1.0,0.8918296843652228,0.0004898635530476564,0.08118295458386696,0.8301315168158747,0.8918296843652227,0.0,0.0
5878,5,229,4,M,2,0.8285324211377325,0.6479895567926959,0.62,0.6479895567926959,0.0007490856849731858,0.08118295458386696,0.8285324211377325,0.647989556792696,0.0,0.0
5879,5,229,4,M,3,0.17404401554725585,0.3533392023212469,0.38,0.3533392023212469,0.0007649895163275994,0.08118295458386696,0.17404401554725582,0.3533392023212469,0.0,0.0
5880,5,230,4,M,0,0.17028158368806395,0.10808683157516326,0.0,0.10808683157516326,0.0004922988267331424,0.08118295458386696,0.17028158368806395,0.10808683157516326,0.0,0.0
5881,5,230,4,M,1,0.8301315168158747,0.8918296843652227,1.0,0.8918296843652227,0.0004898635530476564,0.08118295458386696,0.8301315168158747,0.8918296843652227,0.0,0.0
5882,5,230,4,M,2,0.8285324211377325,0.647989556792696,0.62,0.647989556792696,0.0007490856849731858,0.08118295458386696,0.8285324211377324,0.647989556792696,0.0,0.0
5883,5,230,4,M,3,0.17404401554725582,0.3533392023212469,0.38,0.3533392023212469,0.0007649895163275994,0.08118295458386696,0.17404401554725582,0.3533392023212469,0.0,0.0
5884,5,231,4,M,0,0.17028158368806395,0.10808683157516326,0.0,0.10808683157516326,0.0004922988267331424,0.08118295458386696,0.17028158368806398,0.10808683157516327,0.0,0.0
5885,5,231,4,M,1,0.8301315168158747,0.8918296843652227,1.0,0.8918296843652227,0.0004898635530476564,0.08118295458386696,0.8301315168158747,0.8918296843652228,0.0,0.0
5886,5,231,4,M,2,0.8285324211377324,0.647989556792696,0.62,0.647989556792696,0.0007490856849731858,0.08118295458386696,0.8285324211377325,0.6479895567926959,0.0,0.0
5887,5,231,4,M,3,0.17404401554725582,0.3533392023212469,0.38,0.3533392023212469,0.0007649895163275994,0.08118295458386696,0.17404401554725585,0.3533392023212469,0.0,0.0
5888,5,232,4,M,0,0.17028158368806398,0.10808683157516327,0.0,0.10808683157516327,0.0004922988267331424,0.08118295458386696,0.17028158368806395,0.10808683157516326,0.0,0.0
5889,5,232,4,M,1,0.8301315168158747,0.8918296843652228,1.0,0.8918296843652228,0.0004898635530476564,0.08118295458386696,0.8301315168158747,0.8918296843652227,0.0,0.0
5890,5,232,4,M,2,0.8285324211377325,0.6479895567926959,0.62,0.6479895567926959,0.0007490856849731858,0.08118295458386696,0.8285324211377325,0.647989556792696,0.0,0.0
5891,5,232,4,M,3,0.17404401554725585,0.3533392023212469,0.38,0.3533392023212469,0.0007649895163275994,0.08118295458386696,0.17404401554725582,0.3533392023212469,0.0,0.0
5892,5,233,4,M,0,0.17028158368806395,0.10808683157516326,0.0,0.10808683157516326,0.0004922988267331424,0.08118295458386696,0.17028158368806395,0.10808683157516326,0.0,0.0
5893,5,233,4,M,1,0.8301315168158747,0.8918296843652227,1.0,0.8918296843652227,0.0004898635530476564,0.08118295458386696,0.8301315168158747,0.8918296843652227,0.0,0.0
5894,5,233,4,M,2,0.8285324211377325,0.647989556792696,0.62,0.647989556792696,0.0007490856849731858,0.08118295458386696,0.8285324211377324,0.647989556792696,0.0,0.0
5895,5,233,4,M,3,0.17404401554725582,0.3533392023212469,0.38,0.3533392023212469,0.0007649895163275994,0.08118295458386696,0.17404401554725582,0.3533392023212469,0.0,0.0
5896,5,234,4,M,0,0.17028158368806395,0.10808683157516326,0.0,0.10808683157516326,0.0004922988267331424,0.08118295458386696,0.17028158368806398,0.10808683157516327,0.0,0.0
5897,5,234,4,M,1,0.8301315168158747,0.8918296843652227,1.0,0.8918296843652227,0.0004898635530476564,0.08118295458386696,0.8301315168158747,0.8918296843652228,0.0,0.0
5898,5,234,4,M,2,0.8285324211377324,0.647989556792696,0.62,0.647989556792696,0.0007490856849731858,0.08118295458386696,0.8285324211377325,0.6479895567926959,0.0,0.0
5899,5,234,4,M,3,0.17404401554725582,0.3533392023212469,0.38,0.3533392023212469,0.0007649895163275994,0.08118295458386696,0.17404401554725585,0.3533392023212469,0.0,0.0
5900,5,235,4,M,0,0.17028158368806398,0.10808683157516327,0.0,0.10808683157516327,0.0004922988267331424,0.08118295458386696,0.17028158368806395,0.10808683157516326,0.0,0.0
5901,5,235,4,M,1,0.8301315168158747,0.8918296843652228,1.0,0.8918296843652228,0.0004898635530476564,0.08118295458386696,0.8301315168158747,0.8918296843652227,0.0,0.0
5902,5,235,4,M,2,0.8285324211377325,0.6479895567926959,0.62,0.6479895567926959,0.0007490856849731858,0.08118295458386696,0.8285324211377325,0.647989556792696,0.0,0.0
5903,5,235,4,M,3,0.17404401554725585,0.3533392023212469,0.38,0.3533392023212469,0.0007649895163275994,0.08118295458386696,0.17404401554725582,0.3533392023212469,0.0,0.0
5904,5,236,4,M,0,0.17028158368806395,0.10808683157516326,0.0,0.10808683157516326,0.0004922988267331424,0.08118295458386696,0.17028158368806395,0.10808683157516326,0.0,0.0
5905,5,236,4,M,1,0.8301315168158747,0.8918296843652227,1.0,0.8918296843652227,0.0004898635530476564,0.08118295458386696,0.8301315168158747,0.8918296843652227,0.0,0.0
5906,5,236,4,M,2,0.8285324211377325,0.647989556792696,0.62,0.647989556792696,0.0007490856849731858,0.08118295458386696,0.8285324211377324,0.647989556792696,0.0,0.0
5907,5,236,4,M,3,0.17404401554725582,0.3533392023212469,0.38,0.3533392023212469,0.0007649895163275994,0.08118295458386696,0.17404401554725582,0.3533392023212469,0.0,0.0
5908,5,237,4,M,0,0.17028158368806395,0.10808683157516326,0.0,0.10808683157516326,0.0004922988267331424,0.08118295458386696,0.17028158368806398,0.10808683157516327,0.0,0.0
5909,5,237,4,M,1,0.8301315168158747,0.8918296843652227,1.0,0.8918296843652227,0.0004898635530476564,0.08118295458386696,0.8301315168158747,0.8918296843652228,0.0,0.0
5910,5,237,4,M,2,0.8285324211377324,0.647989556792696,0.62,0.647989556792696,0.0007490856849731858,0.08118295458386696,0.8285324211377325,0.6479895567926959,0.0,0.0
5911,5,237,4,M,3,0.17404401554725582,0.3533392023212469,0.38,0.3533392023212469,0.0007649895163275994,0.08118295458386696,0.17404401554725585,0.3533392023212469,0.0,0.0
5912,5,238,4,M,0,0.17028158368806398,0.10808683157516327,0.0,0.10808683157516327,0.0004922988267331424,0.08118295458386696,0.17028158368806395,0.10808683157516326,0.0,0.0
5913,5,238,4,M,1,0.8301315168158747,0.8918296843652228,1.0,0.8918296843652228,0.0004898635530476564,0.08118295458386696,0.8301315168158747,0.8918296843652227,0.0,0.0
5914,5,238,4,M,2,0.8285324211377325,0.6479895567926959,0.62,0.6479895567926959,0.0007490856849731858,0.08118295458386696,0.8285324211377325,0.647989556792696,0.0,0.0
5915,5,238,4,M,3,0.17404401554725585,0.3533392023212469,0.38,0.3533392023212469,0.0007649895163275994,0.08118295458386696,0.17404401554725582,0.3533392023212469,0.0,0.0
5916,5,239,4,M,0,0.17028158368806395,0.10808683157516326,0.0,0.10808683157516326,0.0004922988267331424,0.08118295458386696,0.17028158368806395,0.10808683157516326,0.0,0.0
5917,5,239,4,M,1,0.8301315168158747,0.8918296843652227,1.0,0.8918296843652227,0.0004898635530476564,0.08118295458386696,0.8301315168158747,0.8918296843652227,0.0,0.0
5918,5,239,4,M,2,0.8285324211377325,0.647989556792696,0.62,0.647989556792696,0.0007490856849731858,0.08118295458386696,0.8285324211377324,0.647989556792696,0.0,0.0
5919,5,239,4,M,3,0.17404401554725582,0.3533392023212469,0.38,0.3533392023212469,0.0007649895163275994,0.08118295458386696,0.17404401554725582,0.3533392023212469,0.0,0.0
5920,5,240,4,M,0,0.17028158368806395,0.10808683157516326,0.0,0.10808683157516326,0.0004922988267331424,0.08118295458386696,0.17028158368806398,0.10808683157516327,0.0,0.0
5921,5,240,4,M,1,0.8301315168158747,0.8918296843652227,1.0,0.8918296843652227,0.0004898635530476564,0.08118295458386696,0.8301315168158747,0.8918296843652228,0.0,0.0
5922,5,240,4,M,2,0.8285324211377324,0.647989556792696,0.62,0.647989556792696,0.0007490856849731858,0.08118295458386696,0.8285324211377325,0.6479895567926959,0.0,0.0
5923,5,240,4,M,3,0.17404401554725582,0.3533392023212469,0.38,0.3533392023212469,0.0007649895163275994,0.08118295458386696,0.17404401554725585,0.3533392023212469,0.0,0.0
5924,5,241,4,M,0,0.17028158368806398,0.10808683157516327,0.0,0.10808683157516327,0.0004922988267331424,0.08118295458386696,0.17028158368806395,0.10808683157516326,0.0,0.0
5925,5,241,4,M,1,0.8301315168158747,0.8918296843652228,1.0,0.8918296843652228,0.0004898635530476564,0.08118295458386696,0.8301315168158747,0.8918296843652227,0.0,0.0
5926,5,241,4,M,2,0.8285324211377325,0.6479895567926959,0.62,0.6479895567926959,0.0007490856849731858,0.08118295458386696,0.8285324211377325,0.647989556792696,0.0,0.0
5927,5,241,4,M,3,0.17404401554725585,0.3533392023212469,0.38,0.3533392023212469,0.0007649895163275994,0.08118295458386696,0.17404401554725582,0.3533392023212469,0.0,0.0
5928,5,242,4,M,0,0.17028158368806395,0.10808683157516326,0.0,0.10808683157516326,0.0004922988267331424,0.08118295458386696,0.17028158368806395,0.10808683157516326,0.0,0.0
5929,5,242,4,M,1,0.8301315168158747,0.8918296843652227,1.0,0.8918296843652227,0.0004898635530476564,0.08118295458386696,0.8301315168158747,0.8918296843652227,0.0,0.0
5930,5,242,4,M,2,0.8285324211377325,0.647989556792696,0.62,0.647989556792696,0.0007490856849731858,0.08118295458386696,0.8285324211377324,0.647989556792696,0.0,0.0
5931,5,242,4,M,3,0.17404401554725582,0.3533392023212469,0.38,0.3533392023212469,0.0007649895163275994,0.08118295458386696,0.17404401554725582,0.3533392023212469,0.0,0.0
5932,5,243,4,M,0,0.17028158368806395,0.10808683157516326,0.0,0.10808683157516326,0.0004922988267331424,0.08118295458386696,0.17028158368806398,0.10808683157516327,0.0,0.0
5933,5,243,4,M,1,0.8301315168158747,0.8918296843652227,1.0,0.8918296843652227,0.0004898635530476564,0.08118295458386696,0.8301315168158747,0.8918296843652228,0.0,0.0
5934,5,243,4,M,2,0.8285324211377324,0.647989556792696,0.62,0.647989556792696,0.0007490856849731858,0.08118295458386696,0.8285324211377325,0.6479895567926959,0.0,0.0
5935,5,243,4,M,3,0.17404401554725582,0.3533392023212469,0.38,0.3533392023212469,0.0007649895163275994,0.08118295458386696,0.17404401554725585,0.3533392023212469,0.0,0.0
5936,5,244,4,M,0,0.17028158368806398,0.10808683157516327,0.0,0.10808683157516327,0.0004922988267331424,0.08118295458386696,0.17028158368806395,0.10808683157516326,0.0,0.0
5937,5,244,4,M,1,0.8301315168158747,0.8918296843652228,1.0,0.8918296843652228,0.0004898635530476564,0.08118295458386696,0.8301315168158747,0.8918296843652227,0.0,0.0
5938,5,244,4,M,2,0.8285324211377325,0.6479895567926959,0.62,0.6479895567926959,0.0007490856849731858,0.08118295458386696,0.8285324211377325,0.647989556792696,0.0,0.0
5939,5,244,4,M,3,0.17404401554725585,0.3533392023212469,0.38,0.3533392023212469,0.0007649895163275994,0.08118295458386696,0.17404401554725582,0.3533392023212469,0.0,0.0
5940,5,245,4,M,0,0.17028158368806395,0.10808683157516326,0.0,0.10808683157516326,0.0004922988267331424,0.08118295458386696,0.17028158368806395,0.10808683157516326,0.0,0.0
5941,5,245,4,M,1,0.8301315168158747,0.8918296843652227,1.0,0.8918296843652227,0.0004898635530476564,0.08118295458386696,0.8301315168158747,0.8918296843652227,0.0,0.0
5942,5,245,4,M,2,0.8285324211377325,0.647989556792696,0.62,0.647989556792696,0.0007490856849731858,0.08118295458386696,0.8285324211377324,0.647989556792696,0.0,0.0
5943,5,245,4,M,3,0.17404401554725582,0.3533392023212469,0.38,0.3533392023212469,0.0007649895163275994,0.08118295458386696,0.17404401554725582,0.3533392023212469,0.0,0.0
5944,5,246,4,M,0,0.17028158368806395,0.10808683157516326,0.0,0.10808683157516326,0.0004922988267331424,0.08118295458386696,0.17028158368806398,0.10808683157516327,0.0,0.0
5945,5,246,4,M,1,0.8301315168158747,0.8918296843652227,1.0,0.8918296843652227,0.0004898635530476564,0.08118295458386696,0.8301315168158747,0.8918296843652228,0.0,0.0
5946,5,246,4,M,2,0.8285324211377324,0.647989556792696,0.62,0.647989556792696,0.0007490856849731858,0.08118295458386696,0.8285324211377325,0.6479895567926959,0.0,0.0
5947,5,246,4,M,3,0.17404401554725582,0.3533392023212469,0.38,0.3533392023212469,0.0007649895163275994,0.08118295458386696,0.17404401554725585,0.3533392023212469,0.0,0.0
5948,5,247,4,M,0,0.17028158368806398,0.10808683157516327,0.0,0.10808683157516327,0.0004922988267331424,0.08118295458386696,0.17028158368806395,0.10808683157516326,0.0,0.0
5949,5,247,4,M,1,0.8301315168158747,0.8918296843652228,1.0,0.8918296843652228,0.0004898635530476564,0.08118295458386696,0.8301315168158747,0.8918296843652227,0.0,0.0
5950,5,247,4,M,2,0.8285324211377325,0.6479895567926959,0.62,0.6479895567926959,0.0007490856849731858,0.08118295458386696,0.8285324211377325,0.647989556792696,0.0,0.0
5951,5,247,4,M,3,0.17404401554725585,0.3533392023212469,0.38,0.3533392023212469,0.0007649895163275994,0.08118295458386696,0.17404401554725582,0.3533392023212469,0.0,0.0
5952,6,0,0,M,0,0.4356446611826992,0.9984658109328234,1.0,0.9984658109328234,0.04633386588777013,0.08118295458386696,0.2681611879974011,0.7793315065175469,0.0,0.0
5953,6,0,0,M,1,0.7942078753506764,0.47008496839982905,1.0,0.47008496839982905,0.046146235112737646,0.08118295458386696,0.6469589095577241,0.5379086721556886,0.0,0.0
5954,6,0,0,M,2,0.7396795721024987,0.13657443035289407,0.0,0.13657443035289407,0.046333865887770116,0.08118295458386696,0.5743453360272456,0.1583140452608549,0.0,0.0
5955,6,0,0,M,3,0.8822636708583727,0.3500164472913514,1.0,0.3500164472913514,0.04575183208057199,0.08118295458386696,0.9090091233819872,0.30807916551772224,0.0,0.0
5956,6,1,0,M,0,0.0,1.0,0.0,1.0,0.04573495050415344,0.08118295458386696,0.2861814465057708,0.7182830113183022,1.0,1.0
5957,6,1,0,M,1,0.76,0.76,0.34,0.76,0.04505616587656851,0.08118295458386696,0.6776182102500071,0.667927567880109,1.0,1.0
5958,6,1,0,M,2,1.0,0.0,0.0,0.0,0.046328221721019,0.08118295458386696,0.4558767408637822,0.18533290482137835,1.0,1.0
5959,6,1,0,M,3,1.0,0.5,0.72,0.5,0.04053418335344007,0.08118295458386696,0.8571370417065285,0.31444458079068777,1.0,1.0
5960,6,2,0,M,0,0.0,0.5,0.42,0.5,0.04321523317598732,0.08118295458386696,0.301647239839565,0.801230005397519,1.0,1.0
5961,6,2,0,M,1,0.5,0.5,1.0,0.5,0.0422011923659156,0.08118295458386696,0.7313969207097542,0.7875501874418811,1.0,1.0
5962,6,2,0,M,2,0.76,0.24,0.0,0.24,0.04601520944597932,0.08118295458386696,0.4451978550789987,0.09253599806426895,1.0,1.0
5963,6,2,0,M,3,0.8571370417065285,0.31444458079068777,0.74,0.31444458079068777,0.025944482902454276,0.08118295458386696,0.8162266602780536,0.3428687118745077,0.0,0.0
5964,6,3,0,M,0,0.24,0.76,0.5,0.76,0.03905125750939639,0.08118295458386696,0.35030610061431816,0.7548490353623422,1.0,1.0
5965,6,3,0,M,1,0.7313969207097542,0.7875501874418811,1.0,0.7875501874418811,0.042182107644974265,0.08118295458386696,0.7479393104334328,0.8042766378530021,0.0,0.0
5966,6,3,0,M,2,0.24,0.24,0.0,0.24,0.04218210764497431,0.08118295458386696,0.3058179410199071,0.17851870784670723,1.0,1.0
5967,6,3,0,M,3,0.8162266602780536,0.3428687118745077,0.78,0.3428687118745077,0.021762043625085853,0.08118295458386696,0.7591232454820716,0.42177102743469197,0.0,0.0
5968,6,4,0,M,0,1.0,1.0,0.5,1.0,0.039048027609271445,0.08118295458386696,0.42173903917365063,0.8322901282442565,1.0,1.0
5969,6,4,0,M,1,0.7479393104334328,0.8042766378530021,0.54,0.8042766378530021,0.038588813556668544,0.08118295458386696,0.7982149788679304,0.8421571217971189,0.0,0.0
5970,6,4,0,M,2,0.0,0.0,0.5,0.0,0.039048027609271445,0.08118295458386696,0.2414962971526365,0.16777292520168194,1.0,1.0
5971,6,4,0,M,3,0.7591232454820716,0.42177102743469197,0.7000000000000001,0.42177102743469197,0.029474325549957076,0.08118295458386696,0.7213852975382276,0.38345074932370904,0.0,0.0
5972,6,5,0,M,0,0.5,1.0,0.24,1.0,0.017669222480267685,0.08118295458386696,0.478440963073971,0.7675519788826645,1.0,1.0
5973,6,5,0,M,1,0.7982149788679304,0.8421571217971189,0.76,0.8421571217971189,0.0176692224802677,0.08118295458386696,0.8345759746615372,0.8308267913454318,0.0,0.0
5974,6,5,0,M,2,0.5,0.0,0.0,0.0,0.017669222480267685,0.08118295458386696,0.18949230739124467,0.191012381715467,1.0,1.0
5975,6,5,0,M,3,0.7213852975382276,0.38345074932370904,0.76,0.38345074932370904,0.0176692224802677,0.08118295458386696,0.7129978397318936,0.4672964265972866,0.0,0.0
5976,6,6,0,M,0,0.478440963073971,0.7675519788826645,0.24,0.7675519788826645,0.017669222480267685,0.08118295458386696,0.5215272968268135,0.7695262515498216,0.0,0.0
5977,6,6,0,M,1,0.8345759746615372,0.8308267913454318,0.76,0.8308267913454318,0.0176692224802677,0.08118295458386696,0.8490766358997984,0.8424618374368651,0.0,0.0
5978,6,6,0,M,2,0.18949230739124467,0.191012381715467,0.0,0.191012381715467,0.017669222480267685,0.08118295458386696,0.18884894388856543,0.19069760134351757,0.0,0.0
5979,6,6,0,M,3,0.7129978397318936,0.4672964265972866,0.76,0.4672964265972866,0.0176692224802677,0.08118295458386696,0.7243504871469411,0.5010613880110791,0.0,0.0
5980,6,7,0,M,0,0.5215272968268135,0.7695262515498216,0.24,0.7695262515498216,0.017669222480267685,0.08118295458386696,0.5537579101027614,0.7826848248398047,0.0,0.0
5981,6,7,0,M,1,0.8490766358997984,0.8424618374368651,0.76,0.8424618374368651,0.0176692224802677,0.08118295458386696,0.8583380785600003,0.8493776193974856,0.0,0.0
5982,6,7,0,M,2,0.18884894388856543,0.19069760134351757,0.0,0.19069760134351757,0.017669222480267685,0.08118295458386696,0.19106836333108465,0.19279272962140173,0.0,0.0
5983,6,7,0,M,3,0.7243504871469411,0.5010613880110791,0.76,0.5010613880110791,0.0176692224802677,0.08118295458386696,0.7450138400863009,0.5250635906085585,0.0,0.0
5984,6,8,1,M,0,0.5537579101027614,0.7826848248398047,0.24,0.7826848248398047,0.017669222480267685,0.08118295458386696,0.5767331688990869,0.7947863291156957,0.0,0.0
5985,6,8,1,M,1,0.8583380785600003,0.8493776193974856,0.76,0.8493776193974856,0.0176692224802677,0.08118295458386696,0.8668492953329884,0.856047256010247,0.0,0.0
5986,6,8,1,M,2,0.19106836333108465,0.19279272962140173,0.0,0.19279272962140173,0.017669222480267685,0.08118295458386696,0.19297072913734142,0.1945559842727461,0.0,0.0
5987,6,8,1,M,3,0.7450138400863009,0.5250635906085585,0.76,0.5250635906085585,0.0176692224802677,0.08118295458386696,0.7623025780462639,0.5474707516501272,0.0,0.0
5988,6,9,1,M,0,0.0,0.76,0.24,0.76,0.015459286734891706,0.08118295458386696,0.6128087185392875,0.7988127558054609,1.0,1.0
5989,6,9,1,M,1,0.76,1.0,1.0,1.0,0.015598975712863089,0.08118295458386696,0.868926720975175,0.8661540199844517,1.0,1.0
5990,6,9,1,M,2,0.24,0.0,0.0,0.0,0.015459060332060001,0.08118295458386696,0.19548177225257202,0.19084217031633421,1.0,1.0
5991,6,9,1,M,3,0.76,0.5,1.0,0.5,0.016921056163233694,0.08118295458386696,0.7983975435892811,0.5763536177120228,1.0,1.0
5992,6,10,1,M,0,0.24,1.0,0.5,1.0,0.01020733654252684,0.08118295458386696,0.621685957321506,0.8038508121328332,1.0,1.0
5993,6,10,1,M,1,1.0,0.76,0.88,0.76,0.0026757530282868758,0.08118295458386696,0.8780011491570378,0.8727531974037905,1.0,1.0
5994,6,10,1,M,2,0.5,0.26,0.0,0.26,0.014802508937603098,0.08118295458386696,0.18623869371950635,0.19357814338701776,1.0,1.0
5995,6,10,1,M,3,1.0,0.24,0.76,0.24,0.013011710403116009,0.08118295458386696,0.8449916612107906,0.6220191782791378,1.0,1.0
5996,6,11,1,M,0,0.621685957321506,0.8038508121328332,0.5,0.8038508121328332,0.00886360892316182,0.08118295458386696,0.6251667594417503,0.8108369869153751,0.0,0.0
5997,6,11,1,M,1,0.8780011491570378,0.8727531974037905,0.88,0.8727531974037905,0.002666330296296024,0.08118295458386696,0.8808147572296731,0.8853905943807143,0.0,0.0
5998,6,11,1,M,2,0.24,0.5,0.0,0.5,0.012907821804321443,0.08118295458386696,0.18135936740075606,0.17410034932036697,1.0,1.0
5999,6,11,1,M,3,0.76,0.0,0.66,0.0,0.0027581991232071,0.08118295458386696,0.8556221616918537,0.6518084645071549,1.0,1.0
6000,6,12,1,M,0,0.6251667594417503,0.8108369869153751,0.5,0.8108369869153751,0.008770704206193095,0.08118295458386696,0.6272361735972716,0.8132886470386248,0.0,0.0
6001,6,12,1,M,1,0.8808147572296731,0.8853905943807143,0.88,0.8853905943807143,0.002665362250372283,0.08118295458386696,0.8817360995088972,0.8945511759627895,0.0,0.0
6002,6,12,1,M,2,0.0,0.24,0.62,0.24,0.0026786981803385568,0.08118295458386696,0.17656511029780206,0.1749195928358707,1.0,1.0
6003,6,12,1,M,3,0.8556221616918537,0.6518084645071549,0.88,0.6518084645071549,0.0025637522902979826,0.08118295458386696,0.8603096612818757,0.6666537442444408,0.0,0.0
6004,6,13,1,M,0,0.6272361735972716,0.8132886470386248,0.5,0.8132886470386248,0.008770704206193095,0.08118295458386696,0.6263770232124718,0.8126351572179981,0.0,0.0
6005,6,13,1,M,1,0.8817360995088972,0.8945511759627895,0.88,0.8945511759627895,0.002665362250372283,0.08118295458386696,0.8817652631545657,0.899802653049501,0.0,0.0
6006,6,13,1,M,2,0.17656511029780206,0.1749195928358707,0.62,0.1749195928358707,0.0026786981803385568,0.08118295458386696,0.17659728716565173,0.17487128465445936,0.0,0.0
6007,6,13,1,M,3,0.8603096612818757,0.6666537442444408,0.88,0.6666537442444408,0.0025637522902979826,0.08118295458386696,0.8621597650482802,0.6759899425870859,0.0,0.0
6008,6,14,1,M,0,0.6263770232124718,0.8126351572179981,0.5,0.8126351572179981,0.008770704206193095,0.08118295458386696,0.6257072959545832,0.8108142898912646,0.0,0.0
6009,6,14,1,M,1,0.8817652631545657,0.899802653049501,0.88,0.899802653049501,0.002665362250372283,0.08118295458386696,0.8798301570942907,0.9037025877055677,0.0,0.0
6010,6,14,1,M,2,0.17659728716565173,0.17487128465445936,0.62,0.17487128465445936,0.0026786981803385568,0.08118295458386696,0.1765789533520318,0.1748466087544006,0.0,0.0
6011,6,14,1,M,3,0.8621597650482802,0.6759899425870859,0.88,0.6759899425870859,0.0025637522902979826,0.08118295458386696,0.8656332611263475,0.681463364448299,0.0,0.0
6012,6,15,1,M,0,0.6257072959545832,0.8108142898912646,0.5,0.8108142898912646,0.008770704206193095,0.08118295458386696,0.6262196813305259,0.8097267264520982,0.0,0.0
6013,6,15,1,M,1,0.8798301570942907,0.9037025877055677,0.88,0.9037025877055677,0.002665362250372283,0.08118295458386696,0.8785255168043441,0.9051688511169669,0.0,0.0
6014,6,15,1,M,2,0.1765789533520318,0.1748466087544006,0.62,0.1748466087544006,0.0026786981803385568,0.08118295458386696,0.17656666459183398,0.17483631508473343,0.0,0.0
6015,6,15,1,M,3,0.8656332611263475,0.681463364448299,0.88,0.681463364448299,0.0025637522902979826,0.08118295458386696,0.8691568942044923,0.6835821340182615,0.0,0.0
6016,6,16,1,M,0,0.6262196813305259,0.8097267264520982,0.5,0.8097267264520982,0.008770704206193095,0.08118295458386696,0.6262001416596569,0.8069331255772899,0.0,0.0
6017,6,16,1,M,1,0.8785255168043441,0.9051688511169669,0.88,0.9051688511169669,0.002665362250372283,0.08118295458386696,0.8777730360846203,0.9055685621075361,0.0,0.0
6018,6,16,1,M,2,0.17656666459183398,0.17483631508473343,0.62,0.17483631508473343,0.0026786981803385568,0.08118295458386696,0.176564750659526,0.17483463319835008,0.0,0.0
6019,6,16,1,M,3,0.8691568942044923,0.6835821340182615,0.88,0.6835821340182615,0.0025637522902979826,0.08118295458386696,0.8707882348205472,0.6840985427591941,0.0,0.0
6020,6,17,1,M,0,0.6262001416596569,0.8069331255772899,0.5,0.8069331255772899,0.008770704206193095,0.08118295458386696,0.6255578120500839,0.8058923601109987,0.0,0.0
6021,6,17,1,M,1,0.8777730360846203,0.9055685621075361,0.88,0.9055685621075361,0.002665362250372283,0.08118295458386696,0.8769987358834829,0.9057375407235735,0.0,0.0
6022,6,17,1,M,2,0.176564750659526,0.17483463319835008,0.62,0.17483463319835008,0.0026786981803385568,0.08118295458386696,0.17658131736363517,0.17485773985373834,0.0,0.0
6023,6,17,1,M,3,0.8707882348205472,0.6840985427591941,0.88,0.6840985427591941,0.0025637522902979826,0.08118295458386696,0.8708400372152346,0.6841683498608873,0.0,0.0
6024,6,18,1,M,0,0.6255578120500839,0.8058923601109987,0.5,0.8058923601109987,0.008770704206193095,0.08118295458386696,0.6254648082995421,0.8057668670177032,0.0,0.0
6025,6,18,1,M,1,0.8769987358834829,0.9057375407235735,0.88,0.9057375407235735,0.002665362250372283,0.08118295458386696,0.8769987358834829,0.9057375407235736,0.0,0.0
6026,6,18,1,M,2,0.17658131736363517,0.17485773985373834,0.62,0.17485773985373834,0.0026786981803385568,0.08118295458386696,0.17655477687611226,0.17481886529985782,0.0,0.0
6027,6,18,1,M,3,0.8708400372152346,0.6841683498608873,0.88,0.6841683498608873,0.0025637522902979826,0.08118295458386696,0.8708400372152346,0.6841683498608871,0.0,0.0
6028,6,19,1,M,0,0.6254648082995421,0.8057668670177032,0.5,0.8057668670177032,0.008770704206193095,0.08118295458386696,0.6254648082995421,0.8057668670177031,0.0,0.0
6029,6,19,1,M,1,0.8769987358834829,0.9057375407235736,0.88,0.9057375407235736,0.002665362250372283,0.08118295458386696,0.8769987358834828,0.9057375407235735,0.0,0.0
6030,6,19,1,M,2,0.17655477687611226,0.17481886529985782,0.62,0.17481886529985782,0.0026786981803385568,0.08118295458386696,0.17655477687611226,0.17481886529985785,0.0,0.0
6031,6,19,1,M,3,0.8708400372152346,0.6841683498608871,0.88,0.6841683498608871,0.0025637522902979826,0.08118295458386696,0.8708400372152346,0.6841683498608873,0.0,0.0
6032,6,20,1,M,0,0.6254648082995421,0.8057668670177031,0.5,0.8057668670177031,0.008770704206193095,0.08118295458386696,0.6254648082995421,0.8057668670177031,0.0,0.0
6033,6,20,1,M,1,0.8769987358834828,0.9057375407235735,0.88,0.9057375407235735,0.002665362250372283,0.08118295458386696,0.8769987358834828,0.9057375407235735,0.0,0.0
6034,6,20,1,M,2,0.17655477687611226,0.17481886529985785,0.62,0.17481886529985785,0.0026786981803385568,0.08118295458386696,0.17655477687611226,0.17481886529985785,0.0,0.0
6035,6,20,1,M,3,0.8708400372152346,0.6841683498608873,0.88,0.6841683498608873,0.0025637522902979826,0.08118295458386696,0.8708400372152346,0.6841683498608873,0.0,0.0
6036,6,21,1,M,0,0.6254648082995421,0.8057668670177031,0.5,0.8057668670177031,0.008770704206193095,0.08118295458386696,0.6254648082995421,0.8057668670177031,0.0,0.0
6037,6,21,1,M,1,0.8769987358834828,0.9057375407235735,0.88,0.9057375407235735,0.002665362250372283,0.08118295458386696,0.8769987358834828,0.9057375407235735,0.0,0.0
6038,6,21,1,M,2,0.17655477687611226,0.17481886529985785,0.62,0.17481886529985785,0.0026786981803385568,0.08118295458386696,0.17655477687611226,0.17481886529985785,0.0,0.0
6039,6,21,1,M,3,0.8708400372152346,0.6841683498608873,0.88,0.6841683498608873,0.0025637522902979826,0.08118295458386696,0.8708400372152346,0.6841683498608873,0.0,0.0
6040,6,22,1,M,0,0.6254648082995421,0.8057668670177031,0.5,0.8057668670177031,0.008770704206193095,0.08118295458386696,0.6254648082995421,0.8057668670177031,0.0,0.0
6041,6,22,1,M,1,0.8769987358834828,0.9057375407235735,0.88,0.9057375407235735,0.002665362250372283,0.08118295458386696,0.8769987358834828,0.9057375407235735,0.0,0.0
6042,6,22,1,M,2,0.17655477687611226,0.17481886529985785,0.62,0.17481886529985785,0.0026786981803385568,0.08118295458386696,0.17655477687611226,0.17481886529985785,0.0,0.0
6043,6,22,1,M,3,0.8708400372152346,0.6841683498608873,0.88,0.6841683498608873,0.0025637522902979826,0.08118295458386696,0.8708400372152346,0.6841683498608873,0.0,0.0
6044,6,23,1,M,0,0.6254648082995421,0.8057668670177031,0.5,0.8057668670177031,0.008770704206193095,0.08118295458386696,0.6254648082995421,0.8057668670177031,0.0,0.0
6045,6,23,1,M,1,0.8769987358834828,0.9057375407235735,0.88,0.9057375407235735,0.002665362250372283,0.08118295458386696,0.8769987358834828,0.9057375407235735,0.0,0.0
6046,6,23,1,M,2,0.17655477687611226,0.17481886529985785,0.62,0.17481886529985785,0.0026786981803385568,0.08118295458386696,0.17655477687611226,0.17481886529985785,0.0,0.0
6047,6,23,1,M,3,0.8708400372152346,0.6841683498608873,0.88,0.6841683498608873,0.0025637522902979826,0.08118295458386696,0.8708400372152346,0.6841683498608873,0.0,0.0
6048,6,24,2,M,0,0.6254648082995421,0.8057668670177031,0.5,0.8057668670177031,0.008770704206193095,0.08118295458386696,0.6254648082995421,0.8057668670177031,0.0,0.0
6049,6,24,2,M,1,0.8769987358834828,0.9057375407235735,0.88,0.9057375407235735,0.002665362250372283,0.08118295458386696,0.8769987358834828,0.9057375407235735,0.0,0.0
6050,6,24,2,M,2,0.17655477687611226,0.17481886529985785,0.62,0.17481886529985785,0.0026786981803385568,0.08118295458386696,0.17655477687611226,0.17481886529985785,0.0,0.0
6051,6,24,2,M,3,0.8708400372152346,0.6841683498608873,0.88,0.6841683498608873,0.0025637522902979826,0.08118295458386696,0.8708400372152346,0.6841683498608873,0.0,0.0
6052,6,25,2,M,0,0.5,0.76,0.12,0.76,0.0025382337372636954,0.08118295458386696,0.6486347867327124,0.8156106169246393,1.0,1.0
6053,6,25,2,M,1,0.8769987358834828,0.9057375407235735,0.88,0.9057375407235735,0.0025382337372636954,0.08118295458386696,0.8770069466517133,0.9055226682181667,0.0,0.0
6054,6,25,2,M,2,0.17655477687611226,0.17481886529985785,0.38,0.17481886529985785,0.0026502074375587825,0.08118295458386696,0.17625439324649572,0.17610516749470956,0.0,0.0
6055,6,25,2,M,3,0.8708400372152346,0.6841683498608873,0.88,0.6841683498608873,0.002521861674917067,0.08118295458386696,0.8704101173436065,0.683174247221111,0.0,0.0
6056,6,26,2,M,0,0.6486347867327124,0.8156106169246393,0.12,0.8156106169246393,0.0025382337372636954,0.08118295458386696,0.6564552215975261,0.821197615634662,0.0,0.0
6057,6,26,2,M,1,0.8770069466517133,0.9055226682181667,0.88,0.9055226682181667,0.0025382337372636954,0.08118295458386696,0.881976018807423,0.9059205764264606,0.0,0.0
6058,6,26,2,M,2,0.17625439324649572,0.17610516749470956,0.38,0.17610516749470956,0.0026502074375587825,0.08118295458386696,0.17637276035944008,0.17622734431288511,0.0,0.0
6059,6,26,2,M,3,0.8704101173436065,0.683174247221111,0.88,0.683174247221111,0.002521861674917067,0.08118295458386696,0.8712658186892057,0.6818806427353752,0.0,0.0
6060,6,27,2,M,0,0.6564552215975261,0.821197615634662,0.12,0.821197615634662,0.0025382337372636954,0.08118295458386696,0.6618890070260371,0.8259528207086465,0.0,0.0
6061,6,27,2,M,1,0.881976018807423,0.9059205764264606,0.88,0.9059205764264606,0.0025382337372636954,0.08118295458386696,0.8857478096256087,0.905946154016115,0.0,0.0
6062,6,27,2,M,2,0.17637276035944008,0.17622734431288511,0.38,0.17622734431288511,0.0026502074375587825,0.08118295458386696,0.17642646165218895,0.17627967932632926,0.0,0.0
6063,6,27,2,M,3,0.8712658186892057,0.6818806427353752,0.88,0.6818806427353752,0.002521861674917067,0.08118295458386696,0.8711439612515268,0.6806209470326609,0.0,0.0
6064,6,28,2,M,0,0.6618890070260371,0.8259528207086465,0.12,0.8259528207086465,0.0025382337372636954,0.08118295458386696,0.6652498435490164,0.8299153451085841,0.0,0.0
6065,6,28,2,M,1,0.8857478096256087,0.905946154016115,0.88,0.905946154016115,0.0025382337372636954,0.08118295458386696,0.8888724059757968,0.9056182843759142,0.0,0.0
6066,6,28,2,M,2,0.17642646165218895,0.17627967932632926,0.38,0.17627967932632926,0.0026502074375587825,0.08118295458386696,0.17646606231156675,0.17631424875544208,0.0,0.0
6067,6,28,2,M,3,0.8711439612515268,0.6806209470326609,0.88,0.6806209470326609,0.002521861674917067,0.08118295458386696,0.8707551189623757,0.68037198425888,0.0,0.0
6068,6,29,2,M,0,0.6652498435490164,0.8299153451085841,0.12,0.8299153451085841,0.0025382337372636954,0.08118295458386696,0.666507879561932,0.8308833156747535,0.0,0.0
6069,6,29,2,M,1,0.8888724059757968,0.9056182843759142,0.88,0.9056182843759142,0.0025382337372636954,0.08118295458386696,0.889425419177811,0.906275499683553,0.0,0.0
6070,6,29,2,M,2,0.17646606231156675,0.17631424875544208,0.38,0.17631424875544208,0.0026502074375587825,0.08118295458386696,0.17645995831571917,0.17632737031518253,0.0,0.0
6071,6,29,2,M,3,0.8707551189623757,0.68037198425888,0.88,0.68037198425888,0.002521861674917067,0.08118295458386696,0.8695674445765027,0.6800242864900516,0.0,0.0
6072,6,30,2,M,0,0.666507879561932,0.8308833156747535,0.12,0.8308833156747535,0.0025382337372636954,0.08118295458386696,0.6691311445981732,0.8336361720956648,0.0,0.0
6073,6,30,2,M,1,0.889425419177811,0.906275499683553,0.88,0.906275499683553,0.0025382337372636954,0.08118295458386696,0.8918476344082384,0.9060705872152296,0.0,0.0
6074,6,30,2,M,2,0.17645995831571917,0.17632737031518253,0.38,0.17632737031518253,0.0026502074375587825,0.08118295458386696,0.17644947184669538,0.176334566412665,0.0,0.0
6075,6,30,2,M,3,0.8695674445765027,0.6800242864900516,0.88,0.6800242864900516,0.002521861674917067,0.08118295458386696,0.8692007891679184,0.6798014437779929,0.0,0.0
6076,6,31,2,M,0,0.6691311445981732,0.8336361720956648,0.12,0.8336361720956648,0.0025382337372636954,0.08118295458386696,0.6693593148297298,0.8346234000255136,0.0,0.0
6077,6,31,2,M,1,0.8918476344082384,0.9060705872152296,0.88,0.9060705872152296,0.0025382337372636954,0.08118295458386696,0.8918476344082386,0.9060705872152296,0.0,0.0
6078,6,31,2,M,2,0.17644947184669538,0.176334566412665,0.38,0.176334566412665,0.0026502074375587825,0.08118295458386696,0.1764756322986967,0.17640141133439904,0.0,0.0
6079,6,31,2,M,3,0.8692007891679184,0.6798014437779929,0.88,0.6798014437779929,0.002521861674917067,0.08118295458386696,0.8683956696822525,0.6795465349261886,0.0,0.0
6080,6,32,2,M,0,0.6693593148297298,0.8346234000255136,0.12,0.8346234000255136,0.0025382337372636954,0.08118295458386696,0.6690088467087625,0.835521664700774,0.0,0.0
6081,6,32,2,M,1,0.8918476344082386,0.9060705872152296,0.88,0.9060705872152296,0.0025382337372636954,0.08118295458386696,0.8918476344082384,0.9060705872152296,0.0,0.0
6082,6,32,2,M,2,0.1764756322986967,0.17640141133439904,0.38,0.17640141133439904,0.0026502074375587825,0.08118295458386696,0.1764756322986967,0.17640141133439904,0.0,0.0
6083,6,32,2,M,3,0.8683956696822525,0.6795465349261886,0.88,0.6795465349261886,0.002521861674917067,0.08118295458386696,0.8674398198114543,0.6796661069629603,0.0,0.0
6084,6,33,2,M,0,0.6690088467087625,0.835521664700774,0.12,0.835521664700774,0.0025382337372636954,0.08118295458386696,0.6690338211226523,0.8355879555417189,0.0,0.0
6085,6,33,2,M,1,0.8918476344082384,0.9060705872152296,0.88,0.9060705872152296,0.0025382337372636954,0.08118295458386696,0.8925430972398234,0.9052599030745313,0.0,0.0
6086,6,33,2,M,2,0.1764756322986967,0.17640141133439904,0.38,0.17640141133439904,0.0026502074375587825,0.08118295458386696,0.17647563229869673,0.17640141133439907,0.0,0.0
6087,6,33,2,M,3,0.8674398198114543,0.6796661069629603,0.88,0.6796661069629603,0.002521861674917067,0.08118295458386696,0.8661198168417609,0.6786709480061762,0.0,0.0
6088,6,34,2,M,0,0.6690338211226523,0.8355879555417189,0.12,0.8355879555417189,0.0025382337372636954,0.08118295458386696,0.6696660122637585,0.8375009836520201,0.0,0.0
6089,6,34,2,M,1,0.8925430972398234,0.9052599030745313,0.88,0.9052599030745313,0.0025382337372636954,0.08118295458386696,0.8934013635197553,0.9047268587610231,0.0,0.0
6090,6,34,2,M,2,0.17647563229869673,0.17640141133439907,0.38,0.17640141133439907,0.0026502074375587825,0.08118295458386696,0.17647397507511933,0.1764071301545884,0.0,0.0
6091,6,34,2,M,3,0.8661198168417609,0.6786709480061762,0.88,0.6786709480061762,0.002521861674917067,0.08118295458386696,0.8655893171491877,0.6784733239967059,0.0,0.0
6092,6,35,2,M,0,0.6696660122637585,0.8375009836520201,0.12,0.8375009836520201,0.0025382337372636954,0.08118295458386696,0.6705700000778629,0.8388918963152792,0.0,0.0
6093,6,35,2,M,1,0.8934013635197553,0.9047268587610231,0.88,0.9047268587610231,0.0025382337372636954,0.08118295458386696,0.8948279285798998,0.9036749884246142,0.0,0.0
6094,6,35,2,M,2,0.17647397507511933,0.1764071301545884,0.38,0.1764071301545884,0.0026502074375587825,0.08118295458386696,0.17647397507511933,0.17640713015458837,0.0,0.0
6095,6,35,2,M,3,0.8655893171491877,0.6784733239967059,0.88,0.6784733239967059,0.002521861674917067,0.08118295458386696,0.864034230807443,0.6773086641447592,0.0,0.0
6096,6,36,2,M,0,0.6705700000778629,0.8388918963152792,0.12,0.8388918963152792,0.0025382337372636954,0.08118295458386696,0.6716022982957787,0.8405094267621626,0.0,0.0
6097,6,36,2,M,1,0.8948279285798998,0.9036749884246142,0.88,0.9036749884246142,0.0025382337372636954,0.08118295458386696,0.8960452128842566,0.9030008693500977,0.0,0.0
6098,6,36,2,M,2,0.17647397507511933,0.17640713015458837,0.38,0.17640713015458837,0.0026502074375587825,0.08118295458386696,0.17649508589073226,0.17644134574484896,0.0,0.0
6099,6,36,2,M,3,0.864034230807443,0.6773086641447592,0.88,0.6773086641447592,0.002521861674917067,0.08118295458386696,0.8619300269642233,0.6761789356792901,0.0,0.0
6100,6,37,2,M,0,0.6716022982957787,0.8405094267621626,0.12,0.8405094267621626,0.0025382337372636954,0.08118295458386696,0.6715371566654902,0.8414768051255965,0.0,0.0
6101,6,37,2,M,1,0.8960452128842566,0.9030008693500977,0.88,0.9030008693500977,0.0025382337372636954,0.08118295458386696,0.8960452128842568,0.9030008693500976,0.0,0.0
6102,6,37,2,M,2,0.17649508589073226,0.17644134574484896,0.38,0.17644134574484896,0.0026502074375587825,0.08118295458386696,0.1764927865257228,0.17642385966273316,0.0,0.0
6103,6,37,2,M,3,0.8619300269642233,0.6761789356792901,0.88,0.6761789356792901,0.002521861674917067,0.08118295458386696,0.8609311590367327,0.6760359063945588,0.0,0.0
6104,6,38,2,M,0,0.6715371566654902,0.8414768051255965,0.12,0.8414768051255965,0.0025382337372636954,0.08118295458386696,0.6715476485594064,0.842152374522528,0.0,0.0
6105,6,38,2,M,1,0.8960452128842568,0.9030008693500976,0.88,0.9030008693500976,0.0025382337372636954,0.08118295458386696,0.8960452128842568,0.9030008693500976,0.0,0.0
6106,6,38,2,M,2,0.1764927865257228,0.17642385966273316,0.38,0.17642385966273316,0.0026502074375587825,0.08118295458386696,0.1764927865257228,0.17642385966273316,0.0,0.0
6107,6,38,2,M,3,0.8609311590367327,0.6760359063945588,0.88,0.6760359063945588,0.002521861674917067,0.08118295458386696,0.8602527766193503,0.6759321142522897,0.0,0.0
6108,6,39,2,M,0,0.6715476485594064,0.842152374522528,0.12,0.842152374522528,0.0025382337372636954,0.08118295458386696,0.6723793010007154,0.8432980303992482,0.0,0.0
6109,6,39,2,M,1,0.8960452128842568,0.9030008693500976,0.88,0.9030008693500976,0.0025382337372636954,0.08118295458386696,0.8972046418190683,0.9018016145574251,0.0,0.0
6110,6,39,2,M,2,0.1764927865257228,0.17642385966273316,0.38,0.17642385966273316,0.0026502074375587825,0.08118295458386696,0.1765087941008856,0.17642674602848835,0.0,0.0
6111,6,39,2,M,3,0.8602527766193503,0.6759321142522897,0.88,0.6759321142522897,0.002521861674917067,0.08118295458386696,0.8593953754123711,0.6748852514768114,0.0,0.0
6112,6,40,2,M,0,0.6723793010007154,0.8432980303992482,0.12,0.8432980303992482,0.0025382337372636954,0.08118295458386696,0.6725150885161398,0.8439406403063184,0.0,0.0
6113,6,40,2,M,1,0.8972046418190683,0.9018016145574251,0.88,0.9018016145574251,0.0025382337372636954,0.08118295458386696,0.8972046418190682,0.9018016145574252,0.0,0.0
6114,6,40,2,M,2,0.1765087941008856,0.17642674602848835,0.38,0.17642674602848835,0.0026502074375587825,0.08118295458386696,0.17648842268464945,0.1764428219067914,0.0,0.0
6115,6,40,2,M,3,0.8593953754123711,0.6748852514768114,0.88,0.6748852514768114,0.002521861674917067,0.08118295458386696,0.8587511721296917,0.6746510361998824,0.0,0.0
6116,6,41,2,M,0,0.6725150885161398,0.8439406403063184,0.12,0.8439406403063184,0.0025382337372636954,0.08118295458386696,0.6725742395128759,0.8443480300040975,0.0,0.0
6117,6,41,2,M,1,0.8972046418190682,0.9018016145574252,0.88,0.9018016145574252,0.0025382337372636954,0.08118295458386696,0.8972046418190683,0.9018016145574251,0.0,0.0
6118,6,41,2,M,2,0.17648842268464945,0.1764428219067914,0.38,0.1764428219067914,0.0026502074375587825,0.08118295458386696,0.17648842268464948,0.1764428219067914,0.0,0.0
6119,6,41,2,M,3,0.8587511721296917,0.6746510361998824,0.88,0.6746510361998824,0.002521861674917067,0.08118295458386696,0.858342672097714,0.6745489798322851,0.0,0.0
6120,6,42,2,M,0,0.6725742395128759,0.8443480300040975,0.12,0.8443480300040975,0.0025382337372636954,0.08118295458386696,0.672644065585904,0.8446725589662921,0.0,0.0
6121,6,42,2,M,1,0.8972046418190683,0.9018016145574251,0.88,0.9018016145574251,0.0025382337372636954,0.08118295458386696,0.8972046418190682,0.9018016145574252,0.0,0.0
6122,6,42,2,M,2,0.17648842268464948,0.1764428219067914,0.38,0.1764428219067914,0.0026502074375587825,0.08118295458386696,0.1764938894476341,0.176445037774631,0.0,0.0
6123,6,42,2,M,3,0.858342672097714,0.6745489798322851,0.88,0.6745489798322851,0.002521861674917067,0.08118295458386696,0.8580316606332793,0.6744633292241722,0.0,0.0
6124,6,43,2,M,0,0.672644065585904,0.8446725589662921,0.12,0.8446725589662921,0.0025382337372636954,0.08118295458386696,0.6726440655859037,0.8446725589662921,0.0,0.0
6125,6,43,2,M,1,0.8972046418190682,0.9018016145574252,0.88,0.9018016145574252,0.0025382337372636954,0.08118295458386696,0.8972046418190683,0.9018016145574252,0.0,0.0
6126,6,43,2,M,2,0.1764938894476341,0.176445037774631,0.38,0.176445037774631,0.0026502074375587825,0.08118295458386696,0.17649388944763414,0.176445037774631,0.0,0.0
6127,6,43,2,M,3,0.8580316606332793,0.6744633292241722,0.88,0.6744633292241722,0.002521861674917067,0.08118295458386696,0.8580316606332793,0.6744633292241722,0.0,0.0
6128,6,44,2,M,0,0.6726440655859037,0.8446725589662921,0.12,0.8446725589662921,0.0025382337372636954,0.08118295458386696,0.6726440655859038,0.8446725589662921,0.0,0.0
6129,6,44,2,M,1,0.8972046418190683,0.9018016145574252,0.88,0.9018016145574252,0.0025382337372636954,0.08118295458386696,0.8972046418190682,0.9018016145574252,0.0,0.0
6130,6,44,2,M,2,0.17649388944763414,0.176445037774631,0.38,0.176445037774631,0.0026502074375587825,0.08118295458386696,0.17649388944763414,0.176445037774631,0.0,0.0
6131,6,44,2,M,3,0.8580316606332793,0.6744633292241722,0.88,0.6744633292241722,0.002521861674917067,0.08118295458386696,0.8580316606332793,0.6744633292241722,0.0,0.0
6132,6,45,2,M,0,0.6726440655859038,0.8446725589662921,0.12,0.8446725589662921,0.0025382337372636954,0.08118295458386696,0.6726440655859037,0.8446725589662921,0.0,0.0
6133,6,45,2,M,1,0.8972046418190682,0.9018016145574252,0.88,0.9018016145574252,0.0025382337372636954,0.08118295458386696,0.8972046418190682,0.9018016145574252,0.0,0.0
6134,6,45,2,M,2,0.17649388944763414,0.176445037774631,0.38,0.176445037774631,0.0026502074375587825,0.08118295458386696,0.1764938894476341,0.176445037774631,0.0,0.0
6135,6,45,2,M,3,0.8580316606332793,0.6744633292241722,0.88,0.6744633292241722,0.002521861674917067,0.08118295458386696,0.8580316606332793,0.6744633292241722,0.0,0.0
6136,6,46,2,M,0,0.6726440655859037,0.8446725589662921,0.12,0.8446725589662921,0.0025382337372636954,0.08118295458386696,0.6726440655859038,0.8446725589662922,0.0,0.0
6137,6,46,2,M,1,0.8972046418190682,0.9018016145574252,0.88,0.9018016145574252,0.0025382337372636954,0.08118295458386696,0.8972046418190683,0.9018016145574252,0.0,0.0
6138,6,46,2,M,2,0.1764938894476341,0.176445037774631,0.38,0.176445037774631,0.0026502074375587825,0.08118295458386696,0.1764938894476341,0.17644503777463097,0.0,0.0
6139,6,46,2,M,3,0.8580316606332793,0.6744633292241722,0.88,0.6744633292241722,0.002521861674917067,0.08118295458386696,0.8580316606332793,0.6744633292241722,0.0,0.0
6140,6,47,2,M,0,0.6726440655859038,0.8446725589662922,0.12,0.8446725589662922,0.0025382337372636954,0.08118295458386696,0.6726440655859037,0.8446725589662921,0.0,0.0
6141,6,47,2,M,1,0.8972046418190683,0.9018016145574252,0.88,0.9018016145574252,0.0025382337372636954,0.08118295458386696,0.8972046418190683,0.9018016145574252,0.0,0.0
6142,6,47,2,M,2,0.1764938894476341,0.17644503777463097,0.38,0.17644503777463097,0.0026502074375587825,0.08118295458386696,0.17649388944763414,0.176445037774631,0.0,0.0
6143,6,47,2,M,3,0.8580316606332793,0.6744633292241722,0.88,0.6744633292241722,0.002521861674917067,0.08118295458386696,0.8580316606332793,0.6744633292241722,0.0,0.0
6144,6,48,2,M,0,0.6726440655859037,0.8446725589662921,0.12,0.8446725589662921,0.0025382337372636954,0.08118295458386696,0.6726440655859038,0.8446725589662921,0.0,0.0
6145,6,48,2,M,1,0.8972046418190683,0.9018016145574252,0.88,0.9018016145574252,0.0025382337372636954,0.08118295458386696,0.8972046418190682,0.9018016145574252,0.0,0.0
6146,6,48,2,M,2,0.17649388944763414,0.176445037774631,0.38,0.176445037774631,0.0026502074375587825,0.08118295458386696,0.17649388944763414,0.176445037774631,0.0,0.0
6147,6,48,2,M,3,0.8580316606332793,0.6744633292241722,0.88,0.6744633292241722,0.002521861674917067,0.08118295458386696,0.8580316606332793,0.6744633292241722,0.0,0.0
6148,6,49,2,M,0,0.6726440655859038,0.8446725589662921,0.12,0.8446725589662921,0.0025382337372636954,0.08118295458386696,0.6726440655859037,0.8446725589662921,0.0,0.0
6149,6,49,2,M,1,0.8972046418190682,0.9018016145574252,0.88,0.9018016145574252,0.0025382337372636954,0.08118295458386696,0.8972046418190682,0.9018016145574252,0.0,0.0
6150,6,49,2,M,2,0.17649388944763414,0.176445037774631,0.38,0.176445037774631,0.0026502074375587825,0.08118295458386696,0.1764938894476341,0.176445037774631,0.0,0.0
6151,6,49,2,M,3,0.8580316606332793,0.6744633292241722,0.88,0.6744633292241722,0.002521861674917067,0.08118295458386696,0.8580316606332793,0.6744633292241722,0.0,0.0
6152,6,50,2,M,0,0.6726440655859037,0.8446725589662921,0.12,0.8446725589662921,0.0025382337372636954,0.08118295458386696,0.6726440655859038,0.8446725589662922,0.0,0.0
6153,6,50,2,M,1,0.8972046418190682,0.9018016145574252,0.88,0.9018016145574252,0.0025382337372636954,0.08118295458386696,0.8972046418190683,0.9018016145574252,0.0,0.0
6154,6,50,2,M,2,0.1764938894476341,0.176445037774631,0.38,0.176445037774631,0.0026502074375587825,0.08118295458386696,0.1764938894476341,0.17644503777463097,0.0,0.0
6155,6,50,2,M,3,0.8580316606332793,0.6744633292241722,0.88,0.6744633292241722,0.002521861674917067,0.08118295458386696,0.8580316606332793,0.6744633292241722,0.0,0.0
6156,6,51,2,M,0,0.6726440655859038,0.8446725589662922,0.12,0.8446725589662922,0.0025382337372636954,0.08118295458386696,0.6726440655859037,0.8446725589662921,0.0,0.0
6157,6,51,2,M,1,0.8972046418190683,0.9018016145574252,0.88,0.9018016145574252,0.0025382337372636954,0.08118295458386696,0.8972046418190683,0.9018016145574252,0.0,0.0
6158,6,51,2,M,2,0.1764938894476341,0.17644503777463097,0.38,0.17644503777463097,0.0026502074375587825,0.08118295458386696,0.17649388944763414,0.176445037774631,0.0,0.0
6159,6,51,2,M,3,0.8580316606332793,0.6744633292241722,0.88,0.6744633292241722,0.002521861674917067,0.08118295458386696,0.8580316606332793,0.6744633292241722,0.0,0.0
6160,6,52,2,M,0,0.6726440655859037,0.8446725589662921,0.12,0.8446725589662921,0.0025382337372636954,0.08118295458386696,0.6726440655859038,0.8446725589662921,0.0,0.0
6161,6,52,2,M,1,0.8972046418190683,0.9018016145574252,0.88,0.9018016145574252,0.0025382337372636954,0.08118295458386696,0.8972046418190682,0.9018016145574252,0.0,0.0
6162,6,52,2,M,2,0.17649388944763414,0.176445037774631,0.38,0.176445037774631,0.0026502074375587825,0.08118295458386696,0.17649388944763414,0.176445037774631,0.0,0.0
6163,6,52,2,M,3,0.8580316606332793,0.6744633292241722,0.88,0.6744633292241722,0.002521861674917067,0.08118295458386696,0.8580316606332793,0.6744633292241722,0.0,0.0
6164,6,53,2,M,0,0.6726440655859038,0.8446725589662921,0.12,0.8446725589662921,0.0025382337372636954,0.08118295458386696,0.6726440655859037,0.8446725589662921,0.0,0.0
6165,6,53,2,M,1,0.8972046418190682,0.9018016145574252,0.88,0.9018016145574252,0.0025382337372636954,0.08118295458386696,0.8972046418190682,0.9018016145574252,0.0,0.0
6166,6,53,2,M,2,0.17649388944763414,0.176445037774631,0.38,0.176445037774631,0.0026502074375587825,0.08118295458386696,0.1764938894476341,0.176445037774631,0.0,0.0
6167,6,53,2,M,3,0.8580316606332793,0.6744633292241722,0.88,0.6744633292241722,0.002521861674917067,0.08118295458386696,0.8580316606332793,0.6744633292241722,0.0,0.0
6168,6,54,2,M,0,0.6726440655859037,0.8446725589662921,0.12,0.8446725589662921,0.0025382337372636954,0.08118295458386696,0.6726440655859038,0.8446725589662922,0.0,0.0
6169,6,54,2,M,1,0.8972046418190682,0.9018016145574252,0.88,0.9018016145574252,0.0025382337372636954,0.08118295458386696,0.8972046418190683,0.9018016145574252,0.0,0.0
6170,6,54,2,M,2,0.1764938894476341,0.176445037774631,0.38,0.176445037774631,0.0026502074375587825,0.08118295458386696,0.1764938894476341,0.17644503777463097,0.0,0.0
6171,6,54,2,M,3,0.8580316606332793,0.6744633292241722,0.88,0.6744633292241722,0.002521861674917067,0.08118295458386696,0.8580316606332793,0.6744633292241722,0.0,0.0
6172,6,55,2,M,0,0.6726440655859038,0.8446725589662922,0.12,0.8446725589662922,0.0025382337372636954,0.08118295458386696,0.6726440655859037,0.8446725589662921,0.0,0.0
6173,6,55,2,M,1,0.8972046418190683,0.9018016145574252,0.88,0.9018016145574252,0.0025382337372636954,0.08118295458386696,0.8972046418190683,0.9018016145574252,0.0,0.0
6174,6,55,2,M,2,0.1764938894476341,0.17644503777463097,0.38,0.17644503777463097,0.0026502074375587825,0.08118295458386696,0.17649388944763414,0.176445037774631,0.0,0.0
6175,6,55,2,M,3,0.8580316606332793,0.6744633292241722,0.88,0.6744633292241722,0.002521861674917067,0.08118295458386696,0.8580316606332793,0.6744633292241722,0.0,0.0
6176,6,56,3,M,0,0.6726440655859037,0.8446725589662921,0.12,0.8446725589662921,0.0025382337372636954,0.08118295458386696,0.6726440655859038,0.8446725589662921,0.0,0.0
6177,6,56,3,M,1,0.8972046418190683,0.9018016145574252,0.88,0.9018016145574252,0.0025382337372636954,0.08118295458386696,0.8972046418190682,0.9018016145574252,0.0,0.0
6178,6,56,3,M,2,0.17649388944763414,0.176445037774631,0.38,0.176445037774631,0.0026502074375587825,0.08118295458386696,0.17649388944763414,0.176445037774631,0.0,0.0
6179,6,56,3,M,3,0.8580316606332793,0.6744633292241722,0.88,0.6744633292241722,0.002521861674917067,0.08118295458386696,0.8580316606332793,0.6744633292241722,0.0,0.0
6180,6,57,3,M,0,0.62,0.9,0.1,0.9,0.002278367001539869,0.08118295458386696,0.669534693425971,0.8590418250217706,1.0,1.0
6181,6,57,3,M,1,0.9,0.88,1.0,0.88,0.0006335749229495341,0.08118295458386696,0.8962360148675855,0.9003582366790511,1.0,1.0
6182,6,57,3,M,2,0.38,0.12,0.12,0.12,0.0024575730936294143,0.08118295458386696,0.17349290993769895,0.1757401066906109,1.0,1.0
6183,6,57,3,M,3,0.9,0.38,0.9,0.38,0.0022144194229791053,0.08118295458386696,0.8562262131668945,0.6835944952032234,1.0,1.0
6184,6,58,3,M,0,0.38,0.9,0.1,0.9,0.0021766404878766077,0.08118295458386696,0.6978660268973155,0.8501396415010293,1.0,1.0
6185,6,58,3,M,1,0.8962360148675855,0.9003582366790511,1.0,0.9003582366790511,0.0006011593303846263,0.08118295458386696,0.897963895328838,0.9008766723737458,0.0,0.0
6186,6,58,3,M,2,0.1,0.1,0.62,0.1,0.0018768017074395765,0.08118295458386696,0.17034035046038912,0.17241782840904482,1.0,1.0
6187,6,58,3,M,3,0.9,0.1,0.9,0.1,0.0017670544050746445,0.08118295458386696,0.8578059402124731,0.657489020244511,1.0,1.0
6188,6,59,3,M,0,0.12,0.88,0.38,0.88,0.001059498610221421,0.08118295458386696,0.6657954455157291,0.8546624371783456,1.0,1.0
6189,6,59,3,M,1,0.897963895328838,0.9008766723737458,0.9,0.9008766723737458,0.0005135411807469792,0.08118295458386696,0.9029453452364008,0.8971103779037402,0.0,0.0
6190,6,59,3,M,2,0.1,0.38,0.62,0.38,0.0018209266107689775,0.08118295458386696,0.16994800907416283,0.17129151597199102,1.0,1.0
6191,6,59,3,M,3,0.9,0.64,0.64,0.64,0.0010308580024088049,0.08118295458386696,0.8556082102039598,0.6381791806995019,1.0,1.0
6192,6,60,3,M,0,0.6657954455157291,0.8546624371783456,0.62,0.8546624371783456,0.0007890421018139082,0.08118295458386696,0.650920165480594,0.8547537359692595,0.0,0.0
6193,6,60,3,M,1,0.9029453452364008,0.8971103779037402,0.9,0.8971103779037402,0.0004973735423725867,0.08118295458386696,0.898594174719481,0.8915203060657245,0.0,0.0
6194,6,60,3,M,2,0.1,0.64,0.62,0.64,0.001801355782729011,0.08118295458386696,0.16993606495138036,0.16921709176801597,1.0,1.0
6195,6,60,3,M,3,0.8556082102039598,0.6381791806995019,0.7000000000000001,0.6381791806995019,0.0010985089835627015,0.08118295458386696,0.8503193905177499,0.6309551551839682,0.0,0.0
6196,6,61,3,M,0,0.650920165480594,0.8547537359692595,0.62,0.8547537359692595,0.0007435808971049535,0.08118295458386696,0.6416456872729285,0.8515688617406951,0.0,0.0
6197,6,61,3,M,1,0.898594174719481,0.8915203060657245,0.9,0.8915203060657245,0.0004940581922104476,0.08118295458386696,0.8945059774899511,0.8893287540817114,0.0,0.0
6198,6,61,3,M,2,0.62,0.12,0.36,0.12,0.0007614532063140028,0.08118295458386696,0.16857195872434286,0.16907479430119401,1.0,1.0
6199,6,61,3,M,3,0.8503193905177499,0.6309551551839682,0.64,0.6309551551839682,0.0007649895292151654,0.08118295458386696,0.8467843925513122,0.6243085279221622,0.0,0.0
6200,6,62,3,M,0,0.6416456872729285,0.8515688617406951,0.62,0.8515688617406951,0.0007435808971049535,0.08118295458386696,0.635262534405419,0.8498077327452441,0.0,0.0
6201,6,62,3,M,1,0.8945059774899511,0.8893287540817114,0.9,0.8893287540817114,0.0004940581922104476,0.08118295458386696,0.8920971048642518,0.8871735986656725,0.0,0.0
6202,6,62,3,M,2,0.16857195872434286,0.16907479430119401,0.36,0.16907479430119401,0.0007614532063140028,0.08118295458386696,0.16827450049071946,0.16882953843611873,0.0,0.0
6203,6,62,3,M,3,0.8467843925513122,0.6243085279221622,0.64,0.6243085279221622,0.0007649895292151654,0.08118295458386696,0.844325834337163,0.6188176336011653,0.0,0.0
6204,6,63,3,M,0,0.635262534405419,0.8498077327452441,0.62,0.8498077327452441,0.0007435808971049535,0.08118295458386696,0.630200473978137,0.8491786767217449,0.0,0.0
6205,6,63,3,M,1,0.8920971048642518,0.8871735986656725,0.9,0.8871735986656725,0.0004940581922104476,0.08118295458386696,0.8902836977972542,0.8856948459631679,0.0,0.0
6206,6,63,3,M,2,0.16827450049071946,0.16882953843611873,0.36,0.16882953843611873,0.0007614532063140028,0.08118295458386696,0.16821247299061892,0.1687034439351971,0.0,0.0
6207,6,63,3,M,3,0.844325834337163,0.6188176336011653,0.64,0.6188176336011653,0.0007649895292151654,0.08118295458386696,0.8426730132622157,0.615773957463193,0.0,0.0
6208,6,64,3,M,0,0.630200473978137,0.8491786767217449,0.62,0.8491786767217449,0.0007435808971049535,0.08118295458386696,0.6281280477035222,0.8486321034305299,0.0,0.0
6209,6,64,3,M,1,0.8902836977972542,0.8856948459631679,0.9,0.8856948459631679,0.0004940581922104476,0.08118295458386696,0.8895238754063977,0.8844521914826976,0.0,0.0
6210,6,64,3,M,2,0.16821247299061892,0.1687034439351971,0.36,0.1687034439351971,0.0007614532063140028,0.08118295458386696,0.1680672614073281,0.16856672510645354,0.0,0.0
6211,6,64,3,M,3,0.8426730132622157,0.615773957463193,0.64,0.615773957463193,0.0007649895292151654,0.08118295458386696,0.8415104177411151,0.6120378673559789,0.0,0.0
6212,6,65,3,M,0,0.6281280477035222,0.8486321034305299,0.62,0.8486321034305299,0.0007435808971049535,0.08118295458386696,0.6265763638294747,0.8485783212370399,0.0,0.0
6213,6,65,3,M,1,0.8895238754063977,0.8844521914826976,0.9,0.8844521914826976,0.0004940581922104476,0.08118295458386696,0.8886547347812721,0.883168942715183,0.0,0.0
6214,6,65,3,M,2,0.1680672614073281,0.16856672510645354,0.36,0.16856672510645354,0.0007614532063140028,0.08118295458386696,0.1679847535132703,0.1685139051882587,0.0,0.0
6215,6,65,3,M,3,0.8415104177411151,0.6120378673559789,0.64,0.6120378673559789,0.0007649895292151654,0.08118295458386696,0.8405606889414278,0.6085542541067815,0.0,0.0
6216,6,66,3,M,0,0.6265763638294747,0.8485783212370399,0.62,0.8485783212370399,0.0007435808971049535,0.08118295458386696,0.6255318125456493,0.8471932373641166,0.0,0.0
6217,6,66,3,M,1,0.8886547347812721,0.883168942715183,0.9,0.883168942715183,0.0004940581922104476,0.08118295458386696,0.8881655342960025,0.8829519039947115,0.0,0.0
6218,6,66,3,M,2,0.1679847535132703,0.1685139051882587,0.36,0.1685139051882587,0.0007614532063140028,0.08118295458386696,0.16790632894424404,0.16850898211352802,0.0,0.0
6219,6,66,3,M,3,0.8405606889414278,0.6085542541067815,0.64,0.6085542541067815,0.0007649895292151654,0.08118295458386696,0.8396757856298185,0.6066181773512166,0.0,0.0
6220,6,67,3,M,0,0.6255318125456493,0.8471932373641166,0.62,0.8471932373641166,0.0007435808971049535,0.08118295458386696,0.6252908265122961,0.8468850909135611,0.0,0.0
6221,6,67,3,M,1,0.8881655342960025,0.8829519039947115,0.9,0.8829519039947115,0.0004940581922104476,0.08118295458386696,0.8877596665306084,0.882490553576114,0.0,0.0
6222,6,67,3,M,2,0.16790632894424404,0.16850898211352802,0.36,0.16850898211352802,0.0007614532063140028,0.08118295458386696,0.16784308100477804,0.16844131551087152,0.0,0.0
6223,6,67,3,M,3,0.8396757856298185,0.6066181773512166,0.64,0.6066181773512166,0.0007649895292151654,0.08118295458386696,0.8403282117521982,0.6049016631361395,0.0,0.0
6224,6,68,3,M,0,0.6252908265122961,0.8468850909135611,0.62,0.8468850909135611,0.0007435808971049535,0.08118295458386696,0.6236936823794698,0.8464503374479215,0.0,0.0
6225,6,68,3,M,1,0.8877596665306084,0.882490553576114,0.9,0.882490553576114,0.0004940581922104476,0.08118295458386696,0.887168182850679,0.8822938368056816,0.0,0.0
6226,6,68,3,M,2,0.16784308100477804,0.16844131551087152,0.36,0.16844131551087152,0.0007614532063140028,0.08118295458386696,0.16778986754091632,0.16839275294054548,0.0,0.0
6227,6,68,3,M,3,0.8403282117521982,0.6049016631361395,0.64,0.6049016631361395,0.0007649895292151654,0.08118295458386696,0.8406529783159326,0.6045181812395709,0.0,0.0
6228,6,69,3,M,0,0.6236936823794698,0.8464503374479215,0.62,0.8464503374479215,0.0007435808971049535,0.08118295458386696,0.6222141879394382,0.8449276589991959,0.0,0.0
6229,6,69,3,M,1,0.887168182850679,0.8822938368056816,0.9,0.8822938368056816,0.0004940581922104476,0.08118295458386696,0.8865984933537373,0.8826720583334609,0.0,0.0
6230,6,69,3,M,2,0.16778986754091632,0.16839275294054548,0.36,0.16839275294054548,0.0007614532063140028,0.08118295458386696,0.16779170597131288,0.1683217127202116,0.0,0.0
6231,6,69,3,M,3,0.8406529783159326,0.6045181812395709,0.64,0.6045181812395709,0.0007649895292151654,0.08118295458386696,0.8407496066458688,0.6045461843836135,0.0,0.0
6232,6,70,3,M,0,0.6222141879394382,0.8449276589991959,0.62,0.8449276589991959,0.0007435808971049535,0.08118295458386696,0.6221424622369437,0.8445237066022193,0.0,0.0
6233,6,70,3,M,1,0.8865984933537373,0.8826720583334609,0.9,0.8826720583334609,0.0004940581922104476,0.08118295458386696,0.8865984933537372,0.8826720583334609,0.0,0.0
6234,6,70,3,M,2,0.16779170597131288,0.1683217127202116,0.36,0.1683217127202116,0.0007614532063140028,0.08118295458386696,0.16779712816367237,0.16830000518616903,0.0,0.0
6235,6,70,3,M,3,0.8407496066458688,0.6045461843836135,0.64,0.6045461843836135,0.0007649895292151654,0.08118295458386696,0.8411761924892951,0.604478930115066,0.0,0.0
6236,6,71,3,M,0,0.6221424622369437,0.8445237066022193,0.62,0.8445237066022193,0.0007435808971049535,0.08118295458386696,0.6221424622369437,0.8445237066022193,0.0,0.0
6237,6,71,3,M,1,0.8865984933537372,0.8826720583334609,0.9,0.8826720583334609,0.0004940581922104476,0.08118295458386696,0.8865984933537372,0.8826720583334607,0.0,0.0
6238,6,71,3,M,2,0.16779712816367237,0.16830000518616903,0.36,0.16830000518616903,0.0007614532063140028,0.08118295458386696,0.1677971281636724,0.16830000518616903,0.0,0.0
6239,6,71,3,M,3,0.8411761924892951,0.604478930115066,0.64,0.604478930115066,0.0007649895292151654,0.08118295458386696,0.8411761924892952,0.604478930115066,0.0,0.0
6240,6,72,3,M,0,0.6221424622369437,0.8445237066022193,0.62,0.8445237066022193,0.0007435808971049535,0.08118295458386696,0.6221424622369437,0.8445237066022193,0.0,0.0
6241,6,72,3,M,1,0.8865984933537372,0.8826720583334607,0.9,0.8826720583334607,0.0004940581922104476,0.08118295458386696,0.8865984933537374,0.8826720583334609,0.0,0.0
6242,6,72,3,M,2,0.1677971281636724,0.16830000518616903,0.36,0.16830000518616903,0.0007614532063140028,0.08118295458386696,0.1677971281636724,0.16830000518616903,0.0,0.0
6243,6,72,3,M,3,0.8411761924892952,0.604478930115066,0.64,0.604478930115066,0.0007649895292151654,0.08118295458386696,0.8411761924892951,0.6044789301150659,0.0,0.0
6244,6,73,3,M,0,0.6221424622369437,0.8445237066022193,0.62,0.8445237066022193,0.0007435808971049535,0.08118295458386696,0.6221424622369437,0.8445237066022193,0.0,0.0
6245,6,73,3,M,1,0.8865984933537374,0.8826720583334609,0.9,0.8826720583334609,0.0004940581922104476,0.08118295458386696,0.8865984933537374,0.8826720583334609,0.0,0.0
6246,6,73,3,M,2,0.1677971281636724,0.16830000518616903,0.36,0.16830000518616903,0.0007614532063140028,0.08118295458386696,0.1677971281636724,0.16830000518616903,0.0,0.0
6247,6,73,3,M,3,0.8411761924892951,0.6044789301150659,0.64,0.6044789301150659,0.0007649895292151654,0.08118295458386696,0.8411761924892952,0.604478930115066,0.0,0.0
6248,6,74,3,M,0,0.6221424622369437,0.8445237066022193,0.62,0.8445237066022193,0.0007435808971049535,0.08118295458386696,0.6221424622369437,0.8445237066022193,0.0,0.0
6249,6,74,3,M,1,0.8865984933537374,0.8826720583334609,0.9,0.8826720583334609,0.0004940581922104476,0.08118295458386696,0.8865984933537372,0.8826720583334607,0.0,0.0
6250,6,74,3,M,2,0.1677971281636724,0.16830000518616903,0.36,0.16830000518616903,0.0007614532063140028,0.08118295458386696,0.1677971281636724,0.16830000518616903,0.0,0.0
6251,6,74,3,M,3,0.8411761924892952,0.604478930115066,0.64,0.604478930115066,0.0007649895292151654,0.08118295458386696,0.8411761924892952,0.604478930115066,0.0,0.0
6252,6,75,3,M,0,0.6221424622369437,0.8445237066022193,0.62,0.8445237066022193,0.0007435808971049535,0.08118295458386696,0.6221424622369437,0.8445237066022193,0.0,0.0
6253,6,75,3,M,1,0.8865984933537372,0.8826720583334607,0.9,0.8826720583334607,0.0004940581922104476,0.08118295458386696,0.8865984933537374,0.8826720583334609,0.0,0.0
6254,6,75,3,M,2,0.1677971281636724,0.16830000518616903,0.36,0.16830000518616903,0.0007614532063140028,0.08118295458386696,0.1677971281636724,0.16830000518616903,0.0,0.0
6255,6,75,3,M,3,0.8411761924892952,0.604478930115066,0.64,0.604478930115066,0.0007649895292151654,0.08118295458386696,0.8411761924892951,0.6044789301150659,0.0,0.0
6256,6,76,3,M,0,0.6221424622369437,0.8445237066022193,0.62,0.8445237066022193,0.0007435808971049535,0.08118295458386696,0.6221424622369437,0.8445237066022193,0.0,0.0
6257,6,76,3,M,1,0.8865984933537374,0.8826720583334609,0.9,0.8826720583334609,0.0004940581922104476,0.08118295458386696,0.8865984933537374,0.8826720583334609,0.0,0.0
6258,6,76,3,M,2,0.1677971281636724,0.16830000518616903,0.36,0.16830000518616903,0.0007614532063140028,0.08118295458386696,0.1677971281636724,0.16830000518616903,0.0,0.0
6259,6,76,3,M,3,0.8411761924892951,0.6044789301150659,0.64,0.6044789301150659,0.0007649895292151654,0.08118295458386696,0.8411761924892952,0.604478930115066,0.0,0.0
6260,6,77,3,M,0,0.6221424622369437,0.8445237066022193,0.62,0.8445237066022193,0.0007435808971049535,0.08118295458386696,0.6221424622369437,0.8445237066022193,0.0,0.0
6261,6,77,3,M,1,0.8865984933537374,0.8826720583334609,0.9,0.8826720583334609,0.0004940581922104476,0.08118295458386696,0.8865984933537372,0.8826720583334607,0.0,0.0
6262,6,77,3,M,2,0.1677971281636724,0.16830000518616903,0.36,0.16830000518616903,0.0007614532063140028,0.08118295458386696,0.1677971281636724,0.16830000518616903,0.0,0.0
6263,6,77,3,M,3,0.8411761924892952,0.604478930115066,0.64,0.604478930115066,0.0007649895292151654,0.08118295458386696,0.8411761924892952,0.604478930115066,0.0,0.0
6264,6,78,3,M,0,0.6221424622369437,0.8445237066022193,0.62,0.8445237066022193,0.0007435808971049535,0.08118295458386696,0.6221424622369437,0.8445237066022193,0.0,0.0
6265,6,78,3,M,1,0.8865984933537372,0.8826720583334607,0.9,0.8826720583334607,0.0004940581922104476,0.08118295458386696,0.8865984933537374,0.8826720583334609,0.0,0.0
6266,6,78,3,M,2,0.1677971281636724,0.16830000518616903,0.36,0.16830000518616903,0.0007614532063140028,0.08118295458386696,0.1677971281636724,0.16830000518616903,0.0,0.0
6267,6,78,3,M,3,0.8411761924892952,0.604478930115066,0.64,0.604478930115066,0.0007649895292151654,0.08118295458386696,0.8411761924892951,0.6044789301150659,0.0,0.0
6268,6,79,3,M,0,0.6221424622369437,0.8445237066022193,0.62,0.8445237066022193,0.0007435808971049535,0.08118295458386696,0.6221424622369437,0.8445237066022193,0.0,0.0
6269,6,79,3,M,1,0.8865984933537374,0.8826720583334609,0.9,0.8826720583334609,0.0004940581922104476,0.08118295458386696,0.8865984933537374,0.8826720583334609,0.0,0.0
6270,6,79,3,M,2,0.1677971281636724,0.16830000518616903,0.36,0.16830000518616903,0.0007614532063140028,0.08118295458386696,0.1677971281636724,0.16830000518616903,0.0,0.0
6271,6,79,3,M,3,0.8411761924892951,0.6044789301150659,0.64,0.6044789301150659,0.0007649895292151654,0.08118295458386696,0.8411761924892952,0.604478930115066,0.0,0.0
6272,6,80,3,M,0,0.6221424622369437,0.8445237066022193,0.62,0.8445237066022193,0.0007435808971049535,0.08118295458386696,0.6221424622369437,0.8445237066022193,0.0,0.0
6273,6,80,3,M,1,0.8865984933537374,0.8826720583334609,0.9,0.8826720583334609,0.0004940581922104476,0.08118295458386696,0.8865984933537372,0.8826720583334607,0.0,0.0
6274,6,80,3,M,2,0.1677971281636724,0.16830000518616903,0.36,0.16830000518616903,0.0007614532063140028,0.08118295458386696,0.1677971281636724,0.16830000518616903,0.0,0.0
6275,6,80,3,M,3,0.8411761924892952,0.604478930115066,0.64,0.604478930115066,0.0007649895292151654,0.08118295458386696,0.8411761924892952,0.604478930115066,0.0,0.0
6276,6,81,3,M,0,0.6221424622369437,0.8445237066022193,0.62,0.8445237066022193,0.0007435808971049535,0.08118295458386696,0.6221424622369437,0.8445237066022193,0.0,0.0
6277,6,81,3,M,1,0.8865984933537372,0.8826720583334607,0.9,0.8826720583334607,0.0004940581922104476,0.08118295458386696,0.8865984933537374,0.8826720583334609,0.0,0.0
6278,6,81,3,M,2,0.1677971281636724,0.16830000518616903,0.36,0.16830000518616903,0.0007614532063140028,0.08118295458386696,0.1677971281636724,0.16830000518616903,0.0,0.0
6279,6,81,3,M,3,0.8411761924892952,0.604478930115066,0.64,0.604478930115066,0.0007649895292151654,0.08118295458386696,0.8411761924892951,0.6044789301150659,0.0,0.0
6280,6,82,3,M,0,0.6221424622369437,0.8445237066022193,0.62,0.8445237066022193,0.0007435808971049535,0.08118295458386696,0.6221424622369437,0.8445237066022193,0.0,0.0
6281,6,82,3,M,1,0.8865984933537374,0.8826720583334609,0.9,0.8826720583334609,0.0004940581922104476,0.08118295458386696,0.8865984933537374,0.8826720583334609,0.0,0.0
6282,6,82,3,M,2,0.1677971281636724,0.16830000518616903,0.36,0.16830000518616903,0.0007614532063140028,0.08118295458386696,0.1677971281636724,0.16830000518616903,0.0,0.0
6283,6,82,3,M,3,0.8411761924892951,0.6044789301150659,0.64,0.6044789301150659,0.0007649895292151654,0.08118295458386696,0.8411761924892952,0.604478930115066,0.0,0.0
6284,6,83,3,M,0,0.6221424622369437,0.8445237066022193,0.62,0.8445237066022193,0.0007435808971049535,0.08118295458386696,0.6221424622369437,0.8445237066022193,0.0,0.0
6285,6,83,3,M,1,0.8865984933537374,0.8826720583334609,0.9,0.8826720583334609,0.0004940581922104476,0.08118295458386696,0.8865984933537372,0.8826720583334607,0.0,0.0
6286,6,83,3,M,2,0.1677971281636724,0.16830000518616903,0.36,0.16830000518616903,0.0007614532063140028,0.08118295458386696,0.1677971281636724,0.16830000518616903,0.0,0.0
6287,6,83,3,M,3,0.8411761924892952,0.604478930115066,0.64,0.604478930115066,0.0007649895292151654,0.08118295458386696,0.8411761924892952,0.604478930115066,0.0,0.0
6288,6,84,3,M,0,0.6221424622369437,0.8445237066022193,0.62,0.8445237066022193,0.0007435808971049535,0.08118295458386696,0.6221424622369437,0.8445237066022193,0.0,0.0
6289,6,84,3,M,1,0.8865984933537372,0.8826720583334607,0.9,0.8826720583334607,0.0004940581922104476,0.08118295458386696,0.8865984933537374,0.8826720583334609,0.0,0.0
6290,6,84,3,M,2,0.1677971281636724,0.16830000518616903,0.36,0.16830000518616903,0.0007614532063140028,0.08118295458386696,0.1677971281636724,0.16830000518616903,0.0,0.0
6291,6,84,3,M,3,0.8411761924892952,0.604478930115066,0.64,0.604478930115066,0.0007649895292151654,0.08118295458386696,0.8411761924892951,0.6044789301150659,0.0,0.0
6292,6,85,3,M,0,0.6221424622369437,0.8445237066022193,0.62,0.8445237066022193,0.0007435808971049535,0.08118295458386696,0.6221424622369437,0.8445237066022193,0.0,0.0
6293,6,85,3,M,1,0.8865984933537374,0.8826720583334609,0.9,0.8826720583334609,0.0004940581922104476,0.08118295458386696,0.8865984933537374,0.8826720583334609,0.0,0.0
6294,6,85,3,M,2,0.1677971281636724,0.16830000518616903,0.36,0.16830000518616903,0.0007614532063140028,0.08118295458386696,0.1677971281636724,0.16830000518616903,0.0,0.0
6295,6,85,3,M,3,0.8411761924892951,0.6044789301150659,0.64,0.6044789301150659,0.0007649895292151654,0.08118295458386696,0.8411761924892952,0.604478930115066,0.0,0.0
6296,6,86,3,M,0,0.6221424622369437,0.8445237066022193,0.62,0.8445237066022193,0.0007435808971049535,0.08118295458386696,0.6221424622369437,0.8445237066022193,0.0,0.0
6297,6,86,3,M,1,0.8865984933537374,0.8826720583334609,0.9,0.8826720583334609,0.0004940581922104476,0.08118295458386696,0.8865984933537372,0.8826720583334607,0.0,0.0
6298,6,86,3,M,2,0.1677971281636724,0.16830000518616903,0.36,0.16830000518616903,0.0007614532063140028,0.08118295458386696,0.1677971281636724,0.16830000518616903,0.0,0.0
6299,6,86,3,M,3,0.8411761924892952,0.604478930115066,0.64,0.604478930115066,0.0007649895292151654,0.08118295458386696,0.8411761924892952,0.604478930115066,0.0,0.0
6300,6,87,3,M,0,0.6221424622369437,0.8445237066022193,0.62,0.8445237066022193,0.0007435808971049535,0.08118295458386696,0.6221424622369437,0.8445237066022193,0.0,0.0
6301,6,87,3,M,1,0.8865984933537372,0.8826720583334607,0.9,0.8826720583334607,0.0004940581922104476,0.08118295458386696,0.8865984933537374,0.8826720583334609,0.0,0.0
6302,6,87,3,M,2,0.1677971281636724,0.16830000518616903,0.36,0.16830000518616903,0.0007614532063140028,0.08118295458386696,0.1677971281636724,0.16830000518616903,0.0,0.0
6303,6,87,3,M,3,0.8411761924892952,0.604478930115066,0.64,0.604478930115066,0.0007649895292151654,0.08118295458386696,0.8411761924892951,0.6044789301150659,0.0,0.0
6304,6,88,3,M,0,0.6221424622369437,0.8445237066022193,0.62,0.8445237066022193,0.0007435808971049535,0.08118295458386696,0.6221424622369437,0.8445237066022193,0.0,0.0
6305,6,88,3,M,1,0.8865984933537374,0.8826720583334609,0.9,0.8826720583334609,0.0004940581922104476,0.08118295458386696,0.8865984933537374,0.8826720583334609,0.0,0.0
6306,6,88,3,M,2,0.1677971281636724,0.16830000518616903,0.36,0.16830000518616903,0.0007614532063140028,0.08118295458386696,0.1677971281636724,0.16830000518616903,0.0,0.0
6307,6,88,3,M,3,0.8411761924892951,0.6044789301150659,0.64,0.6044789301150659,0.0007649895292151654,0.08118295458386696,0.8411761924892952,0.604478930115066,0.0,0.0
6308,6,89,3,M,0,0.6221424622369437,0.8445237066022193,0.62,0.8445237066022193,0.0007435808971049535,0.08118295458386696,0.6221424622369437,0.8445237066022193,0.0,0.0
6309,6,89,3,M,1,0.8865984933537374,0.8826720583334609,0.9,0.8826720583334609,0.0004940581922104476,0.08118295458386696,0.8865984933537372,0.8826720583334607,0.0,0.0
6310,6,89,3,M,2,0.1677971281636724,0.16830000518616903,0.36,0.16830000518616903,0.0007614532063140028,0.08118295458386696,0.1677971281636724,0.16830000518616903,0.0,0.0
6311,6,89,3,M,3,0.8411761924892952,0.604478930115066,0.64,0.604478930115066,0.0007649895292151654,0.08118295458386696,0.8411761924892952,0.604478930115066,0.0,0.0
6312,6,90,3,M,0,0.6221424622369437,0.8445237066022193,0.62,0.8445237066022193,0.0007435808971049535,0.08118295458386696,0.6221424622369437,0.8445237066022193,0.0,0.0
6313,6,90,3,M,1,0.8865984933537372,0.8826720583334607,0.9,0.8826720583334607,0.0004940581922104476,0.08118295458386696,0.8865984933537374,0.8826720583334609,0.0,0.0
6314,6,90,3,M,2,0.1677971281636724,0.16830000518616903,0.36,0.16830000518616903,0.0007614532063140028,0.08118295458386696,0.1677971281636724,0.16830000518616903,0.0,0.0
6315,6,90,3,M,3,0.8411761924892952,0.604478930115066,0.64,0.604478930115066,0.0007649895292151654,0.08118295458386696,0.8411761924892951,0.6044789301150659,0.0,0.0
6316,6,91,3,M,0,0.6221424622369437,0.8445237066022193,0.62,0.8445237066022193,0.0007435808971049535,0.08118295458386696,0.6221424622369437,0.8445237066022193,0.0,0.0
6317,6,91,3,M,1,0.8865984933537374,0.8826720583334609,0.9,0.8826720583334609,0.0004940581922104476,0.08118295458386696,0.8865984933537374,0.8826720583334609,0.0,0.0
6318,6,91,3,M,2,0.1677971281636724,0.16830000518616903,0.36,0.16830000518616903,0.0007614532063140028,0.08118295458386696,0.1677971281636724,0.16830000518616903,0.0,0.0
6319,6,91,3,M,3,0.8411761924892951,0.6044789301150659,0.64,0.6044789301150659,0.0007649895292151654,0.08118295458386696,0.8411761924892952,0.604478930115066,0.0,0.0
6320,6,92,3,M,0,0.6221424622369437,0.8445237066022193,0.62,0.8445237066022193,0.0007435808971049535,0.08118295458386696,0.6221424622369437,0.8445237066022193,0.0,0.0
6321,6,92,3,M,1,0.8865984933537374,0.8826720583334609,0.9,0.8826720583334609,0.0004940581922104476,0.08118295458386696,0.8865984933537372,0.8826720583334607,0.0,0.0
6322,6,92,3,M,2,0.1677971281636724,0.16830000518616903,0.36,0.16830000518616903,0.0007614532063140028,0.08118295458386696,0.1677971281636724,0.16830000518616903,0.0,0.0
6323,6,92,3,M,3,0.8411761924892952,0.604478930115066,0.64,0.604478930115066,0.0007649895292151654,0.08118295458386696,0.8411761924892952,0.604478930115066,0.0,0.0
6324,6,93,3,M,0,0.6221424622369437,0.8445237066022193,0.62,0.8445237066022193,0.0007435808971049535,0.08118295458386696,0.6221424622369437,0.8445237066022193,0.0,0.0
6325,6,93,3,M,1,0.8865984933537372,0.8826720583334607,0.9,0.8826720583334607,0.0004940581922104476,0.08118295458386696,0.8865984933537374,0.8826720583334609,0.0,0.0
6326,6,93,3,M,2,0.1677971281636724,0.16830000518616903,0.36,0.16830000518616903,0.0007614532063140028,0.08118295458386696,0.1677971281636724,0.16830000518616903,0.0,0.0
6327,6,93,3,M,3,0.8411761924892952,0.604478930115066,0.64,0.604478930115066,0.0007649895292151654,0.08118295458386696,0.8411761924892951,0.6044789301150659,0.0,0.0
6328,6,94,3,M,0,0.6221424622369437,0.8445237066022193,0.62,0.8445237066022193,0.0007435808971049535,0.08118295458386696,0.6221424622369437,0.8445237066022193,0.0,0.0
6329,6,94,3,M,1,0.8865984933537374,0.8826720583334609,0.9,0.8826720583334609,0.0004940581922104476,0.08118295458386696,0.8865984933537374,0.8826720583334609,0.0,0.0
6330,6,94,3,M,2,0.1677971281636724,0.16830000518616903,0.36,0.16830000518616903,0.0007614532063140028,0.08118295458386696,0.1677971281636724,0.16830000518616903,0.0,0.0
6331,6,94,3,M,3,0.8411761924892951,0.6044789301150659,0.64,0.6044789301150659,0.0007649895292151654,0.08118295458386696,0.8411761924892952,0.604478930115066,0.0,0.0
6332,6,95,3,M,0,0.6221424622369437,0.8445237066022193,0.62,0.8445237066022193,0.0007435808971049535,0.08118295458386696,0.6221424622369437,0.8445237066022193,0.0,0.0
6333,6,95,3,M,1,0.8865984933537374,0.8826720583334609,0.9,0.8826720583334609,0.0004940581922104476,0.08118295458386696,0.8865984933537372,0.8826720583334607,0.0,0.0
6334,6,95,3,M,2,0.1677971281636724,0.16830000518616903,0.36,0.16830000518616903,0.0007614532063140028,0.08118295458386696,0.1677971281636724,0.16830000518616903,0.0,0.0
6335,6,95,3,M,3,0.8411761924892952,0.604478930115066,0.64,0.604478930115066,0.0007649895292151654,0.08118295458386696,0.8411761924892952,0.604478930115066,0.0,0.0
6336,6,96,3,M,0,0.6221424622369437,0.8445237066022193,0.62,0.8445237066022193,0.0007435808971049535,0.08118295458386696,0.6221424622369437,0.8445237066022193,0.0,0.0
6337,6,96,3,M,1,0.8865984933537372,0.8826720583334607,0.9,0.8826720583334607,0.0004940581922104476,0.08118295458386696,0.8865984933537374,0.8826720583334609,0.0,0.0
6338,6,96,3,M,2,0.1677971281636724,0.16830000518616903,0.36,0.16830000518616903,0.0007614532063140028,0.08118295458386696,0.1677971281636724,0.16830000518616903,0.0,0.0
6339,6,96,3,M,3,0.8411761924892952,0.604478930115066,0.64,0.604478930115066,0.0007649895292151654,0.08118295458386696,0.8411761924892951,0.6044789301150659,0.0,0.0
6340,6,97,3,M,0,0.6221424622369437,0.8445237066022193,0.62,0.8445237066022193,0.0007435808971049535,0.08118295458386696,0.6221424622369437,0.8445237066022193,0.0,0.0
6341,6,97,3,M,1,0.8865984933537374,0.8826720583334609,0.9,0.8826720583334609,0.0004940581922104476,0.08118295458386696,0.8865984933537374,0.8826720583334609,0.0,0.0
6342,6,97,3,M,2,0.1677971281636724,0.16830000518616903,0.36,0.16830000518616903,0.0007614532063140028,0.08118295458386696,0.1677971281636724,0.16830000518616903,0.0,0.0
6343,6,97,3,M,3,0.8411761924892951,0.6044789301150659,0.64,0.6044789301150659,0.0007649895292151654,0.08118295458386696,0.8411761924892952,0.604478930115066,0.0,0.0
6344,6,98,3,M,0,0.6221424622369437,0.8445237066022193,0.62,0.8445237066022193,0.0007435808971049535,0.08118295458386696,0.6221424622369437,0.8445237066022193,0.0,0.0
6345,6,98,3,M,1,0.8865984933537374,0.8826720583334609,0.9,0.8826720583334609,0.0004940581922104476,0.08118295458386696,0.8865984933537372,0.8826720583334607,0.0,0.0
6346,6,98,3,M,2,0.1677971281636724,0.16830000518616903,0.36,0.16830000518616903,0.0007614532063140028,0.08118295458386696,0.1677971281636724,0.16830000518616903,0.0,0.0
6347,6,98,3,M,3,0.8411761924892952,0.604478930115066,0.64,0.604478930115066,0.0007649895292151654,0.08118295458386696,0.8411761924892952,0.604478930115066,0.0,0.0
6348,6,99,3,M,0,0.6221424622369437,0.8445237066022193,0.62,0.8445237066022193,0.0007435808971049535,0.08118295458386696,0.6221424622369437,0.8445237066022193,0.0,0.0
6349,6,99,3,M,1,0.8865984933537372,0.8826720583334607,0.9,0.8826720583334607,0.0004940581922104476,0.08118295458386696,0.8865984933537374,0.8826720583334609,0.0,0.0
6350,6,99,3,M,2,0.1677971281636724,0.16830000518616903,0.36,0.16830000518616903,0.0007614532063140028,0.08118295458386696,0.1677971281636724,0.16830000518616903,0.0,0.0
6351,6,99,3,M,3,0.8411761924892952,0.604478930115066,0.64,0.604478930115066,0.0007649895292151654,0.08118295458386696,0.8411761924892951,0.6044789301150659,0.0,0.0
6352,6,100,3,M,0,0.6221424622369437,0.8445237066022193,0.62,0.8445237066022193,0.0007435808971049535,0.08118295458386696,0.6221424622369437,0.8445237066022193,0.0,0.0
6353,6,100,3,M,1,0.8865984933537374,0.8826720583334609,0.9,0.8826720583334609,0.0004940581922104476,0.08118295458386696,0.8865984933537374,0.8826720583334609,0.0,0.0
6354,6,100,3,M,2,0.1677971281636724,0.16830000518616903,0.36,0.16830000518616903,0.0007614532063140028,0.08118295458386696,0.1677971281636724,0.16830000518616903,0.0,0.0
6355,6,100,3,M,3,0.8411761924892951,0.6044789301150659,0.64,0.6044789301150659,0.0007649895292151654,0.08118295458386696,0.8411761924892952,0.604478930115066,0.0,0.0
6356,6,101,3,M,0,0.6221424622369437,0.8445237066022193,0.62,0.8445237066022193,0.0007435808971049535,0.08118295458386696,0.6221424622369437,0.8445237066022193,0.0,0.0
6357,6,101,3,M,1,0.8865984933537374,0.8826720583334609,0.9,0.8826720583334609,0.0004940581922104476,0.08118295458386696,0.8865984933537372,0.8826720583334607,0.0,0.0
6358,6,101,3,M,2,0.1677971281636724,0.16830000518616903,0.36,0.16830000518616903,0.0007614532063140028,0.08118295458386696,0.1677971281636724,0.16830000518616903,0.0,0.0
6359,6,101,3,M,3,0.8411761924892952,0.604478930115066,0.64,0.604478930115066,0.0007649895292151654,0.08118295458386696,0.8411761924892952,0.604478930115066,0.0,0.0
6360,6,102,3,M,0,0.6221424622369437,0.8445237066022193,0.62,0.8445237066022193,0.0007435808971049535,0.08118295458386696,0.6221424622369437,0.8445237066022193,0.0,0.0
6361,6,102,3,M,1,0.8865984933537372,0.8826720583334607,0.9,0.8826720583334607,0.0004940581922104476,0.08118295458386696,0.8865984933537374,0.8826720583334609,0.0,0.0
6362,6,102,3,M,2,0.1677971281636724,0.16830000518616903,0.36,0.16830000518616903,0.0007614532063140028,0.08118295458386696,0.1677971281636724,0.16830000518616903,0.0,0.0
6363,6,102,3,M,3,0.8411761924892952,0.604478930115066,0.64,0.604478930115066,0.0007649895292151654,0.08118295458386696,0.8411761924892951,0.6044789301150659,0.0,0.0
6364,6,103,3,M,0,0.6221424622369437,0.8445237066022193,0.62,0.8445237066022193,0.0007435808971049535,0.08118295458386696,0.6221424622369437,0.8445237066022193,0.0,0.0
6365,6,103,3,M,1,0.8865984933537374,0.8826720583334609,0.9,0.8826720583334609,0.0004940581922104476,0.08118295458386696,0.8865984933537374,0.8826720583334609,0.0,0.0
6366,6,103,3,M,2,0.1677971281636724,0.16830000518616903,0.36,0.16830000518616903,0.0007614532063140028,0.08118295458386696,0.1677971281636724,0.16830000518616903,0.0,0.0
6367,6,103,3,M,3,0.8411761924892951,0.6044789301150659,0.64,0.6044789301150659,0.0007649895292151654,0.08118295458386696,0.8411761924892952,0.604478930115066,0.0,0.0
6368,6,104,3,M,0,0.6221424622369437,0.8445237066022193,0.62,0.8445237066022193,0.0007435808971049535,0.08118295458386696,0.6221424622369437,0.8445237066022193,0.0,0.0
6369,6,104,3,M,1,0.8865984933537374,0.8826720583334609,0.9,0.8826720583334609,0.0004940581922104476,0.08118295458386696,0.8865984933537372,0.8826720583334607,0.0,0.0
6370,6,104,3,M,2,0.1677971281636724,0.16830000518616903,0.36,0.16830000518616903,0.0007614532063140028,0.08118295458386696,0.1677971281636724,0.16830000518616903,0.0,0.0
6371,6,104,3,M,3,0.8411761924892952,0.604478930115066,0.64,0.604478930115066,0.0007649895292151654,0.08118295458386696,0.8411761924892952,0.604478930115066,0.0,0.0
6372,6,105,3,M,0,0.6221424622369437,0.8445237066022193,0.62,0.8445237066022193,0.0007435808971049535,0.08118295458386696,0.6221424622369437,0.8445237066022193,0.0,0.0
6373,6,105,3,M,1,0.8865984933537372,0.8826720583334607,0.9,0.8826720583334607,0.0004940581922104476,0.08118295458386696,0.8865984933537374,0.8826720583334609,0.0,0.0
6374,6,105,3,M,2,0.1677971281636724,0.16830000518616903,0.36,0.16830000518616903,0.0007614532063140028,0.08118295458386696,0.1677971281636724,0.16830000518616903,0.0,0.0
6375,6,105,3,M,3,0.8411761924892952,0.604478930115066,0.64,0.604478930115066,0.0007649895292151654,0.08118295458386696,0.8411761924892951,0.6044789301150659,0.0,0.0
6376,6,106,3,M,0,0.6221424622369437,0.8445237066022193,0.62,0.8445237066022193,0.0007435808971049535,0.08118295458386696,0.6221424622369437,0.8445237066022193,0.0,0.0
6377,6,106,3,M,1,0.8865984933537374,0.8826720583334609,0.9,0.8826720583334609,0.0004940581922104476,0.08118295458386696,0.8865984933537374,0.8826720583334609,0.0,0.0
6378,6,106,3,M,2,0.1677971281636724,0.16830000518616903,0.36,0.16830000518616903,0.0007614532063140028,0.08118295458386696,0.1677971281636724,0.16830000518616903,0.0,0.0
6379,6,106,3,M,3,0.8411761924892951,0.6044789301150659,0.64,0.6044789301150659,0.0007649895292151654,0.08118295458386696,0.8411761924892952,0.604478930115066,0.0,0.0
6380,6,107,3,M,0,0.6221424622369437,0.8445237066022193,0.62,0.8445237066022193,0.0007435808971049535,0.08118295458386696,0.6221424622369437,0.8445237066022193,0.0,0.0
6381,6,107,3,M,1,0.8865984933537374,0.8826720583334609,0.9,0.8826720583334609,0.0004940581922104476,0.08118295458386696,0.8865984933537372,0.8826720583334607,0.0,0.0
6382,6,107,3,M,2,0.1677971281636724,0.16830000518616903,0.36,0.16830000518616903,0.0007614532063140028,0.08118295458386696,0.1677971281636724,0.16830000518616903,0.0,0.0
6383,6,107,3,M,3,0.8411761924892952,0.604478930115066,0.64,0.604478930115066,0.0007649895292151654,0.08118295458386696,0.8411761924892952,0.604478930115066,0.0,0.0
6384,6,108,3,M,0,0.6221424622369437,0.8445237066022193,0.62,0.8445237066022193,0.0007435808971049535,0.08118295458386696,0.6221424622369437,0.8445237066022193,0.0,0.0
6385,6,108,3,M,1,0.8865984933537372,0.8826720583334607,0.9,0.8826720583334607,0.0004940581922104476,0.08118295458386696,0.8865984933537374,0.8826720583334609,0.0,0.0
6386,6,108,3,M,2,0.1677971281636724,0.16830000518616903,0.36,0.16830000518616903,0.0007614532063140028,0.08118295458386696,0.1677971281636724,0.16830000518616903,0.0,0.0
6387,6,108,3,M,3,0.8411761924892952,0.604478930115066,0.64,0.604478930115066,0.0007649895292151654,0.08118295458386696,0.8411761924892951,0.6044789301150659,0.0,0.0
6388,6,109,3,M,0,0.6221424622369437,0.8445237066022193,0.62,0.8445237066022193,0.0007435808971049535,0.08118295458386696,0.6221424622369437,0.8445237066022193,0.0,0.0
6389,6,109,3,M,1,0.8865984933537374,0.8826720583334609,0.9,0.8826720583334609,0.0004940581922104476,0.08118295458386696,0.8865984933537374,0.8826720583334609,0.0,0.0
6390,6,109,3,M,2,0.1677971281636724,0.16830000518616903,0.36,0.16830000518616903,0.0007614532063140028,0.08118295458386696,0.1677971281636724,0.16830000518616903,0.0,0.0
6391,6,109,3,M,3,0.8411761924892951,0.6044789301150659,0.64,0.6044789301150659,0.0007649895292151654,0.08118295458386696,0.8411761924892952,0.604478930115066,0.0,0.0
6392,6,110,3,M,0,0.6221424622369437,0.8445237066022193,0.62,0.8445237066022193,0.0007435808971049535,0.08118295458386696,0.6221424622369437,0.8445237066022193,0.0,0.0
6393,6,110,3,M,1,0.8865984933537374,0.8826720583334609,0.9,0.8826720583334609,0.0004940581922104476,0.08118295458386696,0.8865984933537372,0.8826720583334607,0.0,0.0
6394,6,110,3,M,2,0.1677971281636724,0.16830000518616903,0.36,0.16830000518616903,0.0007614532063140028,0.08118295458386696,0.1677971281636724,0.16830000518616903,0.0,0.0
6395,6,110,3,M,3,0.8411761924892952,0.604478930115066,0.64,0.604478930115066,0.0007649895292151654,0.08118295458386696,0.8411761924892952,0.604478930115066,0.0,0.0
6396,6,111,3,M,0,0.6221424622369437,0.8445237066022193,0.62,0.8445237066022193,0.0007435808971049535,0.08118295458386696,0.6221424622369437,0.8445237066022193,0.0,0.0
6397,6,111,3,M,1,0.8865984933537372,0.8826720583334607,0.9,0.8826720583334607,0.0004940581922104476,0.08118295458386696,0.8865984933537374,0.8826720583334609,0.0,0.0
6398,6,111,3,M,2,0.1677971281636724,0.16830000518616903,0.36,0.16830000518616903,0.0007614532063140028,0.08118295458386696,0.1677971281636724,0.16830000518616903,0.0,0.0
6399,6,111,3,M,3,0.8411761924892952,0.604478930115066,0.64,0.604478930115066,0.0007649895292151654,0.08118295458386696,0.8411761924892951,0.6044789301150659,0.0,0.0
6400,6,112,3,M,0,0.6221424622369437,0.8445237066022193,0.62,0.8445237066022193,0.0007435808971049535,0.08118295458386696,0.6221424622369437,0.8445237066022193,0.0,0.0
6401,6,112,3,M,1,0.8865984933537374,0.8826720583334609,0.9,0.8826720583334609,0.0004940581922104476,0.08118295458386696,0.8865984933537374,0.8826720583334609,0.0,0.0
6402,6,112,3,M,2,0.1677971281636724,0.16830000518616903,0.36,0.16830000518616903,0.0007614532063140028,0.08118295458386696,0.1677971281636724,0.16830000518616903,0.0,0.0
6403,6,112,3,M,3,0.8411761924892951,0.6044789301150659,0.64,0.6044789301150659,0.0007649895292151654,0.08118295458386696,0.8411761924892952,0.604478930115066,0.0,0.0
6404,6,113,3,M,0,0.6221424622369437,0.8445237066022193,0.62,0.8445237066022193,0.0007435808971049535,0.08118295458386696,0.6221424622369437,0.8445237066022193,0.0,0.0
6405,6,113,3,M,1,0.8865984933537374,0.8826720583334609,0.9,0.8826720583334609,0.0004940581922104476,0.08118295458386696,0.8865984933537372,0.8826720583334607,0.0,0.0
6406,6,113,3,M,2,0.1677971281636724,0.16830000518616903,0.36,0.16830000518616903,0.0007614532063140028,0.08118295458386696,0.1677971281636724,0.16830000518616903,0.0,0.0
6407,6,113,3,M,3,0.8411761924892952,0.604478930115066,0.64,0.604478930115066,0.0007649895292151654,0.08118295458386696,0.8411761924892952,0.604478930115066,0.0,0.0
6408,6,114,3,M,0,0.6221424622369437,0.8445237066022193,0.62,0.8445237066022193,0.0007435808971049535,0.08118295458386696,0.6221424622369437,0.8445237066022193,0.0,0.0
6409,6,114,3,M,1,0.8865984933537372,0.8826720583334607,0.9,0.8826720583334607,0.0004940581922104476,0.08118295458386696,0.8865984933537374,0.8826720583334609,0.0,0.0
6410,6,114,3,M,2,0.1677971281636724,0.16830000518616903,0.36,0.16830000518616903,0.0007614532063140028,0.08118295458386696,0.1677971281636724,0.16830000518616903,0.0,0.0
6411,6,114,3,M,3,0.8411761924892952,0.604478930115066,0.64,0.604478930115066,0.0007649895292151654,0.08118295458386696,0.8411761924892951,0.6044789301150659,0.0,0.0
6412,6,115,3,M,0,0.6221424622369437,0.8445237066022193,0.62,0.8445237066022193,0.0007435808971049535,0.08118295458386696,0.6221424622369437,0.8445237066022193,0.0,0.0
6413,6,115,3,M,1,0.8865984933537374,0.8826720583334609,0.9,0.8826720583334609,0.0004940581922104476,0.08118295458386696,0.8865984933537374,0.8826720583334609,0.0,0.0
6414,6,115,3,M,2,0.1677971281636724,0.16830000518616903,0.36,0.16830000518616903,0.0007614532063140028,0.08118295458386696,0.1677971281636724,0.16830000518616903,0.0,0.0
6415,6,115,3,M,3,0.8411761924892951,0.6044789301150659,0.64,0.6044789301150659,0.0007649895292151654,0.08118295458386696,0.8411761924892952,0.604478930115066,0.0,0.0
6416,6,116,3,M,0,0.6221424622369437,0.8445237066022193,0.62,0.8445237066022193,0.0007435808971049535,0.08118295458386696,0.6221424622369437,0.8445237066022193,0.0,0.0
6417,6,116,3,M,1,0.8865984933537374,0.8826720583334609,0.9,0.8826720583334609,0.0004940581922104476,0.08118295458386696,0.8865984933537372,0.8826720583334607,0.0,0.0
6418,6,116,3,M,2,0.1677971281636724,0.16830000518616903,0.36,0.16830000518616903,0.0007614532063140028,0.08118295458386696,0.1677971281636724,0.16830000518616903,0.0,0.0
6419,6,116,3,M,3,0.8411761924892952,0.604478930115066,0.64,0.604478930115066,0.0007649895292151654,0.08118295458386696,0.8411761924892952,0.604478930115066,0.0,0.0
6420,6,117,3,M,0,0.6221424622369437,0.8445237066022193,0.62,0.8445237066022193,0.0007435808971049535,0.08118295458386696,0.6221424622369437,0.8445237066022193,0.0,0.0
6421,6,117,3,M,1,0.8865984933537372,0.8826720583334607,0.9,0.8826720583334607,0.0004940581922104476,0.08118295458386696,0.8865984933537374,0.8826720583334609,0.0,0.0
6422,6,117,3,M,2,0.1677971281636724,0.16830000518616903,0.36,0.16830000518616903,0.0007614532063140028,0.08118295458386696,0.1677971281636724,0.16830000518616903,0.0,0.0
6423,6,117,3,M,3,0.8411761924892952,0.604478930115066,0.64,0.604478930115066,0.0007649895292151654,0.08118295458386696,0.8411761924892951,0.6044789301150659,0.0,0.0
6424,6,118,3,M,0,0.6221424622369437,0.8445237066022193,0.62,0.8445237066022193,0.0007435808971049535,0.08118295458386696,0.6221424622369437,0.8445237066022193,0.0,0.0
6425,6,118,3,M,1,0.8865984933537374,0.8826720583334609,0.9,0.8826720583334609,0.0004940581922104476,0.08118295458386696,0.8865984933537374,0.8826720583334609,0.0,0.0
6426,6,118,3,M,2,0.1677971281636724,0.16830000518616903,0.36,0.16830000518616903,0.0007614532063140028,0.08118295458386696,0.1677971281636724,0.16830000518616903,0.0,0.0
6427,6,118,3,M,3,0.8411761924892951,0.6044789301150659,0.64,0.6044789301150659,0.0007649895292151654,0.08118295458386696,0.8411761924892952,0.604478930115066,0.0,0.0
6428,6,119,3,M,0,0.6221424622369437,0.8445237066022193,0.62,0.8445237066022193,0.0007435808971049535,0.08118295458386696,0.6221424622369437,0.8445237066022193,0.0,0.0
6429,6,119,3,M,1,0.8865984933537374,0.8826720583334609,0.9,0.8826720583334609,0.0004940581922104476,0.08118295458386696,0.8865984933537372,0.8826720583334607,0.0,0.0
6430,6,119,3,M,2,0.1677971281636724,0.16830000518616903,0.36,0.16830000518616903,0.0007614532063140028,0.08118295458386696,0.1677971281636724,0.16830000518616903,0.0,0.0
6431,6,119,3,M,3,0.8411761924892952,0.604478930115066,0.64,0.604478930115066,0.0007649895292151654,0.08118295458386696,0.8411761924892952,0.604478930115066,0.0,0.0
6432,6,120,4,M,0,0.6221424622369437,0.8445237066022193,0.62,0.8445237066022193,0.0007435808971049535,0.08118295458386696,0.6221424622369437,0.8445237066022193,0.0,0.0
6433,6,120,4,M,1,0.8865984933537372,0.8826720583334607,0.9,0.8826720583334607,0.0004940581922104476,0.08118295458386696,0.8865984933537374,0.8826720583334609,0.0,0.0
6434,6,120,4,M,2,0.1677971281636724,0.16830000518616903,0.36,0.16830000518616903,0.0007614532063140028,0.08118295458386696,0.1677971281636724,0.16830000518616903,0.0,0.0
6435,6,120,4,M,3,0.8411761924892952,0.604478930115066,0.64,0.604478930115066,0.0007649895292151654,0.08118295458386696,0.8411761924892951,0.6044789301150659,0.0,0.0
6436,6,121,4,M,0,0.1,1.0,0.62,1.0,0.0006915362845235501,0.08118295458386696,0.622015093141789,0.8448036186980197,1.0,1.0
6437,6,121,4,M,1,0.9,1.0,1.0,1.0,0.0002970309038457519,0.08118295458386696,0.8866184493219761,0.8826012781820294,1.0,1.0
6438,6,121,4,M,2,0.1,0.0,0.36,0.0,0.000710989867525727,0.08118295458386696,0.16758973018779913,0.168264549589645,1.0,1.0
6439,6,121,4,M,3,0.9,0.0,0.64,0.0,0.000713507315669798,0.08118295458386696,0.8404380957531398,0.6034523972005453,1.0,1.0
6440,6,122,4,M,0,0.36,0.64,0.0,0.64,0.0003242949400088929,0.08118295458386696,0.6277286464507533,0.8465954672971643,1.0,1.0
6441,6,122,4,M,1,0.8866184493219761,0.8826012781820294,1.0,0.8826012781820294,0.00028210928641288213,0.08118295458386696,0.8867927728565739,0.8826685572748746,0.0,0.0
6442,6,122,4,M,2,0.16758973018779913,0.168264549589645,0.36,0.168264549589645,0.0005640774753766786,0.08118295458386696,0.16730360700012156,0.1679914161224416,0.0,0.0
6443,6,122,4,M,3,0.62,0.62,0.64,0.62,0.0006147618993722764,0.08118295458386696,0.8377677917145715,0.6044988173884546,1.0,1.0
6444,6,123,4,M,0,0.6277286464507533,0.8465954672971643,0.0,0.8465954672971643,0.00031510081957022984,0.08118295458386696,0.6308133786885554,0.8479238856808071,0.0,0.0
6445,6,123,4,M,1,0.8867927728565739,0.8826685572748746,1.0,0.8826685572748746,0.00026341393706830196,0.08118295458386696,0.8883401539400885,0.8820471605147694,0.0,0.0
6446,6,123,4,M,2,0.16730360700012156,0.1679914161224416,0.34,0.1679914161224416,0.0002815684999491752,0.08118295458386696,0.16791204118703956,0.1688797516932204,0.0,0.0
6447,6,123,4,M,3,0.64,0.38,1.0,0.38,0.00025334977477253773,0.08118295458386696,0.8410249291801318,0.6087772542174246,1.0,1.0
6448,6,124,4,M,0,0.6308133786885554,0.8479238856808071,0.0,0.8479238856808071,0.00031510081957022984,0.08118295458386696,0.6335524747598733,0.8495748678003494,0.0,0.0
6449,6,124,4,M,1,0.8883401539400885,0.8820471605147694,1.0,0.8820471605147694,0.00026341393706830196,0.08118295458386696,0.8895682121079059,0.8826958350154611,0.0,0.0
6450,6,124,4,M,2,0.16791204118703956,0.1688797516932204,0.34,0.1688797516932204,0.0002815684999491752,0.08118295458386696,0.16808716747673097,0.1689892111146455,0.0,0.0
6451,6,124,4,M,3,0.8410249291801318,0.6087772542174246,1.0,0.6087772542174246,0.00025334977477253773,0.08118295458386696,0.8422742250420614,0.6119151150701361,0.0,0.0
6452,6,125,4,M,0,0.6335524747598733,0.8495748678003494,0.0,0.8495748678003494,0.00031510081957022984,0.08118295458386696,0.6337811406712175,0.8496439718772156,0.0,0.0
6453,6,125,4,M,1,0.8895682121079059,0.8826958350154611,1.0,0.8826958350154611,0.00026341393706830196,0.08118295458386696,0.8895210448728846,0.8833410329485872,0.0,0.0
6454,6,125,4,M,2,0.16808716747673097,0.1689892111146455,0.34,0.1689892111146455,0.0002815684999491752,0.08118295458386696,0.16812927572312117,0.16903479308749264,0.0,0.0
6455,6,125,4,M,3,0.8422742250420614,0.6119151150701361,1.0,0.6119151150701361,0.00025334977477253773,0.08118295458386696,0.8430172809996236,0.6137000565210047,0.0,0.0
6456,6,126,4,M,0,0.6337811406712175,0.8496439718772156,0.0,0.8496439718772156,0.00031510081957022984,0.08118295458386696,0.6337811406712175,0.8496439718772156,0.0,0.0
6457,6,126,4,M,1,0.8895210448728846,0.8833410329485872,1.0,0.8833410329485872,0.00026341393706830196,0.08118295458386696,0.8895210448728846,0.8833410329485872,0.0,0.0
6458,6,126,4,M,2,0.16812927572312117,0.16903479308749264,0.34,0.16903479308749264,0.0002815684999491752,0.08118295458386696,0.1681450057868756,0.16905047434934714,0.0,0.0
6459,6,126,4,M,3,0.8430172809996236,0.6137000565210047,1.0,0.6137000565210047,0.00025334977477253773,0.08118295458386696,0.8431132292729179,0.6137385593660719,0.0,0.0
6460,6,127,4,M,0,0.6337811406712175,0.8496439718772156,0.0,0.8496439718772156,0.00031510081957022984,0.08118295458386696,0.6337811406712175,0.8496439718772156,0.0,0.0
6461,6,127,4,M,1,0.8895210448728846,0.8833410329485872,1.0,0.8833410329485872,0.00026341393706830196,0.08118295458386696,0.8895210448728844,0.8833410329485872,0.0,0.0
6462,6,127,4,M,2,0.1681450057868756,0.16905047434934714,0.34,0.16905047434934714,0.0002815684999491752,0.08118295458386696,0.1681450057868756,0.16905047434934714,0.0,0.0
6463,6,127,4,M,3,0.8431132292729179,0.6137385593660719,1.0,0.6137385593660719,0.00025334977477253773,0.08118295458386696,0.8431132292729177,0.6137385593660719,0.0,0.0
6464,6,128,4,M,0,0.6337811406712175,0.8496439718772156,0.0,0.8496439718772156,0.00031510081957022984,0.08118295458386696,0.6337811406712175,0.8496439718772156,0.0,0.0
6465,6,128,4,M,1,0.8895210448728844,0.8833410329485872,1.0,0.8833410329485872,0.00026341393706830196,0.08118295458386696,0.8895210448728844,0.8833410329485872,0.0,0.0
6466,6,128,4,M,2,0.1681450057868756,0.16905047434934714,0.34,0.16905047434934714,0.0002815684999491752,0.08118295458386696,0.16814500578687558,0.16905047434934714,0.0,0.0
6467,6,128,4,M,3,0.8431132292729177,0.6137385593660719,1.0,0.6137385593660719,0.00025334977477253773,0.08118295458386696,0.8431132292729177,0.6137385593660718,0.0,0.0
6468,6,129,4,M,0,0.6337811406712175,0.8496439718772156,0.0,0.8496439718772156,0.00031510081957022984,0.08118295458386696,0.6337811406712175,0.8496439718772156,0.0,0.0
6469,6,129,4,M,1,0.8895210448728844,0.8833410329485872,1.0,0.8833410329485872,0.00026341393706830196,0.08118295458386696,0.8895210448728846,0.8833410329485872,0.0,0.0
6470,6,129,4,M,2,0.16814500578687558,0.16905047434934714,0.34,0.16905047434934714,0.0002815684999491752,0.08118295458386696,0.1681450057868756,0.16905047434934717,0.0,0.0
6471,6,129,4,M,3,0.8431132292729177,0.6137385593660718,1.0,0.6137385593660718,0.00025334977477253773,0.08118295458386696,0.8431132292729178,0.6137385593660718,0.0,0.0
6472,6,130,4,M,0,0.6337811406712175,0.8496439718772156,0.0,0.8496439718772156,0.00031510081957022984,0.08118295458386696,0.6337811406712175,0.8496439718772156,0.0,0.0
6473,6,130,4,M,1,0.8895210448728846,0.8833410329485872,1.0,0.8833410329485872,0.00026341393706830196,0.08118295458386696,0.8895210448728844,0.8833410329485872,0.0,0.0
6474,6,130,4,M,2,0.1681450057868756,0.16905047434934717,0.34,0.16905047434934717,0.0002815684999491752,0.08118295458386696,0.16814500578687558,0.16905047434934714,0.0,0.0
6475,6,130,4,M,3,0.8431132292729178,0.6137385593660718,1.0,0.6137385593660718,0.00025334977477253773,0.08118295458386696,0.8431132292729178,0.6137385593660718,0.0,0.0
6476,6,131,4,M,0,0.6337811406712175,0.8496439718772156,0.0,0.8496439718772156,0.00031510081957022984,0.08118295458386696,0.6337811406712174,0.8496439718772156,0.0,0.0
6477,6,131,4,M,1,0.8895210448728844,0.8833410329485872,1.0,0.8833410329485872,0.00026341393706830196,0.08118295458386696,0.8895210448728846,0.8833410329485872,0.0,0.0
6478,6,131,4,M,2,0.16814500578687558,0.16905047434934714,0.34,0.16905047434934714,0.0002815684999491752,0.08118295458386696,0.16814500578687558,0.16905047434934714,0.0,0.0
6479,6,131,4,M,3,0.8431132292729178,0.6137385593660718,1.0,0.6137385593660718,0.00025334977477253773,0.08118295458386696,0.8431132292729178,0.6137385593660719,0.0,0.0
6480,6,132,4,M,0,0.6337811406712174,0.8496439718772156,0.0,0.8496439718772156,0.00031510081957022984,0.08118295458386696,0.6337811406712175,0.8496439718772156,0.0,0.0
6481,6,132,4,M,1,0.8895210448728846,0.8833410329485872,1.0,0.8833410329485872,0.00026341393706830196,0.08118295458386696,0.8895210448728844,0.8833410329485872,0.0,0.0
6482,6,132,4,M,2,0.16814500578687558,0.16905047434934714,0.34,0.16905047434934714,0.0002815684999491752,0.08118295458386696,0.1681450057868756,0.16905047434934714,0.0,0.0
6483,6,132,4,M,3,0.8431132292729178,0.6137385593660719,1.0,0.6137385593660719,0.00025334977477253773,0.08118295458386696,0.8431132292729178,0.6137385593660719,0.0,0.0
6484,6,133,4,M,0,0.6337811406712175,0.8496439718772156,0.0,0.8496439718772156,0.00031510081957022984,0.08118295458386696,0.6337811406712175,0.8496439718772156,0.0,0.0
6485,6,133,4,M,1,0.8895210448728844,0.8833410329485872,1.0,0.8833410329485872,0.00026341393706830196,0.08118295458386696,0.8895210448728844,0.8833410329485872,0.0,0.0
6486,6,133,4,M,2,0.1681450057868756,0.16905047434934714,0.34,0.16905047434934714,0.0002815684999491752,0.08118295458386696,0.1681450057868756,0.16905047434934714,0.0,0.0
6487,6,133,4,M,3,0.8431132292729178,0.6137385593660719,1.0,0.6137385593660719,0.00025334977477253773,0.08118295458386696,0.8431132292729178,0.6137385593660718,0.0,0.0
6488,6,134,4,M,0,0.6337811406712175,0.8496439718772156,0.0,0.8496439718772156,0.00031510081957022984,0.08118295458386696,0.6337811406712174,0.8496439718772156,0.0,0.0
6489,6,134,4,M,1,0.8895210448728844,0.8833410329485872,1.0,0.8833410329485872,0.00026341393706830196,0.08118295458386696,0.8895210448728846,0.8833410329485872,0.0,0.0
6490,6,134,4,M,2,0.1681450057868756,0.16905047434934714,0.34,0.16905047434934714,0.0002815684999491752,0.08118295458386696,0.16814500578687558,0.16905047434934714,0.0,0.0
6491,6,134,4,M,3,0.8431132292729178,0.6137385593660718,1.0,0.6137385593660718,0.00025334977477253773,0.08118295458386696,0.8431132292729178,0.6137385593660719,0.0,0.0
6492,6,135,4,M,0,0.6337811406712174,0.8496439718772156,0.0,0.8496439718772156,0.00031510081957022984,0.08118295458386696,0.6337811406712175,0.8496439718772156,0.0,0.0
6493,6,135,4,M,1,0.8895210448728846,0.8833410329485872,1.0,0.8833410329485872,0.00026341393706830196,0.08118295458386696,0.8895210448728844,0.8833410329485872,0.0,0.0
6494,6,135,4,M,2,0.16814500578687558,0.16905047434934714,0.34,0.16905047434934714,0.0002815684999491752,0.08118295458386696,0.1681450057868756,0.16905047434934714,0.0,0.0
6495,6,135,4,M,3,0.8431132292729178,0.6137385593660719,1.0,0.6137385593660719,0.00025334977477253773,0.08118295458386696,0.8431132292729178,0.6137385593660719,0.0,0.0
6496,6,136,4,M,0,0.6337811406712175,0.8496439718772156,0.0,0.8496439718772156,0.00031510081957022984,0.08118295458386696,0.6337811406712175,0.8496439718772156,0.0,0.0
6497,6,136,4,M,1,0.8895210448728844,0.8833410329485872,1.0,0.8833410329485872,0.00026341393706830196,0.08118295458386696,0.8895210448728844,0.8833410329485872,0.0,0.0
6498,6,136,4,M,2,0.1681450057868756,0.16905047434934714,0.34,0.16905047434934714,0.0002815684999491752,0.08118295458386696,0.1681450057868756,0.16905047434934714,0.0,0.0
6499,6,136,4,M,3,0.8431132292729178,0.6137385593660719,1.0,0.6137385593660719,0.00025334977477253773,0.08118295458386696,0.8431132292729178,0.6137385593660718,0.0,0.0
6500,6,137,4,M,0,0.6337811406712175,0.8496439718772156,0.0,0.8496439718772156,0.00031510081957022984,0.08118295458386696,0.6337811406712174,0.8496439718772156,0.0,0.0
6501,6,137,4,M,1,0.8895210448728844,0.8833410329485872,1.0,0.8833410329485872,0.00026341393706830196,0.08118295458386696,0.8895210448728846,0.8833410329485872,0.0,0.0
6502,6,137,4,M,2,0.1681450057868756,0.16905047434934714,0.34,0.16905047434934714,0.0002815684999491752,0.08118295458386696,0.16814500578687558,0.16905047434934714,0.0,0.0
6503,6,137,4,M,3,0.8431132292729178,0.6137385593660718,1.0,0.6137385593660718,0.00025334977477253773,0.08118295458386696,0.8431132292729178,0.6137385593660719,0.0,0.0
6504,6,138,4,M,0,0.6337811406712174,0.8496439718772156,0.0,0.8496439718772156,0.00031510081957022984,0.08118295458386696,0.6337811406712175,0.8496439718772156,0.0,0.0
6505,6,138,4,M,1,0.8895210448728846,0.8833410329485872,1.0,0.8833410329485872,0.00026341393706830196,0.08118295458386696,0.8895210448728844,0.8833410329485872,0.0,0.0
6506,6,138,4,M,2,0.16814500578687558,0.16905047434934714,0.34,0.16905047434934714,0.0002815684999491752,0.08118295458386696,0.1681450057868756,0.16905047434934714,0.0,0.0
6507,6,138,4,M,3,0.8431132292729178,0.6137385593660719,1.0,0.6137385593660719,0.00025334977477253773,0.08118295458386696,0.8431132292729178,0.6137385593660719,0.0,0.0
6508,6,139,4,M,0,0.6337811406712175,0.8496439718772156,0.0,0.8496439718772156,0.00031510081957022984,0.08118295458386696,0.6337811406712175,0.8496439718772156,0.0,0.0
6509,6,139,4,M,1,0.8895210448728844,0.8833410329485872,1.0,0.8833410329485872,0.00026341393706830196,0.08118295458386696,0.8895210448728844,0.8833410329485872,0.0,0.0
6510,6,139,4,M,2,0.1681450057868756,0.16905047434934714,0.34,0.16905047434934714,0.0002815684999491752,0.08118295458386696,0.1681450057868756,0.16905047434934714,0.0,0.0
6511,6,139,4,M,3,0.8431132292729178,0.6137385593660719,1.0,0.6137385593660719,0.00025334977477253773,0.08118295458386696,0.8431132292729178,0.6137385593660718,0.0,0.0
6512,6,140,4,M,0,0.6337811406712175,0.8496439718772156,0.0,0.8496439718772156,0.00031510081957022984,0.08118295458386696,0.6337811406712174,0.8496439718772156,0.0,0.0
6513,6,140,4,M,1,0.8895210448728844,0.8833410329485872,1.0,0.8833410329485872,0.00026341393706830196,0.08118295458386696,0.8895210448728846,0.8833410329485872,0.0,0.0
6514,6,140,4,M,2,0.1681450057868756,0.16905047434934714,0.34,0.16905047434934714,0.0002815684999491752,0.08118295458386696,0.16814500578687558,0.16905047434934714,0.0,0.0
6515,6,140,4,M,3,0.8431132292729178,0.6137385593660718,1.0,0.6137385593660718,0.00025334977477253773,0.08118295458386696,0.8431132292729178,0.6137385593660719,0.0,0.0
6516,6,141,4,M,0,0.6337811406712174,0.8496439718772156,0.0,0.8496439718772156,0.00031510081957022984,0.08118295458386696,0.6337811406712175,0.8496439718772156,0.0,0.0
6517,6,141,4,M,1,0.8895210448728846,0.8833410329485872,1.0,0.8833410329485872,0.00026341393706830196,0.08118295458386696,0.8895210448728844,0.8833410329485872,0.0,0.0
6518,6,141,4,M,2,0.16814500578687558,0.16905047434934714,0.34,0.16905047434934714,0.0002815684999491752,0.08118295458386696,0.1681450057868756,0.16905047434934714,0.0,0.0
6519,6,141,4,M,3,0.8431132292729178,0.6137385593660719,1.0,0.6137385593660719,0.00025334977477253773,0.08118295458386696,0.8431132292729178,0.6137385593660719,0.0,0.0
6520,6,142,4,M,0,0.6337811406712175,0.8496439718772156,0.0,0.8496439718772156,0.00031510081957022984,0.08118295458386696,0.6337811406712175,0.8496439718772156,0.0,0.0
6521,6,142,4,M,1,0.8895210448728844,0.8833410329485872,1.0,0.8833410329485872,0.00026341393706830196,0.08118295458386696,0.8895210448728844,0.8833410329485872,0.0,0.0
6522,6,142,4,M,2,0.1681450057868756,0.16905047434934714,0.34,0.16905047434934714,0.0002815684999491752,0.08118295458386696,0.1681450057868756,0.16905047434934714,0.0,0.0
6523,6,142,4,M,3,0.8431132292729178,0.6137385593660719,1.0,0.6137385593660719,0.00025334977477253773,0.08118295458386696,0.8431132292729178,0.6137385593660718,0.0,0.0
6524,6,143,4,M,0,0.6337811406712175,0.8496439718772156,0.0,0.8496439718772156,0.00031510081957022984,0.08118295458386696,0.6337811406712174,0.8496439718772156,0.0,0.0
6525,6,143,4,M,1,0.8895210448728844,0.8833410329485872,1.0,0.8833410329485872,0.00026341393706830196,0.08118295458386696,0.8895210448728846,0.8833410329485872,0.0,0.0
6526,6,143,4,M,2,0.1681450057868756,0.16905047434934714,0.34,0.16905047434934714,0.0002815684999491752,0.08118295458386696,0.16814500578687558,0.16905047434934714,0.0,0.0
6527,6,143,4,M,3,0.8431132292729178,0.6137385593660718,1.0,0.6137385593660718,0.00025334977477253773,0.08118295458386696,0.8431132292729178,0.6137385593660719,0.0,0.0
6528,6,144,4,M,0,0.6337811406712174,0.8496439718772156,0.0,0.8496439718772156,0.00031510081957022984,0.08118295458386696,0.6337811406712175,0.8496439718772156,0.0,0.0
6529,6,144,4,M,1,0.8895210448728846,0.8833410329485872,1.0,0.8833410329485872,0.00026341393706830196,0.08118295458386696,0.8895210448728844,0.8833410329485872,0.0,0.0
6530,6,144,4,M,2,0.16814500578687558,0.16905047434934714,0.34,0.16905047434934714,0.0002815684999491752,0.08118295458386696,0.1681450057868756,0.16905047434934714,0.0,0.0
6531,6,144,4,M,3,0.8431132292729178,0.6137385593660719,1.0,0.6137385593660719,0.00025334977477253773,0.08118295458386696,0.8431132292729178,0.6137385593660719,0.0,0.0
6532,6,145,4,M,0,0.6337811406712175,0.8496439718772156,0.0,0.8496439718772156,0.00031510081957022984,0.08118295458386696,0.6337811406712175,0.8496439718772156,0.0,0.0
6533,6,145,4,M,1,0.8895210448728844,0.8833410329485872,1.0,0.8833410329485872,0.00026341393706830196,0.08118295458386696,0.8895210448728844,0.8833410329485872,0.0,0.0
6534,6,145,4,M,2,0.1681450057868756,0.16905047434934714,0.34,0.16905047434934714,0.0002815684999491752,0.08118295458386696,0.1681450057868756,0.16905047434934714,0.0,0.0
6535,6,145,4,M,3,0.8431132292729178,0.6137385593660719,1.0,0.6137385593660719,0.00025334977477253773,0.08118295458386696,0.8431132292729178,0.6137385593660718,0.0,0.0
6536,6,146,4,M,0,0.6337811406712175,0.8496439718772156,0.0,0.8496439718772156,0.00031510081957022984,0.08118295458386696,0.6337811406712174,0.8496439718772156,0.0,0.0
6537,6,146,4,M,1,0.8895210448728844,0.8833410329485872,1.0,0.8833410329485872,0.00026341393706830196,0.08118295458386696,0.8895210448728846,0.8833410329485872,0.0,0.0
6538,6,146,4,M,2,0.1681450057868756,0.16905047434934714,0.34,0.16905047434934714,0.0002815684999491752,0.08118295458386696,0.16814500578687558,0.16905047434934714,0.0,0.0
6539,6,146,4,M,3,0.8431132292729178,0.6137385593660718,1.0,0.6137385593660718,0.00025334977477253773,0.08118295458386696,0.8431132292729178,0.6137385593660719,0.0,0.0
6540,6,147,4,M,0,0.6337811406712174,0.8496439718772156,0.0,0.8496439718772156,0.00031510081957022984,0.08118295458386696,0.6337811406712175,0.8496439718772156,0.0,0.0
6541,6,147,4,M,1,0.8895210448728846,0.8833410329485872,1.0,0.8833410329485872,0.00026341393706830196,0.08118295458386696,0.8895210448728844,0.8833410329485872,0.0,0.0
6542,6,147,4,M,2,0.16814500578687558,0.16905047434934714,0.34,0.16905047434934714,0.0002815684999491752,0.08118295458386696,0.1681450057868756,0.16905047434934714,0.0,0.0
6543,6,147,4,M,3,0.8431132292729178,0.6137385593660719,1.0,0.6137385593660719,0.00025334977477253773,0.08118295458386696,0.8431132292729178,0.6137385593660719,0.0,0.0
6544,6,148,4,M,0,0.6337811406712175,0.8496439718772156,0.0,0.8496439718772156,0.00031510081957022984,0.08118295458386696,0.6337811406712175,0.8496439718772156,0.0,0.0
6545,6,148,4,M,1,0.8895210448728844,0.8833410329485872,1.0,0.8833410329485872,0.00026341393706830196,0.08118295458386696,0.8895210448728844,0.8833410329485872,0.0,0.0
6546,6,148,4,M,2,0.1681450057868756,0.16905047434934714,0.34,0.16905047434934714,0.0002815684999491752,0.08118295458386696,0.1681450057868756,0.16905047434934714,0.0,0.0
6547,6,148,4,M,3,0.8431132292729178,0.6137385593660719,1.0,0.6137385593660719,0.00025334977477253773,0.08118295458386696,0.8431132292729178,0.6137385593660718,0.0,0.0
6548,6,149,4,M,0,0.6337811406712175,0.8496439718772156,0.0,0.8496439718772156,0.00031510081957022984,0.08118295458386696,0.6337811406712174,0.8496439718772156,0.0,0.0
6549,6,149,4,M,1,0.8895210448728844,0.8833410329485872,1.0,0.8833410329485872,0.00026341393706830196,0.08118295458386696,0.8895210448728846,0.8833410329485872,0.0,0.0
6550,6,149,4,M,2,0.1681450057868756,0.16905047434934714,0.34,0.16905047434934714,0.0002815684999491752,0.08118295458386696,0.16814500578687558,0.16905047434934714,0.0,0.0
6551,6,149,4,M,3,0.8431132292729178,0.6137385593660718,1.0,0.6137385593660718,0.00025334977477253773,0.08118295458386696,0.8431132292729178,0.6137385593660719,0.0,0.0
6552,6,150,4,M,0,0.6337811406712174,0.8496439718772156,0.0,0.8496439718772156,0.00031510081957022984,0.08118295458386696,0.6337811406712175,0.8496439718772156,0.0,0.0
6553,6,150,4,M,1,0.8895210448728846,0.8833410329485872,1.0,0.8833410329485872,0.00026341393706830196,0.08118295458386696,0.8895210448728844,0.8833410329485872,0.0,0.0
6554,6,150,4,M,2,0.16814500578687558,0.16905047434934714,0.34,0.16905047434934714,0.0002815684999491752,0.08118295458386696,0.1681450057868756,0.16905047434934714,0.0,0.0
6555,6,150,4,M,3,0.8431132292729178,0.6137385593660719,1.0,0.6137385593660719,0.00025334977477253773,0.08118295458386696,0.8431132292729178,0.6137385593660719,0.0,0.0
6556,6,151,4,M,0,0.6337811406712175,0.8496439718772156,0.0,0.8496439718772156,0.00031510081957022984,0.08118295458386696,0.6337811406712175,0.8496439718772156,0.0,0.0
6557,6,151,4,M,1,0.8895210448728844,0.8833410329485872,1.0,0.8833410329485872,0.00026341393706830196,0.08118295458386696,0.8895210448728844,0.8833410329485872,0.0,0.0
6558,6,151,4,M,2,0.1681450057868756,0.16905047434934714,0.34,0.16905047434934714,0.0002815684999491752,0.08118295458386696,0.1681450057868756,0.16905047434934714,0.0,0.0
6559,6,151,4,M,3,0.8431132292729178,0.6137385593660719,1.0,0.6137385593660719,0.00025334977477253773,0.08118295458386696,0.8431132292729178,0.6137385593660718,0.0,0.0
6560,6,152,4,M,0,0.6337811406712175,0.8496439718772156,0.0,0.8496439718772156,0.00031510081957022984,0.08118295458386696,0.6337811406712174,0.8496439718772156,0.0,0.0
6561,6,152,4,M,1,0.8895210448728844,0.8833410329485872,1.0,0.8833410329485872,0.00026341393706830196,0.08118295458386696,0.8895210448728846,0.8833410329485872,0.0,0.0
6562,6,152,4,M,2,0.1681450057868756,0.16905047434934714,0.34,0.16905047434934714,0.0002815684999491752,0.08118295458386696,0.16814500578687558,0.16905047434934714,0.0,0.0
6563,6,152,4,M,3,0.8431132292729178,0.6137385593660718,1.0,0.6137385593660718,0.00025334977477253773,0.08118295458386696,0.8431132292729178,0.6137385593660719,0.0,0.0
6564,6,153,4,M,0,0.6337811406712174,0.8496439718772156,0.0,0.8496439718772156,0.00031510081957022984,0.08118295458386696,0.6337811406712175,0.8496439718772156,0.0,0.0
6565,6,153,4,M,1,0.8895210448728846,0.8833410329485872,1.0,0.8833410329485872,0.00026341393706830196,0.08118295458386696,0.8895210448728844,0.8833410329485872,0.0,0.0
6566,6,153,4,M,2,0.16814500578687558,0.16905047434934714,0.34,0.16905047434934714,0.0002815684999491752,0.08118295458386696,0.1681450057868756,0.16905047434934714,0.0,0.0
6567,6,153,4,M,3,0.8431132292729178,0.6137385593660719,1.0,0.6137385593660719,0.00025334977477253773,0.08118295458386696,0.8431132292729178,0.6137385593660719,0.0,0.0
6568,6,154,4,M,0,0.6337811406712175,0.8496439718772156,0.0,0.8496439718772156,0.00031510081957022984,0.08118295458386696,0.6337811406712175,0.8496439718772156,0.0,0.0
6569,6,154,4,M,1,0.8895210448728844,0.8833410329485872,1.0,0.8833410329485872,0.00026341393706830196,0.08118295458386696,0.8895210448728844,0.8833410329485872,0.0,0.0
6570,6,154,4,M,2,0.1681450057868756,0.16905047434934714,0.34,0.16905047434934714,0.0002815684999491752,0.08118295458386696,0.1681450057868756,0.16905047434934714,0.0,0.0
6571,6,154,4,M,3,0.8431132292729178,0.6137385593660719,1.0,0.6137385593660719,0.00025334977477253773,0.08118295458386696,0.8431132292729178,0.6137385593660718,0.0,0.0
6572,6,155,4,M,0,0.6337811406712175,0.8496439718772156,0.0,0.8496439718772156,0.00031510081957022984,0.08118295458386696,0.6337811406712174,0.8496439718772156,0.0,0.0
6573,6,155,4,M,1,0.8895210448728844,0.8833410329485872,1.0,0.8833410329485872,0.00026341393706830196,0.08118295458386696,0.8895210448728846,0.8833410329485872,0.0,0.0
6574,6,155,4,M,2,0.1681450057868756,0.16905047434934714,0.34,0.16905047434934714,0.0002815684999491752,0.08118295458386696,0.16814500578687558,0.16905047434934714,0.0,0.0
6575,6,155,4,M,3,0.8431132292729178,0.6137385593660718,1.0,0.6137385593660718,0.00025334977477253773,0.08118295458386696,0.8431132292729178,0.6137385593660719,0.0,0.0
6576,6,156,4,M,0,0.6337811406712174,0.8496439718772156,0.0,0.8496439718772156,0.00031510081957022984,0.08118295458386696,0.6337811406712175,0.8496439718772156,0.0,0.0
6577,6,156,4,M,1,0.8895210448728846,0.8833410329485872,1.0,0.8833410329485872,0.00026341393706830196,0.08118295458386696,0.8895210448728844,0.8833410329485872,0.0,0.0
6578,6,156,4,M,2,0.16814500578687558,0.16905047434934714,0.34,0.16905047434934714,0.0002815684999491752,0.08118295458386696,0.1681450057868756,0.16905047434934714,0.0,0.0
6579,6,156,4,M,3,0.8431132292729178,0.6137385593660719,1.0,0.6137385593660719,0.00025334977477253773,0.08118295458386696,0.8431132292729178,0.6137385593660719,0.0,0.0
6580,6,157,4,M,0,0.6337811406712175,0.8496439718772156,0.0,0.8496439718772156,0.00031510081957022984,0.08118295458386696,0.6337811406712175,0.8496439718772156,0.0,0.0
6581,6,157,4,M,1,0.8895210448728844,0.8833410329485872,1.0,0.8833410329485872,0.00026341393706830196,0.08118295458386696,0.8895210448728844,0.8833410329485872,0.0,0.0
6582,6,157,4,M,2,0.1681450057868756,0.16905047434934714,0.34,0.16905047434934714,0.0002815684999491752,0.08118295458386696,0.1681450057868756,0.16905047434934714,0.0,0.0
6583,6,157,4,M,3,0.8431132292729178,0.6137385593660719,1.0,0.6137385593660719,0.00025334977477253773,0.08118295458386696,0.8431132292729178,0.6137385593660718,0.0,0.0
6584,6,158,4,M,0,0.6337811406712175,0.8496439718772156,0.0,0.8496439718772156,0.00031510081957022984,0.08118295458386696,0.6337811406712174,0.8496439718772156,0.0,0.0
6585,6,158,4,M,1,0.8895210448728844,0.8833410329485872,1.0,0.8833410329485872,0.00026341393706830196,0.08118295458386696,0.8895210448728846,0.8833410329485872,0.0,0.0
6586,6,158,4,M,2,0.1681450057868756,0.16905047434934714,0.34,0.16905047434934714,0.0002815684999491752,0.08118295458386696,0.16814500578687558,0.16905047434934714,0.0,0.0
6587,6,158,4,M,3,0.8431132292729178,0.6137385593660718,1.0,0.6137385593660718,0.00025334977477253773,0.08118295458386696,0.8431132292729178,0.6137385593660719,0.0,0.0
6588,6,159,4,M,0,0.6337811406712174,0.8496439718772156,0.0,0.8496439718772156,0.00031510081957022984,0.08118295458386696,0.6337811406712175,0.8496439718772156,0.0,0.0
6589,6,159,4,M,1,0.8895210448728846,0.8833410329485872,1.0,0.8833410329485872,0.00026341393706830196,0.08118295458386696,0.8895210448728844,0.8833410329485872,0.0,0.0
6590,6,159,4,M,2,0.16814500578687558,0.16905047434934714,0.34,0.16905047434934714,0.0002815684999491752,0.08118295458386696,0.1681450057868756,0.16905047434934714,0.0,0.0
6591,6,159,4,M,3,0.8431132292729178,0.6137385593660719,1.0,0.6137385593660719,0.00025334977477253773,0.08118295458386696,0.8431132292729178,0.6137385593660719,0.0,0.0
6592,6,160,4,M,0,0.6337811406712175,0.8496439718772156,0.0,0.8496439718772156,0.00031510081957022984,0.08118295458386696,0.6337811406712175,0.8496439718772156,0.0,0.0
6593,6,160,4,M,1,0.8895210448728844,0.8833410329485872,1.0,0.8833410329485872,0.00026341393706830196,0.08118295458386696,0.8895210448728844,0.8833410329485872,0.0,0.0
6594,6,160,4,M,2,0.1681450057868756,0.16905047434934714,0.34,0.16905047434934714,0.0002815684999491752,0.08118295458386696,0.1681450057868756,0.16905047434934714,0.0,0.0
6595,6,160,4,M,3,0.8431132292729178,0.6137385593660719,1.0,0.6137385593660719,0.00025334977477253773,0.08118295458386696,0.8431132292729178,0.6137385593660718,0.0,0.0
6596,6,161,4,M,0,0.6337811406712175,0.8496439718772156,0.0,0.8496439718772156,0.00031510081957022984,0.08118295458386696,0.6337811406712174,0.8496439718772156,0.0,0.0
6597,6,161,4,M,1,0.8895210448728844,0.8833410329485872,1.0,0.8833410329485872,0.00026341393706830196,0.08118295458386696,0.8895210448728846,0.8833410329485872,0.0,0.0
6598,6,161,4,M,2,0.1681450057868756,0.16905047434934714,0.34,0.16905047434934714,0.0002815684999491752,0.08118295458386696,0.16814500578687558,0.16905047434934714,0.0,0.0
6599,6,161,4,M,3,0.8431132292729178,0.6137385593660718,1.0,0.6137385593660718,0.00025334977477253773,0.08118295458386696,0.8431132292729178,0.6137385593660719,0.0,0.0
6600,6,162,4,M,0,0.6337811406712174,0.8496439718772156,0.0,0.8496439718772156,0.00031510081957022984,0.08118295458386696,0.6337811406712175,0.8496439718772156,0.0,0.0
6601,6,162,4,M,1,0.8895210448728846,0.8833410329485872,1.0,0.8833410329485872,0.00026341393706830196,0.08118295458386696,0.8895210448728844,0.8833410329485872,0.0,0.0
6602,6,162,4,M,2,0.16814500578687558,0.16905047434934714,0.34,0.16905047434934714,0.0002815684999491752,0.08118295458386696,0.1681450057868756,0.16905047434934714,0.0,0.0
6603,6,162,4,M,3,0.8431132292729178,0.6137385593660719,1.0,0.6137385593660719,0.00025334977477253773,0.08118295458386696,0.8431132292729178,0.6137385593660719,0.0,0.0
6604,6,163,4,M,0,0.6337811406712175,0.8496439718772156,0.0,0.8496439718772156,0.00031510081957022984,0.08118295458386696,0.6337811406712175,0.8496439718772156,0.0,0.0
6605,6,163,4,M,1,0.8895210448728844,0.8833410329485872,1.0,0.8833410329485872,0.00026341393706830196,0.08118295458386696,0.8895210448728844,0.8833410329485872,0.0,0.0
6606,6,163,4,M,2,0.1681450057868756,0.16905047434934714,0.34,0.16905047434934714,0.0002815684999491752,0.08118295458386696,0.1681450057868756,0.16905047434934714,0.0,0.0
6607,6,163,4,M,3,0.8431132292729178,0.6137385593660719,1.0,0.6137385593660719,0.00025334977477253773,0.08118295458386696,0.8431132292729178,0.6137385593660718,0.0,0.0
6608,6,164,4,M,0,0.6337811406712175,0.8496439718772156,0.0,0.8496439718772156,0.00031510081957022984,0.08118295458386696,0.6337811406712174,0.8496439718772156,0.0,0.0
6609,6,164,4,M,1,0.8895210448728844,0.8833410329485872,1.0,0.8833410329485872,0.00026341393706830196,0.08118295458386696,0.8895210448728846,0.8833410329485872,0.0,0.0
6610,6,164,4,M,2,0.1681450057868756,0.16905047434934714,0.34,0.16905047434934714,0.0002815684999491752,0.08118295458386696,0.16814500578687558,0.16905047434934714,0.0,0.0
6611,6,164,4,M,3,0.8431132292729178,0.6137385593660718,1.0,0.6137385593660718,0.00025334977477253773,0.08118295458386696,0.8431132292729178,0.6137385593660719,0.0,0.0
6612,6,165,4,M,0,0.6337811406712174,0.8496439718772156,0.0,0.8496439718772156,0.00031510081957022984,0.08118295458386696,0.6337811406712175,0.8496439718772156,0.0,0.0
6613,6,165,4,M,1,0.8895210448728846,0.8833410329485872,1.0,0.8833410329485872,0.00026341393706830196,0.08118295458386696,0.8895210448728844,0.8833410329485872,0.0,0.0
6614,6,165,4,M,2,0.16814500578687558,0.16905047434934714,0.34,0.16905047434934714,0.0002815684999491752,0.08118295458386696,0.1681450057868756,0.16905047434934714,0.0,0.0
6615,6,165,4,M,3,0.8431132292729178,0.6137385593660719,1.0,0.6137385593660719,0.00025334977477253773,0.08118295458386696,0.8431132292729178,0.6137385593660719,0.0,0.0
6616,6,166,4,M,0,0.6337811406712175,0.8496439718772156,0.0,0.8496439718772156,0.00031510081957022984,0.08118295458386696,0.6337811406712175,0.8496439718772156,0.0,0.0
6617,6,166,4,M,1,0.8895210448728844,0.8833410329485872,1.0,0.8833410329485872,0.00026341393706830196,0.08118295458386696,0.8895210448728844,0.8833410329485872,0.0,0.0
6618,6,166,4,M,2,0.1681450057868756,0.16905047434934714,0.34,0.16905047434934714,0.0002815684999491752,0.08118295458386696,0.1681450057868756,0.16905047434934714,0.0,0.0
6619,6,166,4,M,3,0.8431132292729178,0.6137385593660719,1.0,0.6137385593660719,0.00025334977477253773,0.08118295458386696,0.8431132292729178,0.6137385593660718,0.0,0.0
6620,6,167,4,M,0,0.6337811406712175,0.8496439718772156,0.0,0.8496439718772156,0.00031510081957022984,0.08118295458386696,0.6337811406712174,0.8496439718772156,0.0,0.0
6621,6,167,4,M,1,0.8895210448728844,0.8833410329485872,1.0,0.8833410329485872,0.00026341393706830196,0.08118295458386696,0.8895210448728846,0.8833410329485872,0.0,0.0
6622,6,167,4,M,2,0.1681450057868756,0.16905047434934714,0.34,0.16905047434934714,0.0002815684999491752,0.08118295458386696,0.16814500578687558,0.16905047434934714,0.0,0.0
6623,6,167,4,M,3,0.8431132292729178,0.6137385593660718,1.0,0.6137385593660718,0.00025334977477253773,0.08118295458386696,0.8431132292729178,0.6137385593660719,0.0,0.0
6624,6,168,4,M,0,0.6337811406712174,0.8496439718772156,0.0,0.8496439718772156,0.00031510081957022984,0.08118295458386696,0.6337811406712175,0.8496439718772156,0.0,0.0
6625,6,168,4,M,1,0.8895210448728846,0.8833410329485872,1.0,0.8833410329485872,0.00026341393706830196,0.08118295458386696,0.8895210448728844,0.8833410329485872,0.0,0.0
6626,6,168,4,M,2,0.16814500578687558,0.16905047434934714,0.34,0.16905047434934714,0.0002815684999491752,0.08118295458386696,0.1681450057868756,0.16905047434934714,0.0,0.0
6627,6,168,4,M,3,0.8431132292729178,0.6137385593660719,1.0,0.6137385593660719,0.00025334977477253773,0.08118295458386696,0.8431132292729178,0.6137385593660719,0.0,0.0
6628,6,169,4,M,0,0.6337811406712175,0.8496439718772156,0.0,0.8496439718772156,0.00031510081957022984,0.08118295458386696,0.6337811406712175,0.8496439718772156,0.0,0.0
6629,6,169,4,M,1,0.8895210448728844,0.8833410329485872,1.0,0.8833410329485872,0.00026341393706830196,0.08118295458386696,0.8895210448728844,0.8833410329485872,0.0,0.0
6630,6,169,4,M,2,0.1681450057868756,0.16905047434934714,0.34,0.16905047434934714,0.0002815684999491752,0.08118295458386696,0.1681450057868756,0.16905047434934714,0.0,0.0
6631,6,169,4,M,3,0.8431132292729178,0.6137385593660719,1.0,0.6137385593660719,0.00025334977477253773,0.08118295458386696,0.8431132292729178,0.6137385593660718,0.0,0.0
6632,6,170,4,M,0,0.6337811406712175,0.8496439718772156,0.0,0.8496439718772156,0.00031510081957022984,0.08118295458386696,0.6337811406712174,0.8496439718772156,0.0,0.0
6633,6,170,4,M,1,0.8895210448728844,0.8833410329485872,1.0,0.8833410329485872,0.00026341393706830196,0.08118295458386696,0.8895210448728846,0.8833410329485872,0.0,0.0
6634,6,170,4,M,2,0.1681450057868756,0.16905047434934714,0.34,0.16905047434934714,0.0002815684999491752,0.08118295458386696,0.16814500578687558,0.16905047434934714,0.0,0.0
6635,6,170,4,M,3,0.8431132292729178,0.6137385593660718,1.0,0.6137385593660718,0.00025334977477253773,0.08118295458386696,0.8431132292729178,0.6137385593660719,0.0,0.0
6636,6,171,4,M,0,0.6337811406712174,0.8496439718772156,0.0,0.8496439718772156,0.00031510081957022984,0.08118295458386696,0.6337811406712175,0.8496439718772156,0.0,0.0
6637,6,171,4,M,1,0.8895210448728846,0.8833410329485872,1.0,0.8833410329485872,0.00026341393706830196,0.08118295458386696,0.8895210448728844,0.8833410329485872,0.0,0.0
6638,6,171,4,M,2,0.16814500578687558,0.16905047434934714,0.34,0.16905047434934714,0.0002815684999491752,0.08118295458386696,0.1681450057868756,0.16905047434934714,0.0,0.0
6639,6,171,4,M,3,0.8431132292729178,0.6137385593660719,1.0,0.6137385593660719,0.00025334977477253773,0.08118295458386696,0.8431132292729178,0.6137385593660719,0.0,0.0
6640,6,172,4,M,0,0.6337811406712175,0.8496439718772156,0.0,0.8496439718772156,0.00031510081957022984,0.08118295458386696,0.6337811406712175,0.8496439718772156,0.0,0.0
6641,6,172,4,M,1,0.8895210448728844,0.8833410329485872,1.0,0.8833410329485872,0.00026341393706830196,0.08118295458386696,0.8895210448728844,0.8833410329485872,0.0,0.0
6642,6,172,4,M,2,0.1681450057868756,0.16905047434934714,0.34,0.16905047434934714,0.0002815684999491752,0.08118295458386696,0.1681450057868756,0.16905047434934714,0.0,0.0
6643,6,172,4,M,3,0.8431132292729178,0.6137385593660719,1.0,0.6137385593660719,0.00025334977477253773,0.08118295458386696,0.8431132292729178,0.6137385593660718,0.0,0.0
6644,6,173,4,M,0,0.6337811406712175,0.8496439718772156,0.0,0.8496439718772156,0.00031510081957022984,0.08118295458386696,0.6337811406712174,0.8496439718772156,0.0,0.0
6645,6,173,4,M,1,0.8895210448728844,0.8833410329485872,1.0,0.8833410329485872,0.00026341393706830196,0.08118295458386696,0.8895210448728846,0.8833410329485872,0.0,0.0
6646,6,173,4,M,2,0.1681450057868756,0.16905047434934714,0.34,0.16905047434934714,0.0002815684999491752,0.08118295458386696,0.16814500578687558,0.16905047434934714,0.0,0.0
6647,6,173,4,M,3,0.8431132292729178,0.6137385593660718,1.0,0.6137385593660718,0.00025334977477253773,0.08118295458386696,0.8431132292729178,0.6137385593660719,0.0,0.0
6648,6,174,4,M,0,0.6337811406712174,0.8496439718772156,0.0,0.8496439718772156,0.00031510081957022984,0.08118295458386696,0.6337811406712175,0.8496439718772156,0.0,0.0
6649,6,174,4,M,1,0.8895210448728846,0.8833410329485872,1.0,0.8833410329485872,0.00026341393706830196,0.08118295458386696,0.8895210448728844,0.8833410329485872,0.0,0.0
6650,6,174,4,M,2,0.16814500578687558,0.16905047434934714,0.34,0.16905047434934714,0.0002815684999491752,0.08118295458386696,0.1681450057868756,0.16905047434934714,0.0,0.0
6651,6,174,4,M,3,0.8431132292729178,0.6137385593660719,1.0,0.6137385593660719,0.00025334977477253773,0.08118295458386696,0.8431132292729178,0.6137385593660719,0.0,0.0
6652,6,175,4,M,0,0.6337811406712175,0.8496439718772156,0.0,0.8496439718772156,0.00031510081957022984,0.08118295458386696,0.6337811406712175,0.8496439718772156,0.0,0.0
6653,6,175,4,M,1,0.8895210448728844,0.8833410329485872,1.0,0.8833410329485872,0.00026341393706830196,0.08118295458386696,0.8895210448728844,0.8833410329485872,0.0,0.0
6654,6,175,4,M,2,0.1681450057868756,0.16905047434934714,0.34,0.16905047434934714,0.0002815684999491752,0.08118295458386696,0.1681450057868756,0.16905047434934714,0.0,0.0
6655,6,175,4,M,3,0.8431132292729178,0.6137385593660719,1.0,0.6137385593660719,0.00025334977477253773,0.08118295458386696,0.8431132292729178,0.6137385593660718,0.0,0.0
6656,6,176,4,M,0,0.6337811406712175,0.8496439718772156,0.0,0.8496439718772156,0.00031510081957022984,0.08118295458386696,0.6337811406712174,0.8496439718772156,0.0,0.0
6657,6,176,4,M,1,0.8895210448728844,0.8833410329485872,1.0,0.8833410329485872,0.00026341393706830196,0.08118295458386696,0.8895210448728846,0.8833410329485872,0.0,0.0
6658,6,176,4,M,2,0.1681450057868756,0.16905047434934714,0.34,0.16905047434934714,0.0002815684999491752,0.08118295458386696,0.16814500578687558,0.16905047434934714,0.0,0.0
6659,6,176,4,M,3,0.8431132292729178,0.6137385593660718,1.0,0.6137385593660718,0.00025334977477253773,0.08118295458386696,0.8431132292729178,0.6137385593660719,0.0,0.0
6660,6,177,4,M,0,0.6337811406712174,0.8496439718772156,0.0,0.8496439718772156,0.00031510081957022984,0.08118295458386696,0.6337811406712175,0.8496439718772156,0.0,0.0
6661,6,177,4,M,1,0.8895210448728846,0.8833410329485872,1.0,0.8833410329485872,0.00026341393706830196,0.08118295458386696,0.8895210448728844,0.8833410329485872,0.0,0.0
6662,6,177,4,M,2,0.16814500578687558,0.16905047434934714,0.34,0.16905047434934714,0.0002815684999491752,0.08118295458386696,0.1681450057868756,0.16905047434934714,0.0,0.0
6663,6,177,4,M,3,0.8431132292729178,0.6137385593660719,1.0,0.6137385593660719,0.00025334977477253773,0.08118295458386696,0.8431132292729178,0.6137385593660719,0.0,0.0
6664,6,178,4,M,0,0.6337811406712175,0.8496439718772156,0.0,0.8496439718772156,0.00031510081957022984,0.08118295458386696,0.6337811406712175,0.8496439718772156,0.0,0.0
6665,6,178,4,M,1,0.8895210448728844,0.8833410329485872,1.0,0.8833410329485872,0.00026341393706830196,0.08118295458386696,0.8895210448728844,0.8833410329485872,0.0,0.0
6666,6,178,4,M,2,0.1681450057868756,0.16905047434934714,0.34,0.16905047434934714,0.0002815684999491752,0.08118295458386696,0.1681450057868756,0.16905047434934714,0.0,0.0
6667,6,178,4,M,3,0.8431132292729178,0.6137385593660719,1.0,0.6137385593660719,0.00025334977477253773,0.08118295458386696,0.8431132292729178,0.6137385593660718,0.0,0.0
6668,6,179,4,M,0,0.6337811406712175,0.8496439718772156,0.0,0.8496439718772156,0.00031510081957022984,0.08118295458386696,0.6337811406712174,0.8496439718772156,0.0,0.0
6669,6,179,4,M,1,0.8895210448728844,0.8833410329485872,1.0,0.8833410329485872,0.00026341393706830196,0.08118295458386696,0.8895210448728846,0.8833410329485872,0.0,0.0
6670,6,179,4,M,2,0.1681450057868756,0.16905047434934714,0.34,0.16905047434934714,0.0002815684999491752,0.08118295458386696,0.16814500578687558,0.16905047434934714,0.0,0.0
6671,6,179,4,M,3,0.8431132292729178,0.6137385593660718,1.0,0.6137385593660718,0.00025334977477253773,0.08118295458386696,0.8431132292729178,0.6137385593660719,0.0,0.0
6672,6,180,4,M,0,0.6337811406712174,0.8496439718772156,0.0,0.8496439718772156,0.00031510081957022984,0.08118295458386696,0.6337811406712175,0.8496439718772156,0.0,0.0
6673,6,180,4,M,1,0.8895210448728846,0.8833410329485872,1.0,0.8833410329485872,0.00026341393706830196,0.08118295458386696,0.8895210448728844,0.8833410329485872,0.0,0.0
6674,6,180,4,M,2,0.16814500578687558,0.16905047434934714,0.34,0.16905047434934714,0.0002815684999491752,0.08118295458386696,0.1681450057868756,0.16905047434934714,0.0,0.0
6675,6,180,4,M,3,0.8431132292729178,0.6137385593660719,1.0,0.6137385593660719,0.00025334977477253773,0.08118295458386696,0.8431132292729178,0.6137385593660719,0.0,0.0
6676,6,181,4,M,0,0.6337811406712175,0.8496439718772156,0.0,0.8496439718772156,0.00031510081957022984,0.08118295458386696,0.6337811406712175,0.8496439718772156,0.0,0.0
6677,6,181,4,M,1,0.8895210448728844,0.8833410329485872,1.0,0.8833410329485872,0.00026341393706830196,0.08118295458386696,0.8895210448728844,0.8833410329485872,0.0,0.0
6678,6,181,4,M,2,0.1681450057868756,0.16905047434934714,0.34,0.16905047434934714,0.0002815684999491752,0.08118295458386696,0.1681450057868756,0.16905047434934714,0.0,0.0
6679,6,181,4,M,3,0.8431132292729178,0.6137385593660719,1.0,0.6137385593660719,0.00025334977477253773,0.08118295458386696,0.8431132292729178,0.6137385593660718,0.0,0.0
6680,6,182,4,M,0,0.6337811406712175,0.8496439718772156,0.0,0.8496439718772156,0.00031510081957022984,0.08118295458386696,0.6337811406712174,0.8496439718772156,0.0,0.0
6681,6,182,4,M,1,0.8895210448728844,0.8833410329485872,1.0,0.8833410329485872,0.00026341393706830196,0.08118295458386696,0.8895210448728846,0.8833410329485872,0.0,0.0
6682,6,182,4,M,2,0.1681450057868756,0.16905047434934714,0.34,0.16905047434934714,0.0002815684999491752,0.08118295458386696,0.16814500578687558,0.16905047434934714,0.0,0.0
6683,6,182,4,M,3,0.8431132292729178,0.6137385593660718,1.0,0.6137385593660718,0.00025334977477253773,0.08118295458386696,0.8431132292729178,0.6137385593660719,0.0,0.0
6684,6,183,4,M,0,0.6337811406712174,0.8496439718772156,0.0,0.8496439718772156,0.00031510081957022984,0.08118295458386696,0.6337811406712175,0.8496439718772156,0.0,0.0
6685,6,183,4,M,1,0.8895210448728846,0.8833410329485872,1.0,0.8833410329485872,0.00026341393706830196,0.08118295458386696,0.8895210448728844,0.8833410329485872,0.0,0.0
6686,6,183,4,M,2,0.16814500578687558,0.16905047434934714,0.34,0.16905047434934714,0.0002815684999491752,0.08118295458386696,0.1681450057868756,0.16905047434934714,0.0,0.0
6687,6,183,4,M,3,0.8431132292729178,0.6137385593660719,1.0,0.6137385593660719,0.00025334977477253773,0.08118295458386696,0.8431132292729178,0.6137385593660719,0.0,0.0
6688,6,184,4,M,0,0.6337811406712175,0.8496439718772156,0.0,0.8496439718772156,0.00031510081957022984,0.08118295458386696,0.6337811406712175,0.8496439718772156,0.0,0.0
6689,6,184,4,M,1,0.8895210448728844,0.8833410329485872,1.0,0.8833410329485872,0.00026341393706830196,0.08118295458386696,0.8895210448728844,0.8833410329485872,0.0,0.0
6690,6,184,4,M,2,0.1681450057868756,0.16905047434934714,0.34,0.16905047434934714,0.0002815684999491752,0.08118295458386696,0.1681450057868756,0.16905047434934714,0.0,0.0
6691,6,184,4,M,3,0.8431132292729178,0.6137385593660719,1.0,0.6137385593660719,0.00025334977477253773,0.08118295458386696,0.8431132292729178,0.6137385593660718,0.0,0.0
6692,6,185,4,M,0,0.6337811406712175,0.8496439718772156,0.0,0.8496439718772156,0.00031510081957022984,0.08118295458386696,0.6337811406712174,0.8496439718772156,0.0,0.0
6693,6,185,4,M,1,0.8895210448728844,0.8833410329485872,1.0,0.8833410329485872,0.00026341393706830196,0.08118295458386696,0.8895210448728846,0.8833410329485872,0.0,0.0
6694,6,185,4,M,2,0.1681450057868756,0.16905047434934714,0.34,0.16905047434934714,0.0002815684999491752,0.08118295458386696,0.16814500578687558,0.16905047434934714,0.0,0.0
6695,6,185,4,M,3,0.8431132292729178,0.6137385593660718,1.0,0.6137385593660718,0.00025334977477253773,0.08118295458386696,0.8431132292729178,0.6137385593660719,0.0,0.0
6696,6,186,4,M,0,0.6337811406712174,0.8496439718772156,0.0,0.8496439718772156,0.00031510081957022984,0.08118295458386696,0.6337811406712175,0.8496439718772156,0.0,0.0
6697,6,186,4,M,1,0.8895210448728846,0.8833410329485872,1.0,0.8833410329485872,0.00026341393706830196,0.08118295458386696,0.8895210448728844,0.8833410329485872,0.0,0.0
6698,6,186,4,M,2,0.16814500578687558,0.16905047434934714,0.34,0.16905047434934714,0.0002815684999491752,0.08118295458386696,0.1681450057868756,0.16905047434934714,0.0,0.0
6699,6,186,4,M,3,0.8431132292729178,0.6137385593660719,1.0,0.6137385593660719,0.00025334977477253773,0.08118295458386696,0.8431132292729178,0.6137385593660719,0.0,0.0
6700,6,187,4,M,0,0.6337811406712175,0.8496439718772156,0.0,0.8496439718772156,0.00031510081957022984,0.08118295458386696,0.6337811406712175,0.8496439718772156,0.0,0.0
6701,6,187,4,M,1,0.8895210448728844,0.8833410329485872,1.0,0.8833410329485872,0.00026341393706830196,0.08118295458386696,0.8895210448728844,0.8833410329485872,0.0,0.0
6702,6,187,4,M,2,0.1681450057868756,0.16905047434934714,0.34,0.16905047434934714,0.0002815684999491752,0.08118295458386696,0.1681450057868756,0.16905047434934714,0.0,0.0
6703,6,187,4,M,3,0.8431132292729178,0.6137385593660719,1.0,0.6137385593660719,0.00025334977477253773,0.08118295458386696,0.8431132292729178,0.6137385593660718,0.0,0.0
6704,6,188,4,M,0,0.6337811406712175,0.8496439718772156,0.0,0.8496439718772156,0.00031510081957022984,0.08118295458386696,0.6337811406712174,0.8496439718772156,0.0,0.0
6705,6,188,4,M,1,0.8895210448728844,0.8833410329485872,1.0,0.8833410329485872,0.00026341393706830196,0.08118295458386696,0.8895210448728846,0.8833410329485872,0.0,0.0
6706,6,188,4,M,2,0.1681450057868756,0.16905047434934714,0.34,0.16905047434934714,0.0002815684999491752,0.08118295458386696,0.16814500578687558,0.16905047434934714,0.0,0.0
6707,6,188,4,M,3,0.8431132292729178,0.6137385593660718,1.0,0.6137385593660718,0.00025334977477253773,0.08118295458386696,0.8431132292729178,0.6137385593660719,0.0,0.0
6708,6,189,4,M,0,0.6337811406712174,0.8496439718772156,0.0,0.8496439718772156,0.00031510081957022984,0.08118295458386696,0.6337811406712175,0.8496439718772156,0.0,0.0
6709,6,189,4,M,1,0.8895210448728846,0.8833410329485872,1.0,0.8833410329485872,0.00026341393706830196,0.08118295458386696,0.8895210448728844,0.8833410329485872,0.0,0.0
6710,6,189,4,M,2,0.16814500578687558,0.16905047434934714,0.34,0.16905047434934714,0.0002815684999491752,0.08118295458386696,0.1681450057868756,0.16905047434934714,0.0,0.0
6711,6,189,4,M,3,0.8431132292729178,0.6137385593660719,1.0,0.6137385593660719,0.00025334977477253773,0.08118295458386696,0.8431132292729178,0.6137385593660719,0.0,0.0
6712,6,190,4,M,0,0.6337811406712175,0.8496439718772156,0.0,0.8496439718772156,0.00031510081957022984,0.08118295458386696,0.6337811406712175,0.8496439718772156,0.0,0.0
6713,6,190,4,M,1,0.8895210448728844,0.8833410329485872,1.0,0.8833410329485872,0.00026341393706830196,0.08118295458386696,0.8895210448728844,0.8833410329485872,0.0,0.0
6714,6,190,4,M,2,0.1681450057868756,0.16905047434934714,0.34,0.16905047434934714,0.0002815684999491752,0.08118295458386696,0.1681450057868756,0.16905047434934714,0.0,0.0
6715,6,190,4,M,3,0.8431132292729178,0.6137385593660719,1.0,0.6137385593660719,0.00025334977477253773,0.08118295458386696,0.8431132292729178,0.6137385593660718,0.0,0.0
6716,6,191,4,M,0,0.6337811406712175,0.8496439718772156,0.0,0.8496439718772156,0.00031510081957022984,0.08118295458386696,0.6337811406712174,0.8496439718772156,0.0,0.0
6717,6,191,4,M,1,0.8895210448728844,0.8833410329485872,1.0,0.8833410329485872,0.00026341393706830196,0.08118295458386696,0.8895210448728846,0.8833410329485872,0.0,0.0
6718,6,191,4,M,2,0.1681450057868756,0.16905047434934714,0.34,0.16905047434934714,0.0002815684999491752,0.08118295458386696,0.16814500578687558,0.16905047434934714,0.0,0.0
6719,6,191,4,M,3,0.8431132292729178,0.6137385593660718,1.0,0.6137385593660718,0.00025334977477253773,0.08118295458386696,0.8431132292729178,0.6137385593660719,0.0,0.0
6720,6,192,4,M,0,0.6337811406712174,0.8496439718772156,0.0,0.8496439718772156,0.00031510081957022984,0.08118295458386696,0.6337811406712175,0.8496439718772156,0.0,0.0
6721,6,192,4,M,1,0.8895210448728846,0.8833410329485872,1.0,0.8833410329485872,0.00026341393706830196,0.08118295458386696,0.8895210448728844,0.8833410329485872,0.0,0.0
6722,6,192,4,M,2,0.16814500578687558,0.16905047434934714,0.34,0.16905047434934714,0.0002815684999491752,0.08118295458386696,0.1681450057868756,0.16905047434934714,0.0,0.0
6723,6,192,4,M,3,0.8431132292729178,0.6137385593660719,1.0,0.6137385593660719,0.00025334977477253773,0.08118295458386696,0.8431132292729178,0.6137385593660719,0.0,0.0
6724,6,193,4,M,0,0.6337811406712175,0.8496439718772156,0.0,0.8496439718772156,0.00031510081957022984,0.08118295458386696,0.6337811406712175,0.8496439718772156,0.0,0.0
6725,6,193,4,M,1,0.8895210448728844,0.8833410329485872,1.0,0.8833410329485872,0.00026341393706830196,0.08118295458386696,0.8895210448728844,0.8833410329485872,0.0,0.0
6726,6,193,4,M,2,0.1681450057868756,0.16905047434934714,0.34,0.16905047434934714,0.0002815684999491752,0.08118295458386696,0.1681450057868756,0.16905047434934714,0.0,0.0
6727,6,193,4,M,3,0.8431132292729178,0.6137385593660719,1.0,0.6137385593660719,0.00025334977477253773,0.08118295458386696,0.8431132292729178,0.6137385593660718,0.0,0.0
6728,6,194,4,M,0,0.6337811406712175,0.8496439718772156,0.0,0.8496439718772156,0.00031510081957022984,0.08118295458386696,0.6337811406712174,0.8496439718772156,0.0,0.0
6729,6,194,4,M,1,0.8895210448728844,0.8833410329485872,1.0,0.8833410329485872,0.00026341393706830196,0.08118295458386696,0.8895210448728846,0.8833410329485872,0.0,0.0
6730,6,194,4,M,2,0.1681450057868756,0.16905047434934714,0.34,0.16905047434934714,0.0002815684999491752,0.08118295458386696,0.16814500578687558,0.16905047434934714,0.0,0.0
6731,6,194,4,M,3,0.8431132292729178,0.6137385593660718,1.0,0.6137385593660718,0.00025334977477253773,0.08118295458386696,0.8431132292729178,0.6137385593660719,0.0,0.0
6732,6,195,4,M,0,0.6337811406712174,0.8496439718772156,0.0,0.8496439718772156,0.00031510081957022984,0.08118295458386696,0.6337811406712175,0.8496439718772156,0.0,0.0
6733,6,195,4,M,1,0.8895210448728846,0.8833410329485872,1.0,0.8833410329485872,0.00026341393706830196,0.08118295458386696,0.8895210448728844,0.8833410329485872,0.0,0.0
6734,6,195,4,M,2,0.16814500578687558,0.16905047434934714,0.34,0.16905047434934714,0.0002815684999491752,0.08118295458386696,0.1681450057868756,0.16905047434934714,0.0,0.0
6735,6,195,4,M,3,0.8431132292729178,0.6137385593660719,1.0,0.6137385593660719,0.00025334977477253773,0.08118295458386696,0.8431132292729178,0.6137385593660719,0.0,0.0
6736,6,196,4,M,0,0.6337811406712175,0.8496439718772156,0.0,0.8496439718772156,0.00031510081957022984,0.08118295458386696,0.6337811406712175,0.8496439718772156,0.0,0.0
6737,6,196,4,M,1,0.8895210448728844,0.8833410329485872,1.0,0.8833410329485872,0.00026341393706830196,0.08118295458386696,0.8895210448728844,0.8833410329485872,0.0,0.0
6738,6,196,4,M,2,0.1681450057868756,0.16905047434934714,0.34,0.16905047434934714,0.0002815684999491752,0.08118295458386696,0.1681450057868756,0.16905047434934714,0.0,0.0
6739,6,196,4,M,3,0.8431132292729178,0.6137385593660719,1.0,0.6137385593660719,0.00025334977477253773,0.08118295458386696,0.8431132292729178,0.6137385593660718,0.0,0.0
6740,6,197,4,M,0,0.6337811406712175,0.8496439718772156,0.0,0.8496439718772156,0.00031510081957022984,0.08118295458386696,0.6337811406712174,0.8496439718772156,0.0,0.0
6741,6,197,4,M,1,0.8895210448728844,0.8833410329485872,1.0,0.8833410329485872,0.00026341393706830196,0.08118295458386696,0.8895210448728846,0.8833410329485872,0.0,0.0
6742,6,197,4,M,2,0.1681450057868756,0.16905047434934714,0.34,0.16905047434934714,0.0002815684999491752,0.08118295458386696,0.16814500578687558,0.16905047434934714,0.0,0.0
6743,6,197,4,M,3,0.8431132292729178,0.6137385593660718,1.0,0.6137385593660718,0.00025334977477253773,0.08118295458386696,0.8431132292729178,0.6137385593660719,0.0,0.0
6744,6,198,4,M,0,0.6337811406712174,0.8496439718772156,0.0,0.8496439718772156,0.00031510081957022984,0.08118295458386696,0.6337811406712175,0.8496439718772156,0.0,0.0
6745,6,198,4,M,1,0.8895210448728846,0.8833410329485872,1.0,0.8833410329485872,0.00026341393706830196,0.08118295458386696,0.8895210448728844,0.8833410329485872,0.0,0.0
6746,6,198,4,M,2,0.16814500578687558,0.16905047434934714,0.34,0.16905047434934714,0.0002815684999491752,0.08118295458386696,0.1681450057868756,0.16905047434934714,0.0,0.0
6747,6,198,4,M,3,0.8431132292729178,0.6137385593660719,1.0,0.6137385593660719,0.00025334977477253773,0.08118295458386696,0.8431132292729178,0.6137385593660719,0.0,0.0
6748,6,199,4,M,0,0.6337811406712175,0.8496439718772156,0.0,0.8496439718772156,0.00031510081957022984,0.08118295458386696,0.6337811406712175,0.8496439718772156,0.0,0.0
6749,6,199,4,M,1,0.8895210448728844,0.8833410329485872,1.0,0.8833410329485872,0.00026341393706830196,0.08118295458386696,0.8895210448728844,0.8833410329485872,0.0,0.0
6750,6,199,4,M,2,0.1681450057868756,0.16905047434934714,0.34,0.16905047434934714,0.0002815684999491752,0.08118295458386696,0.1681450057868756,0.16905047434934714,0.0,0.0
6751,6,199,4,M,3,0.8431132292729178,0.6137385593660719,1.0,0.6137385593660719,0.00025334977477253773,0.08118295458386696,0.8431132292729178,0.6137385593660718,0.0,0.0
6752,6,200,4,M,0,0.6337811406712175,0.8496439718772156,0.0,0.8496439718772156,0.00031510081957022984,0.08118295458386696,0.6337811406712174,0.8496439718772156,0.0,0.0
6753,6,200,4,M,1,0.8895210448728844,0.8833410329485872,1.0,0.8833410329485872,0.00026341393706830196,0.08118295458386696,0.8895210448728846,0.8833410329485872,0.0,0.0
6754,6,200,4,M,2,0.1681450057868756,0.16905047434934714,0.34,0.16905047434934714,0.0002815684999491752,0.08118295458386696,0.16814500578687558,0.16905047434934714,0.0,0.0
6755,6,200,4,M,3,0.8431132292729178,0.6137385593660718,1.0,0.6137385593660718,0.00025334977477253773,0.08118295458386696,0.8431132292729178,0.6137385593660719,0.0,0.0
6756,6,201,4,M,0,0.6337811406712174,0.8496439718772156,0.0,0.8496439718772156,0.00031510081957022984,0.08118295458386696,0.6337811406712175,0.8496439718772156,0.0,0.0
6757,6,201,4,M,1,0.8895210448728846,0.8833410329485872,1.0,0.8833410329485872,0.00026341393706830196,0.08118295458386696,0.8895210448728844,0.8833410329485872,0.0,0.0
6758,6,201,4,M,2,0.16814500578687558,0.16905047434934714,0.34,0.16905047434934714,0.0002815684999491752,0.08118295458386696,0.1681450057868756,0.16905047434934714,0.0,0.0
6759,6,201,4,M,3,0.8431132292729178,0.6137385593660719,1.0,0.6137385593660719,0.00025334977477253773,0.08118295458386696,0.8431132292729178,0.6137385593660719,0.0,0.0
6760,6,202,4,M,0,0.6337811406712175,0.8496439718772156,0.0,0.8496439718772156,0.00031510081957022984,0.08118295458386696,0.6337811406712175,0.8496439718772156,0.0,0.0
6761,6,202,4,M,1,0.8895210448728844,0.8833410329485872,1.0,0.8833410329485872,0.00026341393706830196,0.08118295458386696,0.8895210448728844,0.8833410329485872,0.0,0.0
6762,6,202,4,M,2,0.1681450057868756,0.16905047434934714,0.34,0.16905047434934714,0.0002815684999491752,0.08118295458386696,0.1681450057868756,0.16905047434934714,0.0,0.0
6763,6,202,4,M,3,0.8431132292729178,0.6137385593660719,1.0,0.6137385593660719,0.00025334977477253773,0.08118295458386696,0.8431132292729178,0.6137385593660718,0.0,0.0
6764,6,203,4,M,0,0.6337811406712175,0.8496439718772156,0.0,0.8496439718772156,0.00031510081957022984,0.08118295458386696,0.6337811406712174,0.8496439718772156,0.0,0.0
6765,6,203,4,M,1,0.8895210448728844,0.8833410329485872,1.0,0.8833410329485872,0.00026341393706830196,0.08118295458386696,0.8895210448728846,0.8833410329485872,0.0,0.0
6766,6,203,4,M,2,0.1681450057868756,0.16905047434934714,0.34,0.16905047434934714,0.0002815684999491752,0.08118295458386696,0.16814500578687558,0.16905047434934714,0.0,0.0
6767,6,203,4,M,3,0.8431132292729178,0.6137385593660718,1.0,0.6137385593660718,0.00025334977477253773,0.08118295458386696,0.8431132292729178,0.6137385593660719,0.0,0.0
6768,6,204,4,M,0,0.6337811406712174,0.8496439718772156,0.0,0.8496439718772156,0.00031510081957022984,0.08118295458386696,0.6337811406712175,0.8496439718772156,0.0,0.0
6769,6,204,4,M,1,0.8895210448728846,0.8833410329485872,1.0,0.8833410329485872,0.00026341393706830196,0.08118295458386696,0.8895210448728844,0.8833410329485872,0.0,0.0
6770,6,204,4,M,2,0.16814500578687558,0.16905047434934714,0.34,0.16905047434934714,0.0002815684999491752,0.08118295458386696,0.1681450057868756,0.16905047434934714,0.0,0.0
6771,6,204,4,M,3,0.8431132292729178,0.6137385593660719,1.0,0.6137385593660719,0.00025334977477253773,0.08118295458386696,0.8431132292729178,0.6137385593660719,0.0,0.0
6772,6,205,4,M,0,0.6337811406712175,0.8496439718772156,0.0,0.8496439718772156,0.00031510081957022984,0.08118295458386696,0.6337811406712175,0.8496439718772156,0.0,0.0
6773,6,205,4,M,1,0.8895210448728844,0.8833410329485872,1.0,0.8833410329485872,0.00026341393706830196,0.08118295458386696,0.8895210448728844,0.8833410329485872,0.0,0.0
6774,6,205,4,M,2,0.1681450057868756,0.16905047434934714,0.34,0.16905047434934714,0.0002815684999491752,0.08118295458386696,0.1681450057868756,0.16905047434934714,0.0,0.0
6775,6,205,4,M,3,0.8431132292729178,0.6137385593660719,1.0,0.6137385593660719,0.00025334977477253773,0.08118295458386696,0.8431132292729178,0.6137385593660718,0.0,0.0
6776,6,206,4,M,0,0.6337811406712175,0.8496439718772156,0.0,0.8496439718772156,0.00031510081957022984,0.08118295458386696,0.6337811406712174,0.8496439718772156,0.0,0.0
6777,6,206,4,M,1,0.8895210448728844,0.8833410329485872,1.0,0.8833410329485872,0.00026341393706830196,0.08118295458386696,0.8895210448728846,0.8833410329485872,0.0,0.0
6778,6,206,4,M,2,0.1681450057868756,0.16905047434934714,0.34,0.16905047434934714,0.0002815684999491752,0.08118295458386696,0.16814500578687558,0.16905047434934714,0.0,0.0
6779,6,206,4,M,3,0.8431132292729178,0.6137385593660718,1.0,0.6137385593660718,0.00025334977477253773,0.08118295458386696,0.8431132292729178,0.6137385593660719,0.0,0.0
6780,6,207,4,M,0,0.6337811406712174,0.8496439718772156,0.0,0.8496439718772156,0.00031510081957022984,0.08118295458386696,0.6337811406712175,0.8496439718772156,0.0,0.0
6781,6,207,4,M,1,0.8895210448728846,0.8833410329485872,1.0,0.8833410329485872,0.00026341393706830196,0.08118295458386696,0.8895210448728844,0.8833410329485872,0.0,0.0
6782,6,207,4,M,2,0.16814500578687558,0.16905047434934714,0.34,0.16905047434934714,0.0002815684999491752,0.08118295458386696,0.1681450057868756,0.16905047434934714,0.0,0.0
6783,6,207,4,M,3,0.8431132292729178,0.6137385593660719,1.0,0.6137385593660719,0.00025334977477253773,0.08118295458386696,0.8431132292729178,0.6137385593660719,0.0,0.0
6784,6,208,4,M,0,0.6337811406712175,0.8496439718772156,0.0,0.8496439718772156,0.00031510081957022984,0.08118295458386696,0.6337811406712175,0.8496439718772156,0.0,0.0
6785,6,208,4,M,1,0.8895210448728844,0.8833410329485872,1.0,0.8833410329485872,0.00026341393706830196,0.08118295458386696,0.8895210448728844,0.8833410329485872,0.0,0.0
6786,6,208,4,M,2,0.1681450057868756,0.16905047434934714,0.34,0.16905047434934714,0.0002815684999491752,0.08118295458386696,0.1681450057868756,0.16905047434934714,0.0,0.0
6787,6,208,4,M,3,0.8431132292729178,0.6137385593660719,1.0,0.6137385593660719,0.00025334977477253773,0.08118295458386696,0.8431132292729178,0.6137385593660718,0.0,0.0
6788,6,209,4,M,0,0.6337811406712175,0.8496439718772156,0.0,0.8496439718772156,0.00031510081957022984,0.08118295458386696,0.6337811406712174,0.8496439718772156,0.0,0.0
6789,6,209,4,M,1,0.8895210448728844,0.8833410329485872,1.0,0.8833410329485872,0.00026341393706830196,0.08118295458386696,0.8895210448728846,0.8833410329485872,0.0,0.0
6790,6,209,4,M,2,0.1681450057868756,0.16905047434934714,0.34,0.16905047434934714,0.0002815684999491752,0.08118295458386696,0.16814500578687558,0.16905047434934714,0.0,0.0
6791,6,209,4,M,3,0.8431132292729178,0.6137385593660718,1.0,0.6137385593660718,0.00025334977477253773,0.08118295458386696,0.8431132292729178,0.6137385593660719,0.0,0.0
6792,6,210,4,M,0,0.6337811406712174,0.8496439718772156,0.0,0.8496439718772156,0.00031510081957022984,0.08118295458386696,0.6337811406712175,0.8496439718772156,0.0,0.0
6793,6,210,4,M,1,0.8895210448728846,0.8833410329485872,1.0,0.8833410329485872,0.00026341393706830196,0.08118295458386696,0.8895210448728844,0.8833410329485872,0.0,0.0
6794,6,210,4,M,2,0.16814500578687558,0.16905047434934714,0.34,0.16905047434934714,0.0002815684999491752,0.08118295458386696,0.1681450057868756,0.16905047434934714,0.0,0.0
6795,6,210,4,M,3,0.8431132292729178,0.6137385593660719,1.0,0.6137385593660719,0.00025334977477253773,0.08118295458386696,0.8431132292729178,0.6137385593660719,0.0,0.0
6796,6,211,4,M,0,0.6337811406712175,0.8496439718772156,0.0,0.8496439718772156,0.00031510081957022984,0.08118295458386696,0.6337811406712175,0.8496439718772156,0.0,0.0
6797,6,211,4,M,1,0.8895210448728844,0.8833410329485872,1.0,0.8833410329485872,0.00026341393706830196,0.08118295458386696,0.8895210448728844,0.8833410329485872,0.0,0.0
6798,6,211,4,M,2,0.1681450057868756,0.16905047434934714,0.34,0.16905047434934714,0.0002815684999491752,0.08118295458386696,0.1681450057868756,0.16905047434934714,0.0,0.0
6799,6,211,4,M,3,0.8431132292729178,0.6137385593660719,1.0,0.6137385593660719,0.00025334977477253773,0.08118295458386696,0.8431132292729178,0.6137385593660718,0.0,0.0
6800,6,212,4,M,0,0.6337811406712175,0.8496439718772156,0.0,0.8496439718772156,0.00031510081957022984,0.08118295458386696,0.6337811406712174,0.8496439718772156,0.0,0.0
6801,6,212,4,M,1,0.8895210448728844,0.8833410329485872,1.0,0.8833410329485872,0.00026341393706830196,0.08118295458386696,0.8895210448728846,0.8833410329485872,0.0,0.0
6802,6,212,4,M,2,0.1681450057868756,0.16905047434934714,0.34,0.16905047434934714,0.0002815684999491752,0.08118295458386696,0.16814500578687558,0.16905047434934714,0.0,0.0
6803,6,212,4,M,3,0.8431132292729178,0.6137385593660718,1.0,0.6137385593660718,0.00025334977477253773,0.08118295458386696,0.8431132292729178,0.6137385593660719,0.0,0.0
6804,6,213,4,M,0,0.6337811406712174,0.8496439718772156,0.0,0.8496439718772156,0.00031510081957022984,0.08118295458386696,0.6337811406712175,0.8496439718772156,0.0,0.0
6805,6,213,4,M,1,0.8895210448728846,0.8833410329485872,1.0,0.8833410329485872,0.00026341393706830196,0.08118295458386696,0.8895210448728844,0.8833410329485872,0.0,0.0
6806,6,213,4,M,2,0.16814500578687558,0.16905047434934714,0.34,0.16905047434934714,0.0002815684999491752,0.08118295458386696,0.1681450057868756,0.16905047434934714,0.0,0.0
6807,6,213,4,M,3,0.8431132292729178,0.6137385593660719,1.0,0.6137385593660719,0.00025334977477253773,0.08118295458386696,0.8431132292729178,0.6137385593660719,0.0,0.0
6808,6,214,4,M,0,0.6337811406712175,0.8496439718772156,0.0,0.8496439718772156,0.00031510081957022984,0.08118295458386696,0.6337811406712175,0.8496439718772156,0.0,0.0
6809,6,214,4,M,1,0.8895210448728844,0.8833410329485872,1.0,0.8833410329485872,0.00026341393706830196,0.08118295458386696,0.8895210448728844,0.8833410329485872,0.0,0.0
6810,6,214,4,M,2,0.1681450057868756,0.16905047434934714,0.34,0.16905047434934714,0.0002815684999491752,0.08118295458386696,0.1681450057868756,0.16905047434934714,0.0,0.0
6811,6,214,4,M,3,0.8431132292729178,0.6137385593660719,1.0,0.6137385593660719,0.00025334977477253773,0.08118295458386696,0.8431132292729178,0.6137385593660718,0.0,0.0
6812,6,215,4,M,0,0.6337811406712175,0.8496439718772156,0.0,0.8496439718772156,0.00031510081957022984,0.08118295458386696,0.6337811406712174,0.8496439718772156,0.0,0.0
6813,6,215,4,M,1,0.8895210448728844,0.8833410329485872,1.0,0.8833410329485872,0.00026341393706830196,0.08118295458386696,0.8895210448728846,0.8833410329485872,0.0,0.0
6814,6,215,4,M,2,0.1681450057868756,0.16905047434934714,0.34,0.16905047434934714,0.0002815684999491752,0.08118295458386696,0.16814500578687558,0.16905047434934714,0.0,0.0
6815,6,215,4,M,3,0.8431132292729178,0.6137385593660718,1.0,0.6137385593660718,0.00025334977477253773,0.08118295458386696,0.8431132292729178,0.6137385593660719,0.0,0.0
6816,6,216,4,M,0,0.6337811406712174,0.8496439718772156,0.0,0.8496439718772156,0.00031510081957022984,0.08118295458386696,0.6337811406712175,0.8496439718772156,0.0,0.0
6817,6,216,4,M,1,0.8895210448728846,0.8833410329485872,1.0,0.8833410329485872,0.00026341393706830196,0.08118295458386696,0.8895210448728844,0.8833410329485872,0.0,0.0
6818,6,216,4,M,2,0.16814500578687558,0.16905047434934714,0.34,0.16905047434934714,0.0002815684999491752,0.08118295458386696,0.1681450057868756,0.16905047434934714,0.0,0.0
6819,6,216,4,M,3,0.8431132292729178,0.6137385593660719,1.0,0.6137385593660719,0.00025334977477253773,0.08118295458386696,0.8431132292729178,0.6137385593660719,0.0,0.0
6820,6,217,4,M,0,0.6337811406712175,0.8496439718772156,0.0,0.8496439718772156,0.00031510081957022984,0.08118295458386696,0.6337811406712175,0.8496439718772156,0.0,0.0
6821,6,217,4,M,1,0.8895210448728844,0.8833410329485872,1.0,0.8833410329485872,0.00026341393706830196,0.08118295458386696,0.8895210448728844,0.8833410329485872,0.0,0.0
6822,6,217,4,M,2,0.1681450057868756,0.16905047434934714,0.34,0.16905047434934714,0.0002815684999491752,0.08118295458386696,0.1681450057868756,0.16905047434934714,0.0,0.0
6823,6,217,4,M,3,0.8431132292729178,0.6137385593660719,1.0,0.6137385593660719,0.00025334977477253773,0.08118295458386696,0.8431132292729178,0.6137385593660718,0.0,0.0
6824,6,218,4,M,0,0.6337811406712175,0.8496439718772156,0.0,0.8496439718772156,0.00031510081957022984,0.08118295458386696,0.6337811406712174,0.8496439718772156,0.0,0.0
6825,6,218,4,M,1,0.8895210448728844,0.8833410329485872,1.0,0.8833410329485872,0.00026341393706830196,0.08118295458386696,0.8895210448728846,0.8833410329485872,0.0,0.0
6826,6,218,4,M,2,0.1681450057868756,0.16905047434934714,0.34,0.16905047434934714,0.0002815684999491752,0.08118295458386696,0.16814500578687558,0.16905047434934714,0.0,0.0
6827,6,218,4,M,3,0.8431132292729178,0.6137385593660718,1.0,0.6137385593660718,0.00025334977477253773,0.08118295458386696,0.8431132292729178,0.6137385593660719,0.0,0.0
6828,6,219,4,M,0,0.6337811406712174,0.8496439718772156,0.0,0.8496439718772156,0.00031510081957022984,0.08118295458386696,0.6337811406712175,0.8496439718772156,0.0,0.0
6829,6,219,4,M,1,0.8895210448728846,0.8833410329485872,1.0,0.8833410329485872,0.00026341393706830196,0.08118295458386696,0.8895210448728844,0.8833410329485872,0.0,0.0
6830,6,219,4,M,2,0.16814500578687558,0.16905047434934714,0.34,0.16905047434934714,0.0002815684999491752,0.08118295458386696,0.1681450057868756,0.16905047434934714,0.0,0.0
6831,6,219,4,M,3,0.8431132292729178,0.6137385593660719,1.0,0.6137385593660719,0.00025334977477253773,0.08118295458386696,0.8431132292729178,0.6137385593660719,0.0,0.0
6832,6,220,4,M,0,0.6337811406712175,0.8496439718772156,0.0,0.8496439718772156,0.00031510081957022984,0.08118295458386696,0.6337811406712175,0.8496439718772156,0.0,0.0
6833,6,220,4,M,1,0.8895210448728844,0.8833410329485872,1.0,0.8833410329485872,0.00026341393706830196,0.08118295458386696,0.8895210448728844,0.8833410329485872,0.0,0.0
6834,6,220,4,M,2,0.1681450057868756,0.16905047434934714,0.34,0.16905047434934714,0.0002815684999491752,0.08118295458386696,0.1681450057868756,0.16905047434934714,0.0,0.0
6835,6,220,4,M,3,0.8431132292729178,0.6137385593660719,1.0,0.6137385593660719,0.00025334977477253773,0.08118295458386696,0.8431132292729178,0.6137385593660718,0.0,0.0
6836,6,221,4,M,0,0.6337811406712175,0.8496439718772156,0.0,0.8496439718772156,0.00031510081957022984,0.08118295458386696,0.6337811406712174,0.8496439718772156,0.0,0.0
6837,6,221,4,M,1,0.8895210448728844,0.8833410329485872,1.0,0.8833410329485872,0.00026341393706830196,0.08118295458386696,0.8895210448728846,0.8833410329485872,0.0,0.0
6838,6,221,4,M,2,0.1681450057868756,0.16905047434934714,0.34,0.16905047434934714,0.0002815684999491752,0.08118295458386696,0.16814500578687558,0.16905047434934714,0.0,0.0
6839,6,221,4,M,3,0.8431132292729178,0.6137385593660718,1.0,0.6137385593660718,0.00025334977477253773,0.08118295458386696,0.8431132292729178,0.6137385593660719,0.0,0.0
6840,6,222,4,M,0,0.6337811406712174,0.8496439718772156,0.0,0.8496439718772156,0.00031510081957022984,0.08118295458386696,0.6337811406712175,0.8496439718772156,0.0,0.0
6841,6,222,4,M,1,0.8895210448728846,0.8833410329485872,1.0,0.8833410329485872,0.00026341393706830196,0.08118295458386696,0.8895210448728844,0.8833410329485872,0.0,0.0
6842,6,222,4,M,2,0.16814500578687558,0.16905047434934714,0.34,0.16905047434934714,0.0002815684999491752,0.08118295458386696,0.1681450057868756,0.16905047434934714,0.0,0.0
6843,6,222,4,M,3,0.8431132292729178,0.6137385593660719,1.0,0.6137385593660719,0.00025334977477253773,0.08118295458386696,0.8431132292729178,0.6137385593660719,0.0,0.0
6844,6,223,4,M,0,0.6337811406712175,0.8496439718772156,0.0,0.8496439718772156,0.00031510081957022984,0.08118295458386696,0.6337811406712175,0.8496439718772156,0.0,0.0
6845,6,223,4,M,1,0.8895210448728844,0.8833410329485872,1.0,0.8833410329485872,0.00026341393706830196,0.08118295458386696,0.8895210448728844,0.8833410329485872,0.0,0.0
6846,6,223,4,M,2,0.1681450057868756,0.16905047434934714,0.34,0.16905047434934714,0.0002815684999491752,0.08118295458386696,0.1681450057868756,0.16905047434934714,0.0,0.0
6847,6,223,4,M,3,0.8431132292729178,0.6137385593660719,1.0,0.6137385593660719,0.00025334977477253773,0.08118295458386696,0.8431132292729178,0.6137385593660718,0.0,0.0
6848,6,224,4,M,0,0.6337811406712175,0.8496439718772156,0.0,0.8496439718772156,0.00031510081957022984,0.08118295458386696,0.6337811406712174,0.8496439718772156,0.0,0.0
6849,6,224,4,M,1,0.8895210448728844,0.8833410329485872,1.0,0.8833410329485872,0.00026341393706830196,0.08118295458386696,0.8895210448728846,0.8833410329485872,0.0,0.0
6850,6,224,4,M,2,0.1681450057868756,0.16905047434934714,0.34,0.16905047434934714,0.0002815684999491752,0.08118295458386696,0.16814500578687558,0.16905047434934714,0.0,0.0
6851,6,224,4,M,3,0.8431132292729178,0.6137385593660718,1.0,0.6137385593660718,0.00025334977477253773,0.08118295458386696,0.8431132292729178,0.6137385593660719,0.0,0.0
6852,6,225,4,M,0,0.6337811406712174,0.8496439718772156,0.0,0.8496439718772156,0.00031510081957022984,0.08118295458386696,0.6337811406712175,0.8496439718772156,0.0,0.0
6853,6,225,4,M,1,0.8895210448728846,0.8833410329485872,1.0,0.8833410329485872,0.00026341393706830196,0.08118295458386696,0.8895210448728844,0.8833410329485872,0.0,0.0
6854,6,225,4,M,2,0.16814500578687558,0.16905047434934714,0.34,0.16905047434934714,0.0002815684999491752,0.08118295458386696,0.1681450057868756,0.16905047434934714,0.0,0.0
6855,6,225,4,M,3,0.8431132292729178,0.6137385593660719,1.0,0.6137385593660719,0.00025334977477253773,0.08118295458386696,0.8431132292729178,0.6137385593660719,0.0,0.0
6856,6,226,4,M,0,0.6337811406712175,0.8496439718772156,0.0,0.8496439718772156,0.00031510081957022984,0.08118295458386696,0.6337811406712175,0.8496439718772156,0.0,0.0
6857,6,226,4,M,1,0.8895210448728844,0.8833410329485872,1.0,0.8833410329485872,0.00026341393706830196,0.08118295458386696,0.8895210448728844,0.8833410329485872,0.0,0.0
6858,6,226,4,M,2,0.1681450057868756,0.16905047434934714,0.34,0.16905047434934714,0.0002815684999491752,0.08118295458386696,0.1681450057868756,0.16905047434934714,0.0,0.0
6859,6,226,4,M,3,0.8431132292729178,0.6137385593660719,1.0,0.6137385593660719,0.00025334977477253773,0.08118295458386696,0.8431132292729178,0.6137385593660718,0.0,0.0
6860,6,227,4,M,0,0.6337811406712175,0.8496439718772156,0.0,0.8496439718772156,0.00031510081957022984,0.08118295458386696,0.6337811406712174,0.8496439718772156,0.0,0.0
6861,6,227,4,M,1,0.8895210448728844,0.8833410329485872,1.0,0.8833410329485872,0.00026341393706830196,0.08118295458386696,0.8895210448728846,0.8833410329485872,0.0,0.0
6862,6,227,4,M,2,0.1681450057868756,0.16905047434934714,0.34,0.16905047434934714,0.0002815684999491752,0.08118295458386696,0.16814500578687558,0.16905047434934714,0.0,0.0
6863,6,227,4,M,3,0.8431132292729178,0.6137385593660718,1.0,0.6137385593660718,0.00025334977477253773,0.08118295458386696,0.8431132292729178,0.6137385593660719,0.0,0.0
6864,6,228,4,M,0,0.6337811406712174,0.8496439718772156,0.0,0.8496439718772156,0.00031510081957022984,0.08118295458386696,0.6337811406712175,0.8496439718772156,0.0,0.0
6865,6,228,4,M,1,0.8895210448728846,0.8833410329485872,1.0,0.8833410329485872,0.00026341393706830196,0.08118295458386696,0.8895210448728844,0.8833410329485872,0.0,0.0
6866,6,228,4,M,2,0.16814500578687558,0.16905047434934714,0.34,0.16905047434934714,0.0002815684999491752,0.08118295458386696,0.1681450057868756,0.16905047434934714,0.0,0.0
6867,6,228,4,M,3,0.8431132292729178,0.6137385593660719,1.0,0.6137385593660719,0.00025334977477253773,0.08118295458386696,0.8431132292729178,0.6137385593660719,0.0,0.0
6868,6,229,4,M,0,0.6337811406712175,0.8496439718772156,0.0,0.8496439718772156,0.00031510081957022984,0.08118295458386696,0.6337811406712175,0.8496439718772156,0.0,0.0
6869,6,229,4,M,1,0.8895210448728844,0.8833410329485872,1.0,0.8833410329485872,0.00026341393706830196,0.08118295458386696,0.8895210448728844,0.8833410329485872,0.0,0.0
6870,6,229,4,M,2,0.1681450057868756,0.16905047434934714,0.34,0.16905047434934714,0.0002815684999491752,0.08118295458386696,0.1681450057868756,0.16905047434934714,0.0,0.0
6871,6,229,4,M,3,0.8431132292729178,0.6137385593660719,1.0,0.6137385593660719,0.00025334977477253773,0.08118295458386696,0.8431132292729178,0.6137385593660718,0.0,0.0
6872,6,230,4,M,0,0.6337811406712175,0.8496439718772156,0.0,0.8496439718772156,0.00031510081957022984,0.08118295458386696,0.6337811406712174,0.8496439718772156,0.0,0.0
6873,6,230,4,M,1,0.8895210448728844,0.8833410329485872,1.0,0.8833410329485872,0.00026341393706830196,0.08118295458386696,0.8895210448728846,0.8833410329485872,0.0,0.0
6874,6,230,4,M,2,0.1681450057868756,0.16905047434934714,0.34,0.16905047434934714,0.0002815684999491752,0.08118295458386696,0.16814500578687558,0.16905047434934714,0.0,0.0
6875,6,230,4,M,3,0.8431132292729178,0.6137385593660718,1.0,0.6137385593660718,0.00025334977477253773,0.08118295458386696,0.8431132292729178,0.6137385593660719,0.0,0.0
6876,6,231,4,M,0,0.6337811406712174,0.8496439718772156,0.0,0.8496439718772156,0.00031510081957022984,0.08118295458386696,0.6337811406712175,0.8496439718772156,0.0,0.0
6877,6,231,4,M,1,0.8895210448728846,0.8833410329485872,1.0,0.8833410329485872,0.00026341393706830196,0.08118295458386696,0.8895210448728844,0.8833410329485872,0.0,0.0
6878,6,231,4,M,2,0.16814500578687558,0.16905047434934714,0.34,0.16905047434934714,0.0002815684999491752,0.08118295458386696,0.1681450057868756,0.16905047434934714,0.0,0.0
6879,6,231,4,M,3,0.8431132292729178,0.6137385593660719,1.0,0.6137385593660719,0.00025334977477253773,0.08118295458386696,0.8431132292729178,0.6137385593660719,0.0,0.0
6880,6,232,4,M,0,0.6337811406712175,0.8496439718772156,0.0,0.8496439718772156,0.00031510081957022984,0.08118295458386696,0.6337811406712175,0.8496439718772156,0.0,0.0
6881,6,232,4,M,1,0.8895210448728844,0.8833410329485872,1.0,0.8833410329485872,0.00026341393706830196,0.08118295458386696,0.8895210448728844,0.8833410329485872,0.0,0.0
6882,6,232,4,M,2,0.1681450057868756,0.16905047434934714,0.34,0.16905047434934714,0.0002815684999491752,0.08118295458386696,0.1681450057868756,0.16905047434934714,0.0,0.0
6883,6,232,4,M,3,0.8431132292729178,0.6137385593660719,1.0,0.6137385593660719,0.00025334977477253773,0.08118295458386696,0.8431132292729178,0.6137385593660718,0.0,0.0
6884,6,233,4,M,0,0.6337811406712175,0.8496439718772156,0.0,0.8496439718772156,0.00031510081957022984,0.08118295458386696,0.6337811406712174,0.8496439718772156,0.0,0.0
6885,6,233,4,M,1,0.8895210448728844,0.8833410329485872,1.0,0.8833410329485872,0.00026341393706830196,0.08118295458386696,0.8895210448728846,0.8833410329485872,0.0,0.0
6886,6,233,4,M,2,0.1681450057868756,0.16905047434934714,0.34,0.16905047434934714,0.0002815684999491752,0.08118295458386696,0.16814500578687558,0.16905047434934714,0.0,0.0
6887,6,233,4,M,3,0.8431132292729178,0.6137385593660718,1.0,0.6137385593660718,0.00025334977477253773,0.08118295458386696,0.8431132292729178,0.6137385593660719,0.0,0.0
6888,6,234,4,M,0,0.6337811406712174,0.8496439718772156,0.0,0.8496439718772156,0.00031510081957022984,0.08118295458386696,0.6337811406712175,0.8496439718772156,0.0,0.0
6889,6,234,4,M,1,0.8895210448728846,0.8833410329485872,1.0,0.8833410329485872,0.00026341393706830196,0.08118295458386696,0.8895210448728844,0.8833410329485872,0.0,0.0
6890,6,234,4,M,2,0.16814500578687558,0.16905047434934714,0.34,0.16905047434934714,0.0002815684999491752,0.08118295458386696,0.1681450057868756,0.16905047434934714,0.0,0.0
6891,6,234,4,M,3,0.8431132292729178,0.6137385593660719,1.0,0.6137385593660719,0.00025334977477253773,0.08118295458386696,0.8431132292729178,0.6137385593660719,0.0,0.0
6892,6,235,4,M,0,0.6337811406712175,0.8496439718772156,0.0,0.8496439718772156,0.00031510081957022984,0.08118295458386696,0.6337811406712175,0.8496439718772156,0.0,0.0
6893,6,235,4,M,1,0.8895210448728844,0.8833410329485872,1.0,0.8833410329485872,0.00026341393706830196,0.08118295458386696,0.8895210448728844,0.8833410329485872,0.0,0.0
6894,6,235,4,M,2,0.1681450057868756,0.16905047434934714,0.34,0.16905047434934714,0.0002815684999491752,0.08118295458386696,0.1681450057868756,0.16905047434934714,0.0,0.0
6895,6,235,4,M,3,0.8431132292729178,0.6137385593660719,1.0,0.6137385593660719,0.00025334977477253773,0.08118295458386696,0.8431132292729178,0.6137385593660718,0.0,0.0
6896,6,236,4,M,0,0.6337811406712175,0.8496439718772156,0.0,0.8496439718772156,0.00031510081957022984,0.08118295458386696,0.6337811406712174,0.8496439718772156,0.0,0.0
6897,6,236,4,M,1,0.8895210448728844,0.8833410329485872,1.0,0.8833410329485872,0.00026341393706830196,0.08118295458386696,0.8895210448728846,0.8833410329485872,0.0,0.0
6898,6,236,4,M,2,0.1681450057868756,0.16905047434934714,0.34,0.16905047434934714,0.0002815684999491752,0.08118295458386696,0.16814500578687558,0.16905047434934714,0.0,0.0
6899,6,236,4,M,3,0.8431132292729178,0.6137385593660718,1.0,0.6137385593660718,0.00025334977477253773,0.08118295458386696,0.8431132292729178,0.6137385593660719,0.0,0.0
6900,6,237,4,M,0,0.6337811406712174,0.8496439718772156,0.0,0.8496439718772156,0.00031510081957022984,0.08118295458386696,0.6337811406712175,0.8496439718772156,0.0,0.0
6901,6,237,4,M,1,0.8895210448728846,0.8833410329485872,1.0,0.8833410329485872,0.00026341393706830196,0.08118295458386696,0.8895210448728844,0.8833410329485872,0.0,0.0
6902,6,237,4,M,2,0.16814500578687558,0.16905047434934714,0.34,0.16905047434934714,0.0002815684999491752,0.08118295458386696,0.1681450057868756,0.16905047434934714,0.0,0.0
6903,6,237,4,M,3,0.8431132292729178,0.6137385593660719,1.0,0.6137385593660719,0.00025334977477253773,0.08118295458386696,0.8431132292729178,0.6137385593660719,0.0,0.0
6904,6,238,4,M,0,0.6337811406712175,0.8496439718772156,0.0,0.8496439718772156,0.00031510081957022984,0.08118295458386696,0.6337811406712175,0.8496439718772156,0.0,0.0
6905,6,238,4,M,1,0.8895210448728844,0.8833410329485872,1.0,0.8833410329485872,0.00026341393706830196,0.08118295458386696,0.8895210448728844,0.8833410329485872,0.0,0.0
6906,6,238,4,M,2,0.1681450057868756,0.16905047434934714,0.34,0.16905047434934714,0.0002815684999491752,0.08118295458386696,0.1681450057868756,0.16905047434934714,0.0,0.0
6907,6,238,4,M,3,0.8431132292729178,0.6137385593660719,1.0,0.6137385593660719,0.00025334977477253773,0.08118295458386696,0.8431132292729178,0.6137385593660718,0.0,0.0
6908,6,239,4,M,0,0.6337811406712175,0.8496439718772156,0.0,0.8496439718772156,0.00031510081957022984,0.08118295458386696,0.6337811406712174,0.8496439718772156,0.0,0.0
6909,6,239,4,M,1,0.8895210448728844,0.8833410329485872,1.0,0.8833410329485872,0.00026341393706830196,0.08118295458386696,0.8895210448728846,0.8833410329485872,0.0,0.0
6910,6,239,4,M,2,0.1681450057868756,0.16905047434934714,0.34,0.16905047434934714,0.0002815684999491752,0.08118295458386696,0.16814500578687558,0.16905047434934714,0.0,0.0
6911,6,239,4,M,3,0.8431132292729178,0.6137385593660718,1.0,0.6137385593660718,0.00025334977477253773,0.08118295458386696,0.8431132292729178,0.6137385593660719,0.0,0.0
6912,6,240,4,M,0,0.6337811406712174,0.8496439718772156,0.0,0.8496439718772156,0.00031510081957022984,0.08118295458386696,0.6337811406712175,0.8496439718772156,0.0,0.0
6913,6,240,4,M,1,0.8895210448728846,0.8833410329485872,1.0,0.8833410329485872,0.00026341393706830196,0.08118295458386696,0.8895210448728844,0.8833410329485872,0.0,0.0
6914,6,240,4,M,2,0.16814500578687558,0.16905047434934714,0.34,0.16905047434934714,0.0002815684999491752,0.08118295458386696,0.1681450057868756,0.16905047434934714,0.0,0.0
6915,6,240,4,M,3,0.8431132292729178,0.6137385593660719,1.0,0.6137385593660719,0.00025334977477253773,0.08118295458386696,0.8431132292729178,0.6137385593660719,0.0,0.0
6916,6,241,4,M,0,0.6337811406712175,0.8496439718772156,0.0,0.8496439718772156,0.00031510081957022984,0.08118295458386696,0.6337811406712175,0.8496439718772156,0.0,0.0
6917,6,241,4,M,1,0.8895210448728844,0.8833410329485872,1.0,0.8833410329485872,0.00026341393706830196,0.08118295458386696,0.8895210448728844,0.8833410329485872,0.0,0.0
6918,6,241,4,M,2,0.1681450057868756,0.16905047434934714,0.34,0.16905047434934714,0.0002815684999491752,0.08118295458386696,0.1681450057868756,0.16905047434934714,0.0,0.0
6919,6,241,4,M,3,0.8431132292729178,0.6137385593660719,1.0,0.6137385593660719,0.00025334977477253773,0.08118295458386696,0.8431132292729178,0.6137385593660718,0.0,0.0
6920,6,242,4,M,0,0.6337811406712175,0.8496439718772156,0.0,0.8496439718772156,0.00031510081957022984,0.08118295458386696,0.6337811406712174,0.8496439718772156,0.0,0.0
6921,6,242,4,M,1,0.8895210448728844,0.8833410329485872,1.0,0.8833410329485872,0.00026341393706830196,0.08118295458386696,0.8895210448728846,0.8833410329485872,0.0,0.0
6922,6,242,4,M,2,0.1681450057868756,0.16905047434934714,0.34,0.16905047434934714,0.0002815684999491752,0.08118295458386696,0.16814500578687558,0.16905047434934714,0.0,0.0
6923,6,242,4,M,3,0.8431132292729178,0.6137385593660718,1.0,0.6137385593660718,0.00025334977477253773,0.08118295458386696,0.8431132292729178,0.6137385593660719,0.0,0.0
6924,6,243,4,M,0,0.6337811406712174,0.8496439718772156,0.0,0.8496439718772156,0.00031510081957022984,0.08118295458386696,0.6337811406712175,0.8496439718772156,0.0,0.0
6925,6,243,4,M,1,0.8895210448728846,0.8833410329485872,1.0,0.8833410329485872,0.00026341393706830196,0.08118295458386696,0.8895210448728844,0.8833410329485872,0.0,0.0
6926,6,243,4,M,2,0.16814500578687558,0.16905047434934714,0.34,0.16905047434934714,0.0002815684999491752,0.08118295458386696,0.1681450057868756,0.16905047434934714,0.0,0.0
6927,6,243,4,M,3,0.8431132292729178,0.6137385593660719,1.0,0.6137385593660719,0.00025334977477253773,0.08118295458386696,0.8431132292729178,0.6137385593660719,0.0,0.0
6928,6,244,4,M,0,0.6337811406712175,0.8496439718772156,0.0,0.8496439718772156,0.00031510081957022984,0.08118295458386696,0.6337811406712175,0.8496439718772156,0.0,0.0
6929,6,244,4,M,1,0.8895210448728844,0.8833410329485872,1.0,0.8833410329485872,0.00026341393706830196,0.08118295458386696,0.8895210448728844,0.8833410329485872,0.0,0.0
6930,6,244,4,M,2,0.1681450057868756,0.16905047434934714,0.34,0.16905047434934714,0.0002815684999491752,0.08118295458386696,0.1681450057868756,0.16905047434934714,0.0,0.0
6931,6,244,4,M,3,0.8431132292729178,0.6137385593660719,1.0,0.6137385593660719,0.00025334977477253773,0.08118295458386696,0.8431132292729178,0.6137385593660718,0.0,0.0
6932,6,245,4,M,0,0.6337811406712175,0.8496439718772156,0.0,0.8496439718772156,0.00031510081957022984,0.08118295458386696,0.6337811406712174,0.8496439718772156,0.0,0.0
6933,6,245,4,M,1,0.8895210448728844,0.8833410329485872,1.0,0.8833410329485872,0.00026341393706830196,0.08118295458386696,0.8895210448728846,0.8833410329485872,0.0,0.0
6934,6,245,4,M,2,0.1681450057868756,0.16905047434934714,0.34,0.16905047434934714,0.0002815684999491752,0.08118295458386696,0.16814500578687558,0.16905047434934714,0.0,0.0
6935,6,245,4,M,3,0.8431132292729178,0.6137385593660718,1.0,0.6137385593660718,0.00025334977477253773,0.08118295458386696,0.8431132292729178,0.6137385593660719,0.0,0.0
6936,6,246,4,M,0,0.6337811406712174,0.8496439718772156,0.0,0.8496439718772156,0.00031510081957022984,0.08118295458386696,0.6337811406712175,0.8496439718772156,0.0,0.0
6937,6,246,4,M,1,0.8895210448728846,0.8833410329485872,1.0,0.8833410329485872,0.00026341393706830196,0.08118295458386696,0.8895210448728844,0.8833410329485872,0.0,0.0
6938,6,246,4,M,2,0.16814500578687558,0.16905047434934714,0.34,0.16905047434934714,0.0002815684999491752,0.08118295458386696,0.1681450057868756,0.16905047434934714,0.0,0.0
6939,6,246,4,M,3,0.8431132292729178,0.6137385593660719,1.0,0.6137385593660719,0.00025334977477253773,0.08118295458386696,0.8431132292729178,0.6137385593660719,0.0,0.0
6940,6,247,4,M,0,0.6337811406712175,0.8496439718772156,0.0,0.8496439718772156,0.00031510081957022984,0.08118295458386696,0.6337811406712175,0.8496439718772156,0.0,0.0
6941,6,247,4,M,1,0.8895210448728844,0.8833410329485872,1.0,0.8833410329485872,0.00026341393706830196,0.08118295458386696,0.8895210448728844,0.8833410329485872,0.0,0.0
6942,6,247,4,M,2,0.1681450057868756,0.16905047434934714,0.34,0.16905047434934714,0.0002815684999491752,0.08118295458386696,0.1681450057868756,0.16905047434934714,0.0,0.0
6943,6,247,4,M,3,0.8431132292729178,0.6137385593660719,1.0,0.6137385593660719,0.00025334977477253773,0.08118295458386696,0.8431132292729178,0.6137385593660718,0.0,0.0
6944,7,0,0,M,0,0.39650123799740955,0.2582814251488632,0.0,0.2582814251488632,0.046333865887770116,0.08118295458386696,0.2883349946631071,0.3742259050535508,0.0,0.0
6945,7,0,0,M,1,0.6658177980126018,0.7330252547249286,1.0,0.7330252547249286,0.04633386588777013,0.08118295458386696,0.8111122818771409,0.6300485149315822,0.0,0.0
6946,7,0,0,M,2,0.5382578435581812,0.08171218112638956,1.0,0.08171218112638956,0.0463338658877701,0.08118295458386696,0.759499747186286,0.15105037930111176,0.0,0.0
6947,7,0,0,M,3,0.5814781972635695,0.7104809569842516,0.0,0.7104809569842516,0.04633386588777007,0.08118295458386696,0.3060607222791427,0.7760905914429563,0.0,0.0
6948,7,1,0,M,0,0.24,0.24,0.0,0.24,0.044541964936583966,0.08118295458386696,0.25297904637390434,0.32290263412312964,1.0,1.0
6949,7,1,0,M,1,0.76,0.76,1.0,0.76,0.04240782921779371,0.08118295458386696,0.7860193384501333,0.6841593729225669,1.0,1.0
6950,7,1,0,M,2,0.76,0.24,1.0,0.24,0.04239811431870272,0.08118295458386696,0.7527909511831264,0.1377196313724717,1.0,1.0
6951,7,1,0,M,3,0.5,1.0,0.0,1.0,0.04600894006968625,0.08118295458386696,0.24358403615455498,0.7811335913068145,1.0,1.0
6952,7,2,0,M,0,0.0,0.5,0.0,0.5,0.042399162596322454,0.08118295458386696,0.27293823069138456,0.29515053031733024,1.0,1.0
6953,7,2,0,M,1,1.0,0.5,1.0,0.5,0.042399162596322384,0.08118295458386696,0.73577495484723,0.7157849643464411,1.0,1.0
6954,7,2,0,M,2,0.5,0.0,1.0,0.0,0.04239120589523617,0.08118295458386696,0.7901858686278616,0.1580633030594836,1.0,1.0
6955,7,2,0,M,3,0.0,1.0,0.38,1.0,0.04021882627733708,0.08118295458386696,0.32475110739290713,0.7243843038330945,1.0,1.0
6956,7,3,0,M,0,0.0,0.0,0.5,0.0,0.0341548711948265,0.08118295458386696,0.22599344969146715,0.22278915485832104,1.0,1.0
6957,7,3,0,M,1,1.0,1.0,0.54,1.0,0.03367555717006089,0.08118295458386696,0.7890311462876538,0.772891480639846,1.0,1.0
6958,7,3,0,M,2,1.0,0.0,0.6,0.0,0.027369854857066438,0.08118295458386696,0.5891964530906754,0.35048022308656596,1.0,1.0
6959,7,3,0,M,3,0.24,0.76,0.5,0.76,0.03431730739879925,0.08118295458386696,0.42792231235576184,0.623613124056481,1.0,1.0
6960,7,4,0,M,0,0.22599344969146715,0.22278915485832104,0.24,0.22278915485832104,0.017669222480267685,0.08118295458386696,0.17687251365496934,0.182963873121243,0.0,0.0
6961,7,4,0,M,1,0.7890311462876538,0.772891480639846,0.76,0.772891480639846,0.017669222480267685,0.08118295458386696,0.8239697093116406,0.8169473243800254,0.0,0.0
6962,7,4,0,M,2,0.5891964530906754,0.35048022308656596,0.76,0.35048022308656596,0.017669222480267685,0.08118295458386696,0.5841310775981049,0.32460147200367356,0.0,0.0
6963,7,4,0,M,3,0.5,0.5,0.0,0.5,0.017669222480267685,0.08118295458386696,0.4250446004099748,0.6600158480081624,1.0,1.0
6964,7,5,0,M,0,0.17687251365496934,0.182963873121243,0.24,0.182963873121243,0.017669222480267685,0.08118295458386696,0.16854486052488485,0.17990804213902753,0.0,0.0
6965,7,5,0,M,1,0.8239697093116406,0.8169473243800254,0.76,0.8169473243800254,0.017669222480267685,0.08118295458386696,0.8315078242590895,0.8203623819532465,0.0,0.0
6966,7,5,0,M,2,0.5841310775981049,0.32460147200367356,0.76,0.32460147200367356,0.017669222480267685,0.08118295458386696,0.5489391497776137,0.3126903346307374,0.0,0.0
6967,7,5,0,M,3,0.4250446004099748,0.6600158480081624,0.0,0.6600158480081624,0.017669222480267685,0.08118295458386696,0.4543100496256153,0.6781532302434975,0.0,0.0
6968,7,6,0,M,0,0.16854486052488485,0.17990804213902753,0.24,0.17990804213902753,0.017669222480267685,0.08118295458386696,0.16251933073585342,0.18027710946627143,0.0,0.0
6969,7,6,0,M,1,0.8315078242590895,0.8203623819532465,0.76,0.8203623819532465,0.017669222480267685,0.08118295458386696,0.8370195503370541,0.8196929912456978,0.0,0.0
6970,7,6,0,M,2,0.5489391497776137,0.3126903346307374,0.76,0.3126903346307374,0.017669222480267685,0.08118295458386696,0.5042854800393451,0.29230022368708763,0.0,0.0
6971,7,6,0,M,3,0.4543100496256153,0.6781532302434975,0.0,0.6781532302434975,0.017669222480267685,0.08118295458386696,0.49426349973385897,0.7018238756782667,0.0,0.0
6972,7,7,0,M,0,0.16251933073585342,0.18027710946627143,0.24,0.18027710946627143,0.017669222480267685,0.08118295458386696,0.15369231122314775,0.18055134919105112,0.0,0.0
6973,7,7,0,M,1,0.8370195503370541,0.8196929912456978,0.76,0.8196929912456978,0.017669222480267685,0.08118295458386696,0.8448102269969541,0.81948477041728,0.0,0.0
6974,7,7,0,M,2,0.5042854800393451,0.29230022368708763,0.76,0.29230022368708763,0.017669222480267685,0.08118295458386696,0.4556269117487373,0.2725257815783421,0.0,0.0
6975,7,7,0,M,3,0.49426349973385897,0.7018238756782667,0.0,0.7018238756782667,0.017669222480267685,0.08118295458386696,0.5405286810541678,0.7217040321383252,0.0,0.0
6976,7,8,1,M,0,0.15369231122314775,0.18055134919105112,0.24,0.18055134919105112,0.017669222480267685,0.08118295458386696,0.14357422344111143,0.1793079310394667,0.0,0.0
6977,7,8,1,M,1,0.8448102269969541,0.81948477041728,0.76,0.81948477041728,0.017669222480267685,0.08118295458386696,0.8550786663887534,0.820928889450214,0.0,0.0
6978,7,8,1,M,2,0.4556269117487373,0.2725257815783421,0.76,0.2725257815783421,0.017669222480267685,0.08118295458386696,0.4135694237773873,0.2620131029858465,0.0,0.0
6979,7,8,1,M,3,0.5405286810541678,0.7217040321383252,0.0,0.7217040321383252,0.017669222480267685,0.08118295458386696,0.5834119560648622,0.7325961392401552,0.0,0.0
6980,7,9,1,M,0,0.0,0.24,0.0,0.24,0.016088338218822232,0.08118295458386696,0.12966711732176403,0.17752648804487828,1.0,1.0
6981,7,9,1,M,1,1.0,0.76,0.76,0.76,0.015634306553440516,0.08118295458386696,0.8687123356162502,0.8290673749215951,1.0,1.0
6982,7,9,1,M,2,0.5,0.24,0.76,0.24,0.01627318168799745,0.08118295458386696,0.37732273530704413,0.2477820370723404,1.0,1.0
6983,7,9,1,M,3,0.74,0.5,0.24,0.5,0.017234028641143137,0.08118295458386696,0.6082504758631829,0.7535226413679859,1.0,1.0
6984,7,10,1,M,0,0.24,0.0,0.0,0.0,0.016057746395999897,0.08118295458386696,0.12225422997491528,0.1691096017380215,1.0,1.0
6985,7,10,1,M,1,0.76,1.0,1.0,1.0,0.012912445145843346,0.08118295458386696,0.8749698232329672,0.8349525270187658,1.0,1.0
6986,7,10,1,M,2,0.76,0.0,1.0,0.0,0.012239791418382565,0.08118295458386696,0.3385416317990151,0.2479277499180682,1.0,1.0
6987,7,10,1,M,3,0.5,0.76,0.0,0.76,0.01585783727692068,0.08118295458386696,0.6551021793230885,0.7727304552739949,1.0,1.0
6988,7,11,1,M,0,0.12225422997491528,0.1691096017380215,0.0,0.1691096017380215,0.014711886415718328,0.08118295458386696,0.11417858027522332,0.16110584847679071,0.0,0.0
6989,7,11,1,M,1,0.8749698232329672,0.8349525270187658,0.88,0.8349525270187658,0.0026990521387026956,0.08118295458386696,0.8871470457399813,0.8382449649872701,0.0,0.0
6990,7,11,1,M,2,1.0,0.24,0.04,0.24,0.011496780385955266,0.08118295458386696,0.316416743254734,0.25626330726493013,1.0,1.0
6991,7,11,1,M,3,0.24,1.0,0.0,1.0,0.012864436150824221,0.08118295458386696,0.6788650245716309,0.785019976175455,1.0,1.0
6992,7,12,1,M,0,0.11417858027522332,0.16110584847679071,0.12,0.16110584847679071,0.0046443984675972605,0.08118295458386696,0.11075249701544941,0.15342899651552344,0.0,0.0
6993,7,12,1,M,1,0.8871470457399813,0.8382449649872701,0.88,0.8382449649872701,0.0026786981803385707,0.08118295458386696,0.8957285633751821,0.838882013237408,0.0,0.0
6994,7,12,1,M,2,0.316416743254734,0.25626330726493013,0.24,0.25626330726493013,0.008770704206193053,0.08118295458386696,0.3029444345006342,0.26445919864596934,0.0,0.0
6995,7,12,1,M,3,0.0,0.76,0.36,0.76,0.0039631237180157985,0.08118295458386696,0.6908207649223881,0.7920179999595005,1.0,1.0
6996,7,13,1,M,0,0.11075249701544941,0.15342899651552344,0.1,0.15342899651552344,0.0037147225145737067,0.08118295458386696,0.1113855899393678,0.14576853337229195,0.0,0.0
6997,7,13,1,M,1,0.8957285633751821,0.838882013237408,0.88,0.838882013237408,0.0026786981803385707,0.08118295458386696,0.9008550984927244,0.8376904542561725,0.0,0.0
6998,7,13,1,M,2,0.3029444345006342,0.26445919864596934,0.24,0.26445919864596934,0.008770704206193053,0.08118295458386696,0.2936789670040301,0.27337083052316896,0.0,0.0
6999,7,13,1,M,3,0.6908207649223881,0.7920179999595005,0.36,0.7920179999595005,0.0035069574302615397,0.08118295458386696,0.6981476199838162,0.7974676357446636,0.0,0.0
7000,7,14,1,M,0,0.1113855899393678,0.14576853337229195,0.08,0.14576853337229195,0.0030815519536513125,0.08118295458386696,0.11412482466058003,0.13844204420786577,0.0,0.0
7001,7,14,1,M,1,0.9008550984927244,0.8376904542561725,0.88,0.8376904542561725,0.0026786981803385707,0.08118295458386696,0.9039169632691353,0.8363952299104456,0.0,0.0
7002,7,14,1,M,2,0.2936789670040301,0.27337083052316896,0.24,0.27337083052316896,0.008770704206193053,0.08118295458386696,0.28535127613008415,0.2826263523985464,0.0,0.0
7003,7,14,1,M,3,0.6981476199838162,0.7974676357446636,0.38,0.7974676357446636,0.0031500644024599483,0.08118295458386696,0.7022887596566784,0.8012516452759115,0.0,0.0
7004,7,15,1,M,0,0.11412482466058003,0.13844204420786577,0.12,0.13844204420786577,0.002665362250372269,0.08118295458386696,0.11895139944398013,0.13151561059815878,0.0,0.0
7005,7,15,1,M,1,0.9039169632691353,0.8363952299104456,0.88,0.8363952299104456,0.0026786981803385707,0.08118295458386696,0.9059244248818,0.835893356346686,0.0,0.0
7006,7,15,1,M,2,0.28535127613008415,0.2826263523985464,0.24,0.2826263523985464,0.008770704206193053,0.08118295458386696,0.2769015413403347,0.29295299983218837,0.0,0.0
7007,7,15,1,M,3,0.7022887596566784,0.8012516452759115,0.38,0.8012516452759115,0.0031500644024599483,0.08118295458386696,0.7052609791121213,0.8028559530360561,0.0,0.0
7008,7,16,1,M,0,0.11895139944398013,0.13151561059815878,0.12,0.13151561059815878,0.002665362250372269,0.08118295458386696,0.12463335954409474,0.12525137892706414,0.0,0.0
7009,7,16,1,M,1,0.9059244248818,0.835893356346686,0.88,0.835893356346686,0.0026786981803385707,0.08118295458386696,0.9070660589912245,0.8352202401227999,0.0,0.0
7010,7,16,1,M,2,0.2769015413403347,0.29295299983218837,0.24,0.29295299983218837,0.008770704206193053,0.08118295458386696,0.26828056214231555,0.30285535458234497,0.0,0.0
7011,7,16,1,M,3,0.7052609791121213,0.8028559530360561,0.36,0.8028559530360561,0.002981308190160653,0.08118295458386696,0.7068276640706531,0.8043981874866827,0.0,0.0
7012,7,17,1,M,0,0.12463335954409474,0.12525137892706414,0.12,0.12525137892706414,0.002665362250372269,0.08118295458386696,0.13260828268401054,0.11882656698646148,0.0,0.0
7013,7,17,1,M,1,0.9070660589912245,0.8352202401227999,0.88,0.8352202401227999,0.0026786981803385707,0.08118295458386696,0.9082257791063241,0.8342842538236093,0.0,0.0
7014,7,17,1,M,2,0.26828056214231555,0.30285535458234497,0.24,0.30285535458234497,0.008770704206193053,0.08118295458386696,0.2569549092553145,0.3142128023935089,0.0,0.0
7015,7,17,1,M,3,0.7068276640706531,0.8043981874866827,0.38,0.8043981874866827,0.00274065292414738,0.08118295458386696,0.7081797437331607,0.8061002961548492,0.0,0.0
7016,7,18,1,M,0,0.13260828268401054,0.11882656698646148,0.12,0.11882656698646148,0.002665362250372269,0.08118295458386696,0.14154854945977208,0.11419382225041756,0.0,0.0
7017,7,18,1,M,1,0.9082257791063241,0.8342842538236093,0.88,0.8342842538236093,0.0026786981803385707,0.08118295458386696,0.9087235355430188,0.8330958624891466,0.0,0.0
7018,7,18,1,M,2,0.2569549092553145,0.3142128023935089,0.24,0.3142128023935089,0.008770704206193053,0.08118295458386696,0.24511287464931555,0.325803942531581,0.0,0.0
7019,7,18,1,M,3,0.7081797437331607,0.8061002961548492,0.38,0.8061002961548492,0.00274065292414738,0.08118295458386696,0.7086101597581229,0.8077456579658269,0.0,0.0
7020,7,19,1,M,0,0.14154854945977208,0.11419382225041756,0.12,0.11419382225041756,0.002665362250372269,0.08118295458386696,0.14871815258908727,0.11043120844731101,0.0,0.0
7021,7,19,1,M,1,0.9087235355430188,0.8330958624891466,0.88,0.8330958624891466,0.0026786981803385707,0.08118295458386696,0.9092079320594785,0.8325821510083021,0.0,0.0
7022,7,19,1,M,2,0.24511287464931555,0.325803942531581,0.24,0.325803942531581,0.008770704206193053,0.08118295458386696,0.23390669503924244,0.3327907804657205,0.0,0.0
7023,7,19,1,M,3,0.7086101597581229,0.8077456579658269,0.38,0.8077456579658269,0.00274065292414738,0.08118295458386696,0.7091723808336318,0.8084487029699096,0.0,0.0
7024,7,20,1,M,0,0.14871815258908727,0.11043120844731101,0.12,0.11043120844731101,0.002665362250372269,0.08118295458386696,0.15450668673705698,0.1085130024924253,0.0,0.0
7025,7,20,1,M,1,0.9092079320594785,0.8325821510083021,0.88,0.8325821510083021,0.0026786981803385707,0.08118295458386696,0.9092120629650113,0.8326143065392616,0.0,0.0
7026,7,20,1,M,2,0.23390669503924244,0.3327907804657205,0.24,0.3327907804657205,0.008770704206193053,0.08118295458386696,0.22530778240994995,0.3377569514265398,0.0,0.0
7027,7,20,1,M,3,0.7091723808336318,0.8084487029699096,0.36,0.8084487029699096,0.0025637522902979965,0.08118295458386696,0.7093093906803061,0.8085148252920119,0.0,0.0
7028,7,21,1,M,0,0.15450668673705698,0.1085130024924253,0.12,0.1085130024924253,0.002665362250372269,0.08118295458386696,0.1582833282214939,0.10817942162124247,0.0,0.0
7029,7,21,1,M,1,0.9092120629650113,0.8326143065392616,0.88,0.8326143065392616,0.0026786981803385707,0.08118295458386696,0.9092182549355244,0.8325889079050801,0.0,0.0
7030,7,21,1,M,2,0.22530778240994995,0.3377569514265398,0.24,0.3377569514265398,0.008770704206193053,0.08118295458386696,0.2196241872323881,0.34129673012004896,0.0,0.0
7031,7,21,1,M,3,0.7093093906803061,0.8085148252920119,0.36,0.8085148252920119,0.0025637522902979965,0.08118295458386696,0.7093607711281332,0.8082279331317862,0.0,0.0
7032,7,22,1,M,0,0.1582833282214939,0.10817942162124247,0.12,0.10817942162124247,0.002665362250372269,0.08118295458386696,0.16066304631790643,0.1076273615720831,0.0,0.0
7033,7,22,1,M,1,0.9092182549355244,0.8325889079050801,0.88,0.8325889079050801,0.0026786981803385707,0.08118295458386696,0.909210739638977,0.8326230263343826,0.0,0.0
7034,7,22,1,M,2,0.2196241872323881,0.34129673012004896,0.24,0.34129673012004896,0.008770704206193053,0.08118295458386696,0.21565038802324976,0.34254133057231434,0.0,0.0
7035,7,22,1,M,3,0.7093607711281332,0.8082279331317862,0.36,0.8082279331317862,0.0025637522902979965,0.08118295458386696,0.7092830815503477,0.8080584504893485,0.0,0.0
7036,7,23,1,M,0,0.16066304631790643,0.1076273615720831,0.12,0.1076273615720831,0.002665362250372269,0.08118295458386696,0.16213769331215863,0.10738624754447453,0.0,0.0
7037,7,23,1,M,1,0.909210739638977,0.8326230263343826,0.88,0.8326230263343826,0.0026786981803385707,0.08118295458386696,0.9092107396389769,0.8326230263343825,0.0,0.0
7038,7,23,1,M,2,0.21565038802324976,0.34254133057231434,0.24,0.34254133057231434,0.008770704206193053,0.08118295458386696,0.2128354912485346,0.34334500992220607,0.0,0.0
7039,7,23,1,M,3,0.7092830815503477,0.8080584504893485,0.36,0.8080584504893485,0.0025637522902979965,0.08118295458386696,0.7092858781837467,0.8076357762445532,0.0,0.0
7040,7,24,2,M,0,0.16213769331215863,0.10738624754447453,0.12,0.10738624754447453,0.002665362250372269,0.08118295458386696,0.16266946771757532,0.10711310050378818,0.0,0.0
7041,7,24,2,M,1,0.9092107396389769,0.8326230263343825,0.88,0.8326230263343825,0.0026786981803385707,0.08118295458386696,0.909210366002868,0.8326490899503797,0.0,0.0
7042,7,24,2,M,2,0.2128354912485346,0.34334500992220607,0.24,0.34334500992220607,0.008770704206193053,0.08118295458386696,0.2118369525335134,0.34316566178963515,0.0,0.0
7043,7,24,2,M,3,0.7092858781837467,0.8076357762445532,0.36,0.8076357762445532,0.0025637522902979965,0.08118295458386696,0.7091649228762492,0.8076009394089908,0.0,0.0
7044,7,25,2,M,0,0.16266946771757532,0.10711310050378818,0.12,0.10711310050378818,0.0025382337372637093,0.08118295458386696,0.1640235201727584,0.10676490759455012,0.0,0.0
7045,7,25,2,M,1,0.909210366002868,0.8326490899503797,0.88,0.8326490899503797,0.0026502074375587548,0.08118295458386696,0.9092205682952592,0.8334767630363085,0.0,0.0
7046,7,25,2,M,2,0.24,0.5,0.12,0.5,0.0025382337372636815,0.08118295458386696,0.20647203593686891,0.31826616175443,1.0,1.0
7047,7,25,2,M,3,0.7091649228762492,0.8076009394089908,0.86,0.8076009394089908,0.002531535224188322,0.08118295458386696,0.7050154886602237,0.8072652746487452,0.0,0.0
7048,7,26,2,M,0,0.1640235201727584,0.10676490759455012,0.12,0.10676490759455012,0.0025382337372637093,0.08118295458386696,0.16310308470893947,0.10172421314317974,0.0,0.0
7049,7,26,2,M,1,0.9092205682952592,0.8334767630363085,0.88,0.8334767630363085,0.0026502074375587548,0.08118295458386696,0.9086482408489963,0.8336996970804381,0.0,0.0
7050,7,26,2,M,2,0.20647203593686891,0.31826616175443,0.12,0.31826616175443,0.0025382337372636815,0.08118295458386696,0.2045879261801044,0.31011820585557154,0.0,0.0
7051,7,26,2,M,3,0.7050154886602237,0.8072652746487452,0.86,0.8072652746487452,0.002531535224188322,0.08118295458386696,0.7038720561199382,0.8066137989232894,0.0,0.0
7052,7,27,2,M,0,0.16310308470893947,0.10172421314317974,0.12,0.10172421314317974,0.0025382337372637093,0.08118295458386696,0.16267818530705977,0.09810144764912963,0.0,0.0
7053,7,27,2,M,1,0.9086482408489963,0.8336996970804381,0.88,0.8336996970804381,0.0026502074375587548,0.08118295458386696,0.9083252597669922,0.8332999387023952,0.0,0.0
7054,7,27,2,M,2,0.2045879261801044,0.31011820585557154,0.12,0.31011820585557154,0.0025382337372636815,0.08118295458386696,0.20308574693135564,0.30452113234580325,0.0,0.0
7055,7,27,2,M,3,0.7038720561199382,0.8066137989232894,0.86,0.8066137989232894,0.002531535224188322,0.08118295458386696,0.7029325936063046,0.8070410209163028,0.0,0.0
7056,7,28,2,M,0,0.16267818530705977,0.09810144764912963,0.12,0.09810144764912963,0.0025382337372637093,0.08118295458386696,0.1626866176112376,0.09608862122389343,0.0,0.0
7057,7,28,2,M,1,0.9083252597669922,0.8332999387023952,0.88,0.8332999387023952,0.0026502074375587548,0.08118295458386696,0.9082639124408449,0.8330525420413321,0.0,0.0
7058,7,28,2,M,2,0.20308574693135564,0.30452113234580325,0.12,0.30452113234580325,0.0025382337372636815,0.08118295458386696,0.20195365883821476,0.30183496956333195,0.0,0.0
7059,7,28,2,M,3,0.7029325936063046,0.8070410209163028,0.86,0.8070410209163028,0.002531535224188322,0.08118295458386696,0.7027603316379071,0.8073525754161269,0.0,0.0
7060,7,29,2,M,0,0.1626866176112376,0.09608862122389343,0.12,0.09608862122389343,0.0025382337372637093,0.08118295458386696,0.16300843560858277,0.0949951409708645,0.0,0.0
7061,7,29,2,M,1,0.9082639124408449,0.8330525420413321,0.88,0.8330525420413321,0.0026502074375587548,0.08118295458386696,0.9082639124408449,0.8330525420413321,0.0,0.0
7062,7,29,2,M,2,0.20195365883821476,0.30183496956333195,0.12,0.30183496956333195,0.0025382337372636815,0.08118295458386696,0.20092659821612624,0.3005426632189808,0.0,0.0
7063,7,29,2,M,3,0.7027603316379071,0.8073525754161269,0.86,0.8073525754161269,0.002531535224188322,0.08118295458386696,0.7027603316379071,0.8073525754161269,0.0,0.0
7064,7,30,2,M,0,0.16300843560858277,0.0949951409708645,0.12,0.0949951409708645,0.0025382337372637093,0.08118295458386696,0.16252114421394606,0.0946877459068377,0.0,0.0
7065,7,30,2,M,1,0.9082639124408449,0.8330525420413321,0.88,0.8330525420413321,0.0026502074375587548,0.08118295458386696,0.9082639124408449,0.833052542041332,0.0,0.0
7066,7,30,2,M,2,0.20092659821612624,0.3005426632189808,0.12,0.3005426632189808,0.0025382337372636815,0.08118295458386696,0.20143077023293898,0.2998733677880661,0.0,0.0
7067,7,30,2,M,3,0.7027603316379071,0.8073525754161269,0.86,0.8073525754161269,0.002531535224188322,0.08118295458386696,0.7027603316379071,0.8073525754161269,0.0,0.0
7068,7,31,2,M,0,0.16252114421394606,0.0946877459068377,0.12,0.0946877459068377,0.0025382337372637093,0.08118295458386696,0.16221368702118402,0.09456824558114883,0.0,0.0
7069,7,31,2,M,1,0.9082639124408449,0.833052542041332,0.88,0.833052542041332,0.0026502074375587548,0.08118295458386696,0.9082639124408449,0.8330525420413322,0.0,0.0
7070,7,31,2,M,2,0.20143077023293898,0.2998733677880661,0.12,0.2998733677880661,0.0025382337372636815,0.08118295458386696,0.20178270816226376,0.29954907807873155,0.0,0.0
7071,7,31,2,M,3,0.7027603316379071,0.8073525754161269,0.86,0.8073525754161269,0.002531535224188322,0.08118295458386696,0.7027603316379071,0.807352575416127,0.0,0.0
7072,7,32,2,M,0,0.16221368702118402,0.09456824558114883,0.12,0.09456824558114883,0.0025382337372637093,0.08118295458386696,0.16204794797945998,0.09454669379759739,0.0,0.0
7073,7,32,2,M,1,0.9082639124408449,0.8330525420413322,0.88,0.8330525420413322,0.0026502074375587548,0.08118295458386696,0.9082639124408448,0.833052542041332,0.0,0.0
7074,7,32,2,M,2,0.20178270816226376,0.29954907807873155,0.12,0.29954907807873155,0.0025382337372636815,0.08118295458386696,0.2020185894427604,0.29934666340323063,0.0,0.0
7075,7,32,2,M,3,0.7027603316379071,0.807352575416127,0.86,0.807352575416127,0.002531535224188322,0.08118295458386696,0.7026771574574461,0.8073752402427008,0.0,0.0
7076,7,33,2,M,0,0.16204794797945998,0.09454669379759739,0.12,0.09454669379759739,0.0025382337372637093,0.08118295458386696,0.1621611849377368,0.09455088930612612,0.0,0.0
7077,7,33,2,M,1,0.9082639124408448,0.833052542041332,0.88,0.833052542041332,0.0026502074375587548,0.08118295458386696,0.9082639124408448,0.8330525420413321,0.0,0.0
7078,7,33,2,M,2,0.2020185894427604,0.29934666340323063,0.12,0.29934666340323063,0.0025382337372636815,0.08118295458386696,0.20186105660210296,0.29944436553618103,0.0,0.0
7079,7,33,2,M,3,0.7026771574574461,0.8073752402427008,0.86,0.8073752402427008,0.002531535224188322,0.08118295458386696,0.7027072045316735,0.8073683199385467,0.0,0.0
7080,7,34,2,M,0,0.1621611849377368,0.09455088930612612,0.12,0.09455088930612612,0.0025382337372637093,0.08118295458386696,0.16210757684515556,0.0945503251992611,0.0,0.0
7081,7,34,2,M,1,0.9082639124408448,0.8330525420413321,0.88,0.8330525420413321,0.0026502074375587548,0.08118295458386696,0.9082639124408449,0.8330525420413321,0.0,0.0
7082,7,34,2,M,2,0.20186105660210296,0.29944436553618103,0.12,0.29944436553618103,0.0025382337372636815,0.08118295458386696,0.20193285465417554,0.29941441667478824,0.0,0.0
7083,7,34,2,M,3,0.7027072045316735,0.8073683199385467,0.86,0.8073683199385467,0.002531535224188322,0.08118295458386696,0.7027072045316733,0.8073683199385466,0.0,0.0
7084,7,35,2,M,0,0.16210757684515556,0.0945503251992611,0.12,0.0945503251992611,0.0025382337372637093,0.08118295458386696,0.16210757684515556,0.0945503251992611,0.0,0.0
7085,7,35,2,M,1,0.9082639124408449,0.8330525420413321,0.88,0.8330525420413321,0.0026502074375587548,0.08118295458386696,0.9082639124408448,0.833052542041332,0.0,0.0
7086,7,35,2,M,2,0.20193285465417554,0.29941441667478824,0.12,0.29941441667478824,0.0025382337372636815,0.08118295458386696,0.20193285465417554,0.29941441667478824,0.0,0.0
7087,7,35,2,M,3,0.7027072045316733,0.8073683199385466,0.86,0.8073683199385466,0.002531535224188322,0.08118295458386696,0.7027072045316735,0.8073683199385467,0.0,0.0
7088,7,36,2,M,0,0.16210757684515556,0.0945503251992611,0.12,0.0945503251992611,0.0025382337372637093,0.08118295458386696,0.16210757684515553,0.09455032519926108,0.0,0.0
7089,7,36,2,M,1,0.9082639124408448,0.833052542041332,0.88,0.833052542041332,0.0026502074375587548,0.08118295458386696,0.9082639124408449,0.8330525420413321,0.0,0.0
7090,7,36,2,M,2,0.20193285465417554,0.29941441667478824,0.12,0.29941441667478824,0.0025382337372636815,0.08118295458386696,0.20193285465417554,0.29941441667478824,0.0,0.0
7091,7,36,2,M,3,0.7027072045316735,0.8073683199385467,0.86,0.8073683199385467,0.002531535224188322,0.08118295458386696,0.7027072045316735,0.8073683199385469,0.0,0.0
7092,7,37,2,M,0,0.16210757684515553,0.09455032519926108,0.12,0.09455032519926108,0.0025382337372637093,0.08118295458386696,0.16210757684515553,0.0945503251992611,0.0,0.0
7093,7,37,2,M,1,0.9082639124408449,0.8330525420413321,0.88,0.8330525420413321,0.0026502074375587548,0.08118295458386696,0.9082639124408448,0.833052542041332,0.0,0.0
7094,7,37,2,M,2,0.20193285465417554,0.29941441667478824,0.12,0.29941441667478824,0.0025382337372636815,0.08118295458386696,0.20193285465417557,0.2994144166747882,0.0,0.0
7095,7,37,2,M,3,0.7027072045316735,0.8073683199385469,0.86,0.8073683199385469,0.002531535224188322,0.08118295458386696,0.7027072045316735,0.8073683199385469,0.0,0.0
7096,7,38,2,M,0,0.16210757684515553,0.0945503251992611,0.12,0.0945503251992611,0.0025382337372637093,0.08118295458386696,0.16210757684515556,0.09455032519926108,0.0,0.0
7097,7,38,2,M,1,0.9082639124408448,0.833052542041332,0.88,0.833052542041332,0.0026502074375587548,0.08118295458386696,0.9082639124408449,0.8330525420413321,0.0,0.0
7098,7,38,2,M,2,0.20193285465417557,0.2994144166747882,0.12,0.2994144166747882,0.0025382337372636815,0.08118295458386696,0.20193285465417554,0.2994144166747882,0.0,0.0
7099,7,38,2,M,3,0.7027072045316735,0.8073683199385469,0.86,0.8073683199385469,0.002531535224188322,0.08118295458386696,0.7027072045316733,0.8073683199385467,0.0,0.0
7100,7,39,2,M,0,0.16210757684515556,0.09455032519926108,0.12,0.09455032519926108,0.0025382337372637093,0.08118295458386696,0.16210757684515556,0.09455032519926108,0.0,0.0
7101,7,39,2,M,1,0.9082639124408449,0.8330525420413321,0.88,0.8330525420413321,0.0026502074375587548,0.08118295458386696,0.9082639124408448,0.833052542041332,0.0,0.0
7102,7,39,2,M,2,0.20193285465417554,0.2994144166747882,0.12,0.2994144166747882,0.0025382337372636815,0.08118295458386696,0.20193285465417554,0.29941441667478824,0.0,0.0
7103,7,39,2,M,3,0.7027072045316733,0.8073683199385467,0.86,0.8073683199385467,0.002531535224188322,0.08118295458386696,0.7027072045316733,0.8073683199385467,0.0,0.0
7104,7,40,2,M,0,0.16210757684515556,0.09455032519926108,0.12,0.09455032519926108,0.0025382337372637093,0.08118295458386696,0.16210757684515553,0.09455032519926108,0.0,0.0
7105,7,40,2,M,1,0.9082639124408448,0.833052542041332,0.88,0.833052542041332,0.0026502074375587548,0.08118295458386696,0.9082639124408447,0.833052542041332,0.0,0.0
7106,7,40,2,M,2,0.20193285465417554,0.29941441667478824,0.12,0.29941441667478824,0.0025382337372636815,0.08118295458386696,0.20193285465417551,0.2994144166747882,0.0,0.0
7107,7,40,2,M,3,0.7027072045316733,0.8073683199385467,0.86,0.8073683199385467,0.002531535224188322,0.08118295458386696,0.7027072045316735,0.8073683199385467,0.0,0.0
7108,7,41,2,M,0,0.16210757684515553,0.09455032519926108,0.12,0.09455032519926108,0.0025382337372637093,0.08118295458386696,0.16210757684515556,0.09455032519926108,0.0,0.0
7109,7,41,2,M,1,0.9082639124408447,0.833052542041332,0.88,0.833052542041332,0.0026502074375587548,0.08118295458386696,0.9082639124408449,0.8330525420413321,0.0,0.0
7110,7,41,2,M,2,0.20193285465417551,0.2994144166747882,0.12,0.2994144166747882,0.0025382337372636815,0.08118295458386696,0.20193285465417554,0.29941441667478824,0.0,0.0
7111,7,41,2,M,3,0.7027072045316735,0.8073683199385467,0.86,0.8073683199385467,0.002531535224188322,0.08118295458386696,0.7027072045316735,0.8073683199385467,0.0,0.0
7112,7,42,2,M,0,0.16210757684515556,0.09455032519926108,0.12,0.09455032519926108,0.0025382337372637093,0.08118295458386696,0.16210757684515553,0.09455032519926108,0.0,0.0
7113,7,42,2,M,1,0.9082639124408449,0.8330525420413321,0.88,0.8330525420413321,0.0026502074375587548,0.08118295458386696,0.9082639124408448,0.833052542041332,0.0,0.0
7114,7,42,2,M,2,0.20193285465417554,0.29941441667478824,0.12,0.29941441667478824,0.0025382337372636815,0.08118295458386696,0.20193285465417554,0.29941441667478824,0.0,0.0
7115,7,42,2,M,3,0.7027072045316735,0.8073683199385467,0.86,0.8073683199385467,0.002531535224188322,0.08118295458386696,0.7027072045316733,0.8073683199385467,0.0,0.0
7116,7,43,2,M,0,0.16210757684515553,0.09455032519926108,0.12,0.09455032519926108,0.0025382337372637093,0.08118295458386696,0.16210757684515553,0.09455032519926108,0.0,0.0
7117,7,43,2,M,1,0.9082639124408448,0.833052542041332,0.88,0.833052542041332,0.0026502074375587548,0.08118295458386696,0.9082639124408447,0.833052542041332,0.0,0.0
7118,7,43,2,M,2,0.20193285465417554,0.29941441667478824,0.12,0.29941441667478824,0.0025382337372636815,0.08118295458386696,0.20193285465417554,0.2994144166747882,0.0,0.0
7119,7,43,2,M,3,0.7027072045316733,0.8073683199385467,0.86,0.8073683199385467,0.002531535224188322,0.08118295458386696,0.7027072045316735,0.8073683199385467,0.0,0.0
7120,7,44,2,M,0,0.16210757684515553,0.09455032519926108,0.12,0.09455032519926108,0.0025382337372637093,0.08118295458386696,0.16210757684515553,0.09455032519926108,0.0,0.0
7121,7,44,2,M,1,0.9082639124408447,0.833052542041332,0.88,0.833052542041332,0.0026502074375587548,0.08118295458386696,0.9082639124408449,0.8330525420413321,0.0,0.0
7122,7,44,2,M,2,0.20193285465417554,0.2994144166747882,0.12,0.2994144166747882,0.0025382337372636815,0.08118295458386696,0.20193285465417551,0.2994144166747882,0.0,0.0
7123,7,44,2,M,3,0.7027072045316735,0.8073683199385467,0.86,0.8073683199385467,0.002531535224188322,0.08118295458386696,0.7027072045316735,0.8073683199385467,0.0,0.0
7124,7,45,2,M,0,0.16210757684515553,0.09455032519926108,0.12,0.09455032519926108,0.0025382337372637093,0.08118295458386696,0.16210757684515556,0.0945503251992611,0.0,0.0
7125,7,45,2,M,1,0.9082639124408449,0.8330525420413321,0.88,0.8330525420413321,0.0026502074375587548,0.08118295458386696,0.9082639124408449,0.8330525420413321,0.0,0.0
7126,7,45,2,M,2,0.20193285465417551,0.2994144166747882,0.12,0.2994144166747882,0.0025382337372636815,0.08118295458386696,0.20193285465417551,0.2994144166747882,0.0,0.0
7127,7,45,2,M,3,0.7027072045316735,0.8073683199385467,0.86,0.8073683199385467,0.002531535224188322,0.08118295458386696,0.7027072045316733,0.8073683199385467,0.0,0.0
7128,7,46,2,M,0,0.16210757684515556,0.0945503251992611,0.12,0.0945503251992611,0.0025382337372637093,0.08118295458386696,0.16210757684515556,0.0945503251992611,0.0,0.0
7129,7,46,2,M,1,0.9082639124408449,0.8330525420413321,0.88,0.8330525420413321,0.0026502074375587548,0.08118295458386696,0.9082639124408448,0.833052542041332,0.0,0.0
7130,7,46,2,M,2,0.20193285465417551,0.2994144166747882,0.12,0.2994144166747882,0.0025382337372636815,0.08118295458386696,0.20193285465417554,0.29941441667478824,0.0,0.0
7131,7,46,2,M,3,0.7027072045316733,0.8073683199385467,0.86,0.8073683199385467,0.002531535224188322,0.08118295458386696,0.7027072045316733,0.8073683199385467,0.0,0.0
7132,7,47,2,M,0,0.16210757684515556,0.0945503251992611,0.12,0.0945503251992611,0.0025382337372637093,0.08118295458386696,0.16210757684515553,0.09455032519926108,0.0,0.0
7133,7,47,2,M,1,0.9082639124408448,0.833052542041332,0.88,0.833052542041332,0.0026502074375587548,0.08118295458386696,0.9082639124408447,0.833052542041332,0.0,0.0
7134,7,47,2,M,2,0.20193285465417554,0.29941441667478824,0.12,0.29941441667478824,0.0025382337372636815,0.08118295458386696,0.20193285465417551,0.2994144166747882,0.0,0.0
7135,7,47,2,M,3,0.7027072045316733,0.8073683199385467,0.86,0.8073683199385467,0.002531535224188322,0.08118295458386696,0.7027072045316735,0.8073683199385467,0.0,0.0
7136,7,48,2,M,0,0.16210757684515553,0.09455032519926108,0.12,0.09455032519926108,0.0025382337372637093,0.08118295458386696,0.16210757684515556,0.09455032519926108,0.0,0.0
7137,7,48,2,M,1,0.9082639124408447,0.833052542041332,0.88,0.833052542041332,0.0026502074375587548,0.08118295458386696,0.9082639124408449,0.8330525420413321,0.0,0.0
7138,7,48,2,M,2,0.20193285465417551,0.2994144166747882,0.12,0.2994144166747882,0.0025382337372636815,0.08118295458386696,0.20193285465417554,0.29941441667478824,0.0,0.0
7139,7,48,2,M,3,0.7027072045316735,0.8073683199385467,0.86,0.8073683199385467,0.002531535224188322,0.08118295458386696,0.7027072045316735,0.8073683199385467,0.0,0.0
7140,7,49,2,M,0,0.16210757684515556,0.09455032519926108,0.12,0.09455032519926108,0.0025382337372637093,0.08118295458386696,0.16210757684515553,0.09455032519926108,0.0,0.0
7141,7,49,2,M,1,0.9082639124408449,0.8330525420413321,0.88,0.8330525420413321,0.0026502074375587548,0.08118295458386696,0.9082639124408448,0.833052542041332,0.0,0.0
7142,7,49,2,M,2,0.20193285465417554,0.29941441667478824,0.12,0.29941441667478824,0.0025382337372636815,0.08118295458386696,0.20193285465417554,0.29941441667478824,0.0,0.0
7143,7,49,2,M,3,0.7027072045316735,0.8073683199385467,0.86,0.8073683199385467,0.002531535224188322,0.08118295458386696,0.7027072045316733,0.8073683199385467,0.0,0.0
7144,7,50,2,M,0,0.16210757684515553,0.09455032519926108,0.12,0.09455032519926108,0.0025382337372637093,0.08118295458386696,0.16210757684515553,0.09455032519926108,0.0,0.0
7145,7,50,2,M,1,0.9082639124408448,0.833052542041332,0.88,0.833052542041332,0.0026502074375587548,0.08118295458386696,0.9082639124408447,0.833052542041332,0.0,0.0
7146,7,50,2,M,2,0.20193285465417554,0.29941441667478824,0.12,0.29941441667478824,0.0025382337372636815,0.08118295458386696,0.20193285465417554,0.2994144166747882,0.0,0.0
7147,7,50,2,M,3,0.7027072045316733,0.8073683199385467,0.86,0.8073683199385467,0.002531535224188322,0.08118295458386696,0.7027072045316735,0.8073683199385467,0.0,0.0
7148,7,51,2,M,0,0.16210757684515553,0.09455032519926108,0.12,0.09455032519926108,0.0025382337372637093,0.08118295458386696,0.16210757684515553,0.09455032519926108,0.0,0.0
7149,7,51,2,M,1,0.9082639124408447,0.833052542041332,0.88,0.833052542041332,0.0026502074375587548,0.08118295458386696,0.9082639124408449,0.8330525420413321,0.0,0.0
7150,7,51,2,M,2,0.20193285465417554,0.2994144166747882,0.12,0.2994144166747882,0.0025382337372636815,0.08118295458386696,0.20193285465417551,0.2994144166747882,0.0,0.0
7151,7,51,2,M,3,0.7027072045316735,0.8073683199385467,0.86,0.8073683199385467,0.002531535224188322,0.08118295458386696,0.7027072045316735,0.8073683199385467,0.0,0.0
7152,7,52,2,M,0,0.16210757684515553,0.09455032519926108,0.12,0.09455032519926108,0.0025382337372637093,0.08118295458386696,0.16210757684515556,0.0945503251992611,0.0,0.0
7153,7,52,2,M,1,0.9082639124408449,0.8330525420413321,0.88,0.8330525420413321,0.0026502074375587548,0.08118295458386696,0.9082639124408449,0.8330525420413321,0.0,0.0
7154,7,52,2,M,2,0.20193285465417551,0.2994144166747882,0.12,0.2994144166747882,0.0025382337372636815,0.08118295458386696,0.20193285465417551,0.2994144166747882,0.0,0.0
7155,7,52,2,M,3,0.7027072045316735,0.8073683199385467,0.86,0.8073683199385467,0.002531535224188322,0.08118295458386696,0.7027072045316733,0.8073683199385467,0.0,0.0
7156,7,53,2,M,0,0.16210757684515556,0.0945503251992611,0.12,0.0945503251992611,0.0025382337372637093,0.08118295458386696,0.16210757684515556,0.0945503251992611,0.0,0.0
7157,7,53,2,M,1,0.9082639124408449,0.8330525420413321,0.88,0.8330525420413321,0.0026502074375587548,0.08118295458386696,0.9082639124408448,0.833052542041332,0.0,0.0
7158,7,53,2,M,2,0.20193285465417551,0.2994144166747882,0.12,0.2994144166747882,0.0025382337372636815,0.08118295458386696,0.20193285465417554,0.29941441667478824,0.0,0.0
7159,7,53,2,M,3,0.7027072045316733,0.8073683199385467,0.86,0.8073683199385467,0.002531535224188322,0.08118295458386696,0.7027072045316733,0.8073683199385467,0.0,0.0
7160,7,54,2,M,0,0.16210757684515556,0.0945503251992611,0.12,0.0945503251992611,0.0025382337372637093,0.08118295458386696,0.16210757684515553,0.09455032519926108,0.0,0.0
7161,7,54,2,M,1,0.9082639124408448,0.833052542041332,0.88,0.833052542041332,0.0026502074375587548,0.08118295458386696,0.9082639124408447,0.833052542041332,0.0,0.0
7162,7,54,2,M,2,0.20193285465417554,0.29941441667478824,0.12,0.29941441667478824,0.0025382337372636815,0.08118295458386696,0.20193285465417551,0.2994144166747882,0.0,0.0
7163,7,54,2,M,3,0.7027072045316733,0.8073683199385467,0.86,0.8073683199385467,0.002531535224188322,0.08118295458386696,0.7027072045316735,0.8073683199385467,0.0,0.0
7164,7,55,2,M,0,0.16210757684515553,0.09455032519926108,0.12,0.09455032519926108,0.0025382337372637093,0.08118295458386696,0.16210757684515556,0.09455032519926108,0.0,0.0
7165,7,55,2,M,1,0.9082639124408447,0.833052542041332,0.88,0.833052542041332,0.0026502074375587548,0.08118295458386696,0.9082639124408449,0.8330525420413321,0.0,0.0
7166,7,55,2,M,2,0.20193285465417551,0.2994144166747882,0.12,0.2994144166747882,0.0025382337372636815,0.08118295458386696,0.20193285465417554,0.29941441667478824,0.0,0.0
7167,7,55,2,M,3,0.7027072045316735,0.8073683199385467,0.86,0.8073683199385467,0.002531535224188322,0.08118295458386696,0.7027072045316735,0.8073683199385467,0.0,0.0
7168,7,56,3,M,0,0.16210757684515556,0.09455032519926108,0.12,0.09455032519926108,0.0025382337372637093,0.08118295458386696,0.16210757684515553,0.09455032519926108,0.0,0.0
7169,7,56,3,M,1,0.9082639124408449,0.8330525420413321,0.88,0.8330525420413321,0.0026502074375587548,0.08118295458386696,0.9082639124408448,0.833052542041332,0.0,0.0
7170,7,56,3,M,2,0.20193285465417554,0.29941441667478824,0.12,0.29941441667478824,0.0025382337372636815,0.08118295458386696,0.20193285465417554,0.29941441667478824,0.0,0.0
7171,7,56,3,M,3,0.7027072045316735,0.8073683199385467,0.86,0.8073683199385467,0.002531535224188322,0.08118295458386696,0.7027072045316733,0.8073683199385467,0.0,0.0
7172,7,57,3,M,0,0.62,0.1,0.38,0.1,0.0023212223123977027,0.08118295458386696,0.16304029089291236,0.09499298755248198,1.0,1.0
7173,7,57,3,M,1,0.9,0.9,0.9,0.9,0.0023483734767156123,0.08118295458386696,0.9060656788046175,0.8442010432856734,1.0,1.0
7174,7,57,3,M,2,0.1,0.62,0.88,0.62,0.0023663740217186174,0.08118295458386696,0.19859416746441283,0.3006899700654356,1.0,1.0
7175,7,57,3,M,3,0.62,0.9,0.88,0.9,0.002203778066833584,0.08118295458386696,0.7044289562877213,0.8101027263351904,1.0,1.0
7176,7,58,3,M,0,0.36,0.1,0.12,0.1,0.00188628150846408,0.08118295458386696,0.15700665657733623,0.0951248050315023,1.0,1.0
7177,7,58,3,M,1,0.88,0.62,0.9,0.62,0.001937583382622149,0.08118295458386696,0.9049652593767845,0.8452177474890493,1.0,1.0
7178,7,58,3,M,2,0.1,0.38,0.9,0.38,0.002018908574080422,0.08118295458386696,0.20547592453768593,0.30051257905122886,1.0,1.0
7179,7,58,3,M,3,0.36,0.9,0.9,0.9,0.0019960791758090457,0.08118295458386696,0.7090914494985797,0.806864957724203,1.0,1.0
7180,7,59,3,M,0,0.12,0.12,0.0,0.12,0.0004898635536293022,0.08118295458386696,0.15555046713101223,0.09711955344160501,1.0,1.0
7181,7,59,3,M,1,0.88,0.38,1.0,0.38,0.0004922988269058515,0.08118295458386696,0.9064882474920095,0.841293786839141,1.0,1.0
7182,7,59,3,M,2,0.9,0.1,0.62,0.1,0.0007614532063140167,0.08118295458386696,0.20793280126750813,0.3086002851836973,1.0,1.0
7183,7,59,3,M,3,0.12,0.9,0.62,0.9,0.0007649895292152625,0.08118295458386696,0.6958080048316699,0.8013844171568377,1.0,1.0
7184,7,60,3,M,0,0.15555046713101223,0.09711955344160501,0.0,0.09711955344160501,0.0004898635536293022,0.08118295458386696,0.1550318780644561,0.09910486656058108,0.0,0.0
7185,7,60,3,M,1,0.9064882474920095,0.841293786839141,1.0,0.841293786839141,0.0004922988269058515,0.08118295458386696,0.9036126788103959,0.8406644625470213,0.0,0.0
7186,7,60,3,M,2,0.20793280126750813,0.3086002851836973,0.62,0.3086002851836973,0.0007614532063140167,0.08118295458386696,0.2103969996789733,0.311569540018582,0.0,0.0
7187,7,60,3,M,3,0.6958080048316699,0.8013844171568377,0.62,0.8013844171568377,0.0007649895292152625,0.08118295458386696,0.6904277428324198,0.8004133794656445,0.0,0.0
7188,7,61,3,M,0,0.1550318780644561,0.09910486656058108,0.0,0.09910486656058108,0.0004898635536293022,0.08118295458386696,0.15444995481674353,0.10074166033573762,0.0,0.0
7189,7,61,3,M,1,0.9036126788103959,0.8406644625470213,1.0,0.8406644625470213,0.0004922988269058515,0.08118295458386696,0.9019503847212277,0.8396993828000606,0.0,0.0
7190,7,61,3,M,2,0.2103969996789733,0.311569540018582,0.62,0.311569540018582,0.0007614532063140167,0.08118295458386696,0.21297337747556405,0.3134506414766183,0.0,0.0
7191,7,61,3,M,3,0.6904277428324198,0.8004133794656445,0.62,0.8004133794656445,0.0007649895292152625,0.08118295458386696,0.6864789290236175,0.801007263808119,0.0,0.0
7192,7,62,3,M,0,0.15444995481674353,0.10074166033573762,0.0,0.10074166033573762,0.0004898635536293022,0.08118295458386696,0.15412123383317086,0.1016042739208191,0.0,0.0
7193,7,62,3,M,1,0.9019503847212277,0.8396993828000606,1.0,0.8396993828000606,0.0004922988269058515,0.08118295458386696,0.9006548340325118,0.8388461114539065,0.0,0.0
7194,7,62,3,M,2,0.21297337747556405,0.3134506414766183,0.62,0.3134506414766183,0.0007614532063140167,0.08118295458386696,0.21450215734616335,0.31422585578543444,0.0,0.0
7195,7,62,3,M,3,0.6864789290236175,0.801007263808119,0.62,0.801007263808119,0.0007649895292152625,0.08118295458386696,0.683202264805349,0.8017763072037066,0.0,0.0
7196,7,63,3,M,0,0.15412123383317086,0.1016042739208191,0.0,0.1016042739208191,0.0004898635536293022,0.08118295458386696,0.15330612315434572,0.10267447022224536,0.0,0.0
7197,7,63,3,M,1,0.9006548340325118,0.8388461114539065,1.0,0.8388461114539065,0.0004922988269058515,0.08118295458386696,0.9000281608801168,0.8377866156600843,0.0,0.0
7198,7,63,3,M,2,0.21450215734616335,0.31422585578543444,0.62,0.31422585578543444,0.0007614532063140167,0.08118295458386696,0.2173130174000176,0.31493099013778936,0.0,0.0
7199,7,63,3,M,3,0.683202264805349,0.8017763072037066,0.62,0.8017763072037066,0.0007649895292152625,0.08118295458386696,0.6810758941305484,0.8036293486581277,0.0,0.0
7200,7,64,3,M,0,0.15330612315434572,0.10267447022224536,0.0,0.10267447022224536,0.0004898635536293022,0.08118295458386696,0.1522840037884351,0.10326739151909378,0.0,0.0
7201,7,64,3,M,1,0.9000281608801168,0.8377866156600843,1.0,0.8377866156600843,0.0004922988269058515,0.08118295458386696,0.899862820059043,0.8371000948556857,0.0,0.0
7202,7,64,3,M,2,0.2173130174000176,0.31493099013778936,0.62,0.31493099013778936,0.0007614532063140167,0.08118295458386696,0.22044676838181979,0.3146687090877723,0.0,0.0
7203,7,64,3,M,3,0.6810758941305484,0.8036293486581277,0.62,0.8036293486581277,0.0007649895292152625,0.08118295458386696,0.6801798972183809,0.805594560632509,0.0,0.0
7204,7,65,3,M,0,0.1522840037884351,0.10326739151909378,0.0,0.10326739151909378,0.0004898635536293022,0.08118295458386696,0.1507264498744726,0.10349804835058424,0.0,0.0
7205,7,65,3,M,1,0.899862820059043,0.8371000948556857,1.0,0.8371000948556857,0.0004922988269058515,0.08118295458386696,0.8993668423586554,0.8362846863345319,0.0,0.0
7206,7,65,3,M,2,0.22044676838181979,0.3146687090877723,0.62,0.3146687090877723,0.0007614532063140167,0.08118295458386696,0.22378806064027218,0.3133592736783428,0.0,0.0
7207,7,65,3,M,3,0.6801798972183809,0.805594560632509,0.62,0.805594560632509,0.0007649895292152625,0.08118295458386696,0.678774829199766,0.807460202829631,0.0,0.0
7208,7,66,3,M,0,0.1507264498744726,0.10349804835058424,0.0,0.10349804835058424,0.0004898635536293022,0.08118295458386696,0.14969677550098703,0.10349613842078348,0.0,0.0
7209,7,66,3,M,1,0.8993668423586554,0.8362846863345319,1.0,0.8362846863345319,0.0004922988269058515,0.08118295458386696,0.8989455542895435,0.835556991102667,0.0,0.0
7210,7,66,3,M,2,0.22378806064027218,0.3133592736783428,0.62,0.3133592736783428,0.0007614532063140167,0.08118295458386696,0.22601242697188087,0.31189941020164375,0.0,0.0
7211,7,66,3,M,3,0.678774829199766,0.807460202829631,0.62,0.807460202829631,0.0007649895292152625,0.08118295458386696,0.6772548696550122,0.8092984355610654,0.0,0.0
7212,7,67,3,M,0,0.14969677550098703,0.10349613842078348,0.0,0.10349613842078348,0.0004898635536293022,0.08118295458386696,0.14812465469063593,0.10390942274230705,0.0,0.0
7213,7,67,3,M,1,0.8989455542895435,0.835556991102667,1.0,0.835556991102667,0.0004922988269058515,0.08118295458386696,0.8988211014656806,0.835033192408706,0.0,0.0
7214,7,67,3,M,2,0.22601242697188087,0.31189941020164375,0.62,0.31189941020164375,0.0007614532063140167,0.08118295458386696,0.22919795282500446,0.310413290503822,0.0,0.0
7215,7,67,3,M,3,0.6772548696550122,0.8092984355610654,0.62,0.8092984355610654,0.0007649895292152625,0.08118295458386696,0.6765200681548041,0.8105854017387576,0.0,0.0
7216,7,68,3,M,0,0.14812465469063593,0.10390942274230705,0.0,0.10390942274230705,0.0004898635536293022,0.08118295458386696,0.14599565241453094,0.10471709324252657,0.0,0.0
7217,7,68,3,M,1,0.8988211014656806,0.835033192408706,1.0,0.835033192408706,0.0004922988269058515,0.08118295458386696,0.8984961223726167,0.8345540704650891,0.0,0.0
7218,7,68,3,M,2,0.22919795282500446,0.310413290503822,0.62,0.310413290503822,0.0007614532063140167,0.08118295458386696,0.2337602123104228,0.3086519034362125,0.0,0.0
7219,7,68,3,M,3,0.6765200681548041,0.8105854017387576,0.62,0.8105854017387576,0.0007649895292152625,0.08118295458386696,0.6754328788359707,0.8118500036323117,0.0,0.0
7220,7,69,3,M,0,0.14599565241453094,0.10471709324252657,0.0,0.10471709324252657,0.0004898635536293022,0.08118295458386696,0.14403943695109056,0.10522385900594215,0.0,0.0
7221,7,69,3,M,1,0.8984961223726167,0.8345540704650891,1.0,0.8345540704650891,0.0004922988269058515,0.08118295458386696,0.8981999250855172,0.8340752430767484,0.0,0.0
7222,7,69,3,M,2,0.2337602123104228,0.3086519034362125,0.62,0.3086519034362125,0.0007614532063140167,0.08118295458386696,0.23775068339553254,0.30653061995694897,0.0,0.0
7223,7,69,3,M,3,0.6754328788359707,0.8118500036323117,0.62,0.8118500036323117,0.0007649895292152625,0.08118295458386696,0.6744220701578704,0.8133850730286658,0.0,0.0
7224,7,70,3,M,0,0.14403943695109056,0.10522385900594215,0.0,0.10522385900594215,0.0004898635536293022,0.08118295458386696,0.14225477150326896,0.10626391527064598,0.0,0.0
7225,7,70,3,M,1,0.8981999250855172,0.8340752430767484,1.0,0.8340752430767484,0.0004922988269058515,0.08118295458386696,0.8979610604556497,0.8335862054581249,0.0,0.0
7226,7,70,3,M,2,0.23775068339553254,0.30653061995694897,0.62,0.30653061995694897,0.0007614532063140167,0.08118295458386696,0.2421527819778002,0.30504702043293486,0.0,0.0
7227,7,70,3,M,3,0.6744220701578704,0.8133850730286658,0.62,0.8133850730286658,0.0007649895292152625,0.08118295458386696,0.6734020677140057,0.8148886049374123,0.0,0.0
7228,7,71,3,M,0,0.14225477150326896,0.10626391527064598,0.0,0.10626391527064598,0.0004898635536293022,0.08118295458386696,0.14078821422913923,0.10850734677986583,0.0,0.0
7229,7,71,3,M,1,0.8979610604556497,0.8335862054581249,1.0,0.8335862054581249,0.0004922988269058515,0.08118295458386696,0.8977661194181317,0.8332709515176356,0.0,0.0
7230,7,71,3,M,2,0.2421527819778002,0.30504702043293486,0.62,0.30504702043293486,0.0007614532063140167,0.08118295458386696,0.24824474989876594,0.30534454634487856,0.0,0.0
7231,7,71,3,M,3,0.6734020677140057,0.8148886049374123,0.62,0.8148886049374123,0.0007649895292152625,0.08118295458386696,0.6726902900133367,0.8161669496541331,0.0,0.0
7232,7,72,3,M,0,0.14078821422913923,0.10850734677986583,0.0,0.10850734677986583,0.0004898635536293022,0.08118295458386696,0.13843074299632982,0.10959578197865175,0.0,0.0
7233,7,72,3,M,1,0.8977661194181317,0.8332709515176356,1.0,0.8332709515176356,0.0004922988269058515,0.08118295458386696,0.897611117713027,0.8330454719923279,0.0,0.0
7234,7,72,3,M,2,0.24824474989876594,0.30534454634487856,0.62,0.30534454634487856,0.0007614532063140167,0.08118295458386696,0.2535659868618278,0.3029090295817155,0.0,0.0
7235,7,72,3,M,3,0.6726902900133367,0.8161669496541331,0.62,0.8161669496541331,0.0007649895292152625,0.08118295458386696,0.6724343785753442,0.8175937341033137,0.0,0.0
7236,7,73,3,M,0,0.13843074299632982,0.10959578197865175,0.0,0.10959578197865175,0.0004898635536293022,0.08118295458386696,0.13643989940009663,0.11058835632493971,0.0,0.0
7237,7,73,3,M,1,0.897611117713027,0.8330454719923279,1.0,0.8330454719923279,0.0004922988269058515,0.08118295458386696,0.8974806480524609,0.8327980449579963,0.0,0.0
7238,7,73,3,M,2,0.2535659868618278,0.3029090295817155,0.62,0.3029090295817155,0.0007614532063140167,0.08118295458386696,0.2579207556663526,0.3003254039135834,0.0,0.0
7239,7,73,3,M,3,0.6724343785753442,0.8175937341033137,0.62,0.8175937341033137,0.0007649895292152625,0.08118295458386696,0.6717990607189185,0.8187291854952921,0.0,0.0
7240,7,74,3,M,0,0.13643989940009663,0.11058835632493971,0.0,0.11058835632493971,0.0004898635536293022,0.08118295458386696,0.13381735130177166,0.11203104410743313,0.0,0.0
7241,7,74,3,M,1,0.8974806480524609,0.8327980449579963,1.0,0.8327980449579963,0.0004922988269058515,0.08118295458386696,0.8978742645508662,0.8321089325056685,0.0,0.0
7242,7,74,3,M,2,0.2579207556663526,0.3003254039135834,0.62,0.3003254039135834,0.0007614532063140167,0.08118295458386696,0.2632138587622033,0.296651746894341,0.0,0.0
7243,7,74,3,M,3,0.6717990607189185,0.8187291854952921,0.62,0.8187291854952921,0.0007649895292152625,0.08118295458386696,0.672033397535638,0.8206432613682544,0.0,0.0
7244,7,75,3,M,0,0.13381735130177166,0.11203104410743313,0.0,0.11203104410743313,0.0004898635536293022,0.08118295458386696,0.13132196151858855,0.11358325818854226,0.0,0.0
7245,7,75,3,M,1,0.8978742645508662,0.8321089325056685,1.0,0.8321089325056685,0.0004922988269058515,0.08118295458386696,0.8983356514102495,0.8315592867039276,0.0,0.0
7246,7,75,3,M,2,0.2632138587622033,0.296651746894341,0.62,0.296651746894341,0.0007614532063140167,0.08118295458386696,0.2686859123044084,0.293299900980259,0.0,0.0
7247,7,75,3,M,3,0.672033397535638,0.8206432613682544,0.62,0.8206432613682544,0.0007649895292152625,0.08118295458386696,0.6727929738418348,0.8227380890903694,0.0,0.0
7248,7,76,3,M,0,0.13132196151858855,0.11358325818854226,0.0,0.11358325818854226,0.0004898635536293022,0.08118295458386696,0.1292001926920313,0.11508588229612499,0.0,0.0
7249,7,76,3,M,1,0.8983356514102495,0.8315592867039276,1.0,0.8315592867039276,0.0004922988269058515,0.08118295458386696,0.8993148265746304,0.8302387401622978,0.0,0.0
7250,7,76,3,M,2,0.2686859123044084,0.293299900980259,0.62,0.293299900980259,0.0007614532063140167,0.08118295458386696,0.27349677309428594,0.2900774515276567,0.0,0.0
7251,7,76,3,M,3,0.6727929738418348,0.8227380890903694,0.62,0.8227380890903694,0.0007649895292152625,0.08118295458386696,0.6742578119739717,0.8262865335292856,0.0,0.0
7252,7,77,3,M,0,0.1292001926920313,0.11508588229612499,0.0,0.11508588229612499,0.0004898635536293022,0.08118295458386696,0.12720671100530767,0.11718700768838704,0.0,0.0
7253,7,77,3,M,1,0.8993148265746304,0.8302387401622978,1.0,0.8302387401622978,0.0004922988269058515,0.08118295458386696,0.9002056783662516,0.828670169554205,0.0,0.0
7254,7,77,3,M,2,0.27349677309428594,0.2900774515276567,0.62,0.2900774515276567,0.0007614532063140167,0.08118295458386696,0.2791385230658014,0.28712321102396515,0.0,0.0
7255,7,77,3,M,3,0.6742578119739717,0.8262865335292856,0.62,0.8262865335292856,0.0007649895292152625,0.08118295458386696,0.6756502011242469,0.8301067390635418,0.0,0.0
7256,7,78,3,M,0,0.12720671100530767,0.11718700768838704,0.0,0.11718700768838704,0.0004898635536293022,0.08118295458386696,0.1249318548036367,0.11947180167191963,0.0,0.0
7257,7,78,3,M,1,0.9002056783662516,0.828670169554205,1.0,0.828670169554205,0.0004922988269058515,0.08118295458386696,0.9002056869778141,0.8286964913919505,0.0,0.0
7258,7,78,3,M,2,0.2791385230658014,0.28712321102396515,0.62,0.28712321102396515,0.0007614532063140167,0.08118295458386696,0.28500128876891034,0.2834965762081032,0.0,0.0
7259,7,78,3,M,3,0.6756502011242469,0.8301067390635418,0.62,0.8301067390635418,0.0007649895292152625,0.08118295458386696,0.6756371507187665,0.8307622331928929,0.0,0.0
7260,7,79,3,M,0,0.1249318548036367,0.11947180167191963,0.0,0.11947180167191963,0.0004898635536293022,0.08118295458386696,0.12317075129480122,0.12324091307082376,0.0,0.0
7261,7,79,3,M,1,0.9002056869778141,0.8286964913919505,1.0,0.8286964913919505,0.0004922988269058515,0.08118295458386696,0.9002076501114669,0.8288457186202579,0.0,0.0
7262,7,79,3,M,2,0.28500128876891034,0.2834965762081032,0.62,0.2834965762081032,0.0007614532063140167,0.08118295458386696,0.29391449879216697,0.2802155855141635,0.0,0.0
7263,7,79,3,M,3,0.6756371507187665,0.8307622331928929,0.62,0.8307622331928929,0.0007649895292152625,0.08118295458386696,0.675460550251702,0.831229782076083,0.0,0.0
7264,7,80,3,M,0,0.12317075129480122,0.12324091307082376,0.0,0.12324091307082376,0.0004898635536293022,0.08118295458386696,0.12139132566988034,0.12529694556911436,0.0,0.0
7265,7,80,3,M,1,0.9002076501114669,0.8288457186202579,1.0,0.8288457186202579,0.0004922988269058515,0.08118295458386696,0.9002075597969208,0.8290253829311108,0.0,0.0
7266,7,80,3,M,2,0.29391449879216697,0.2802155855141635,0.62,0.2802155855141635,0.0007614532063140167,0.08118295458386696,0.2987525347352335,0.27602747335013156,0.0,0.0
7267,7,80,3,M,3,0.675460550251702,0.831229782076083,0.62,0.831229782076083,0.0007649895292152625,0.08118295458386696,0.6751285610884978,0.8315801308757871,0.0,0.0
7268,7,81,3,M,0,0.12139132566988034,0.12529694556911436,0.0,0.12529694556911436,0.0004898635536293022,0.08118295458386696,0.11966292110158955,0.12761589545660482,0.0,0.0
7269,7,81,3,M,1,0.9002075597969208,0.8290253829311108,1.0,0.8290253829311108,0.0004922988269058515,0.08118295458386696,0.900201545064184,0.8291436371247887,0.0,0.0
7270,7,81,3,M,2,0.2987525347352335,0.27602747335013156,0.62,0.27602747335013156,0.0007614532063140167,0.08118295458386696,0.3035379819257719,0.27148133107397715,0.0,0.0
7271,7,81,3,M,3,0.6751285610884978,0.8315801308757871,0.62,0.8315801308757871,0.0007649895292152625,0.08118295458386696,0.6747635455849698,0.8315807560995359,0.0,0.0
7272,7,82,3,M,0,0.11966292110158955,0.12761589545660482,0.0,0.12761589545660482,0.0004898635536293022,0.08118295458386696,0.11797632687854076,0.12994201739032074,0.0,0.0
7273,7,82,3,M,1,0.900201545064184,0.8291436371247887,1.0,0.8291436371247887,0.0004922988269058515,0.08118295458386696,0.9001915865829239,0.8292211455209947,0.0,0.0
7274,7,82,3,M,2,0.3035379819257719,0.27148133107397715,0.62,0.27148133107397715,0.0007614532063140167,0.08118295458386696,0.307896300949819,0.26659958909565823,0.0,0.0
7275,7,82,3,M,3,0.6747635455849698,0.8315807560995359,0.62,0.8315807560995359,0.0007649895292152625,0.08118295458386696,0.6743629313556246,0.8315127819230052,0.0,0.0
7276,7,83,3,M,0,0.11797632687854076,0.12994201739032074,0.0,0.12994201739032074,0.0004898635536293022,0.08118295458386696,0.11666103957265248,0.13237406269846436,0.0,0.0
7277,7,83,3,M,1,0.9001915865829239,0.8292211455209947,1.0,0.8292211455209947,0.0004922988269058515,0.08118295458386696,0.9002070648366272,0.8293052683680672,0.0,0.0
7278,7,83,3,M,2,0.307896300949819,0.26659958909565823,0.62,0.26659958909565823,0.0007614532063140167,0.08118295458386696,0.31265079858530637,0.2622642378695501,0.0,0.0
7279,7,83,3,M,3,0.6743629313556246,0.8315127819230052,0.62,0.8315127819230052,0.0007649895292152625,0.08118295458386696,0.6740231371092162,0.8317358494373787,0.0,0.0
7280,7,84,3,M,0,0.11666103957265248,0.13237406269846436,0.0,0.13237406269846436,0.0004898635536293022,0.08118295458386696,0.11457246489848384,0.1351910121946128,0.0,0.0
7281,7,84,3,M,1,0.9002070648366272,0.8293052683680672,1.0,0.8293052683680672,0.0004922988269058515,0.08118295458386696,0.9002100987179275,0.8294503049483215,0.0,0.0
7282,7,84,3,M,2,0.31265079858530637,0.2622642378695501,0.62,0.2622642378695501,0.0007614532063140167,0.08118295458386696,0.3170789303301013,0.25566514897599363,0.0,0.0
7283,7,84,3,M,3,0.6740231371092162,0.8317358494373787,0.62,0.8317358494373787,0.0007649895292152625,0.08118295458386696,0.6736623781250792,0.8317320590238283,0.0,0.0
7284,7,85,3,M,0,0.11457246489848384,0.1351910121946128,0.0,0.1351910121946128,0.0004898635536293022,0.08118295458386696,0.1140560216812672,0.13795166468390196,0.0,0.0
7285,7,85,3,M,1,0.9002100987179275,0.8294503049483215,1.0,0.8294503049483215,0.0004922988269058515,0.08118295458386696,0.9001972637802119,0.8295571823923371,0.0,0.0
7286,7,85,3,M,2,0.3170789303301013,0.25566514897599363,0.62,0.25566514897599363,0.0007614532063140167,0.08118295458386696,0.32238067372521556,0.25122300518217294,0.0,0.0
7287,7,85,3,M,3,0.6736623781250792,0.8317320590238283,0.62,0.8317320590238283,0.0007649895292152625,0.08118295458386696,0.6730365417068723,0.8315284087226383,0.0,0.0
7288,7,86,3,M,0,0.1140560216812672,0.13795166468390196,0.0,0.13795166468390196,0.0004898635536293022,0.08118295458386696,0.11325918929560505,0.14061202110373416,0.0,0.0
7289,7,86,3,M,1,0.9001972637802119,0.8295571823923371,1.0,0.8295571823923371,0.0004922988269058515,0.08118295458386696,0.900197263780212,0.8295571823923372,0.0,0.0
7290,7,86,3,M,2,0.32238067372521556,0.25122300518217294,0.62,0.25122300518217294,0.0007614532063140167,0.08118295458386696,0.3267922011694767,0.24642830863375098,0.0,0.0
7291,7,86,3,M,3,0.6730365417068723,0.8315284087226383,0.62,0.8315284087226383,0.0007649895292152625,0.08118295458386696,0.6727613024724239,0.8315746652734922,0.0,0.0
7292,7,87,3,M,0,0.11325918929560505,0.14061202110373416,0.0,0.14061202110373416,0.0004898635536293022,0.08118295458386696,0.11177429427815834,0.14288438255703584,0.0,0.0
7293,7,87,3,M,1,0.900197263780212,0.8295571823923372,1.0,0.8295571823923372,0.0004922988269058515,0.08118295458386696,0.9001972637802119,0.8295571823923372,0.0,0.0
7294,7,87,3,M,2,0.3267922011694767,0.24642830863375098,0.62,0.24642830863375098,0.0007614532063140167,0.08118295458386696,0.3292988638982049,0.2404768691523068,0.0,0.0
7295,7,87,3,M,3,0.6727613024724239,0.8315746652734922,0.62,0.8315746652734922,0.0007649895292152625,0.08118295458386696,0.6722869639516338,0.8315652188358729,0.0,0.0
7296,7,88,3,M,0,0.11177429427815834,0.14288438255703584,0.0,0.14288438255703584,0.0004898635536293022,0.08118295458386696,0.11099985579793362,0.14600585268112734,0.0,0.0
7297,7,88,3,M,1,0.9001972637802119,0.8295571823923372,1.0,0.8295571823923372,0.0004922988269058515,0.08118295458386696,0.9001847333941124,0.8296579972213519,0.0,0.0
7298,7,88,3,M,2,0.3292988638982049,0.2404768691523068,0.62,0.2404768691523068,0.0007614532063140167,0.08118295458386696,0.3338412531674462,0.2340788305548351,0.0,0.0
7299,7,88,3,M,3,0.6722869639516338,0.8315652188358729,0.62,0.8315652188358729,0.0007649895292152625,0.08118295458386696,0.6718506474125265,0.8313627968907121,0.0,0.0
7300,7,89,3,M,0,0.11099985579793362,0.14600585268112734,0.0,0.14600585268112734,0.0004898635536293022,0.08118295458386696,0.11034934488831745,0.14880985535581048,0.0,0.0
7301,7,89,3,M,1,0.9001847333941124,0.8296579972213519,1.0,0.8296579972213519,0.0004922988269058515,0.08118295458386696,0.9001850303294948,0.8297733420354215,0.0,0.0
7302,7,89,3,M,2,0.3338412531674462,0.2340788305548351,0.62,0.2340788305548351,0.0007614532063140167,0.08118295458386696,0.3377617151397657,0.2278775033156082,0.0,0.0
7303,7,89,3,M,3,0.6718506474125265,0.8313627968907121,0.62,0.8313627968907121,0.0007649895292152625,0.08118295458386696,0.6712855314191433,0.8311461006155731,0.0,0.0
7304,7,90,3,M,0,0.11034934488831745,0.14880985535581048,0.0,0.14880985535581048,0.0004898635536293022,0.08118295458386696,0.1104827015599976,0.15159169653428217,0.0,0.0
7305,7,90,3,M,1,0.9001850303294948,0.8297733420354215,1.0,0.8297733420354215,0.0004922988269058515,0.08118295458386696,0.9001956281468725,0.8298471061444597,0.0,0.0
7306,7,90,3,M,2,0.3377617151397657,0.2278775033156082,0.62,0.2278775033156082,0.0007614532063140167,0.08118295458386696,0.34258928750311957,0.2225060413803306,0.0,0.0
7307,7,90,3,M,3,0.6712855314191433,0.8311461006155731,0.62,0.8311461006155731,0.0007649895292152625,0.08118295458386696,0.6708148294546916,0.8309286041726384,0.0,0.0
7308,7,91,3,M,0,0.1104827015599976,0.15159169653428217,0.0,0.15159169653428217,0.0004898635536293022,0.08118295458386696,0.10998581807419162,0.15437852580592692,0.0,0.0
7309,7,91,3,M,1,0.9001956281468725,0.8298471061444597,1.0,0.8298471061444597,0.0004922988269058515,0.08118295458386696,0.9002065227780311,0.8298981943108498,0.0,0.0
7310,7,91,3,M,2,0.34258928750311957,0.2225060413803306,0.62,0.2225060413803306,0.0007614532063140167,0.08118295458386696,0.3458999500462587,0.21594821938554987,0.0,0.0
7311,7,91,3,M,3,0.6708148294546916,0.8309286041726384,0.62,0.8309286041726384,0.0007649895292152625,0.08118295458386696,0.6703341577716156,0.8308175666170793,0.0,0.0
7312,7,92,3,M,0,0.10998581807419162,0.15437852580592692,0.0,0.15437852580592692,0.0004898635536293022,0.08118295458386696,0.10956899243811755,0.15684907132285447,0.0,0.0
7313,7,92,3,M,1,0.9002065227780311,0.8298981943108498,1.0,0.8298981943108498,0.0004922988269058515,0.08118295458386696,0.9001968713566766,0.8299666702434779,0.0,0.0
7314,7,92,3,M,2,0.3458999500462587,0.21594821938554987,0.62,0.21594821938554987,0.0007614532063140167,0.08118295458386696,0.3483671579062706,0.20993728205151174,0.0,0.0
7315,7,92,3,M,3,0.6703341577716156,0.8308175666170793,0.62,0.8308175666170793,0.0007649895292152625,0.08118295458386696,0.6700153220572141,0.8306388893826642,0.0,0.0
7316,7,93,3,M,0,0.10956899243811755,0.15684907132285447,0.0,0.15684907132285447,0.0004898635536293022,0.08118295458386696,0.10981104482218994,0.15887343663808254,0.0,0.0
7317,7,93,3,M,1,0.9001968713566766,0.8299666702434779,1.0,0.8299666702434779,0.0004922988269058515,0.08118295458386696,0.9001941320972884,0.8299946095330407,0.0,0.0
7318,7,93,3,M,2,0.3483671579062706,0.20993728205151174,0.62,0.20993728205151174,0.0007614532063140167,0.08118295458386696,0.3512877596069022,0.205053410521653,0.0,0.0
7319,7,93,3,M,3,0.6700153220572141,0.8306388893826642,0.62,0.8306388893826642,0.0007649895292152625,0.08118295458386696,0.6695217052832668,0.8303037531104211,0.0,0.0
7320,7,94,3,M,0,0.10981104482218994,0.15887343663808254,0.0,0.15887343663808254,0.0004898635536293022,0.08118295458386696,0.1097460171290576,0.16061911654397634,0.0,0.0
7321,7,94,3,M,1,0.9001941320972884,0.8299946095330407,1.0,0.8299946095330407,0.0004922988269058515,0.08118295458386696,0.9001924988535367,0.8300188171451397,0.0,0.0
7322,7,94,3,M,2,0.3512877596069022,0.205053410521653,0.62,0.205053410521653,0.0007614532063140167,0.08118295458386696,0.35312206217074654,0.2008677803466245,0.0,0.0
7323,7,94,3,M,3,0.6695217052832668,0.8303037531104211,0.62,0.8303037531104211,0.0007649895292152625,0.08118295458386696,0.6693165793088838,0.8303735212713547,0.0,0.0
7324,7,95,3,M,0,0.1097460171290576,0.16061911654397634,0.0,0.16061911654397634,0.0004898635536293022,0.08118295458386696,0.10979455118589754,0.16210052439151812,0.0,0.0
7325,7,95,3,M,1,0.9001924988535367,0.8300188171451397,1.0,0.8300188171451397,0.0004922988269058515,0.08118295458386696,0.9001917431696541,0.8300405641605758,0.0,0.0
7326,7,95,3,M,2,0.35312206217074654,0.2008677803466245,0.62,0.2008677803466245,0.0007614532063140167,0.08118295458386696,0.3545436857782362,0.19755863993631365,0.0,0.0
7327,7,95,3,M,3,0.6693165793088838,0.8303735212713547,0.62,0.8303735212713547,0.0007649895292152625,0.08118295458386696,0.6694254963456503,0.8303824870262567,0.0,0.0
7328,7,96,3,M,0,0.10979455118589754,0.16210052439151812,0.0,0.16210052439151812,0.0004898635536293022,0.08118295458386696,0.10986445403000812,0.16354635793965214,0.0,0.0
7329,7,96,3,M,1,0.9001917431696541,0.8300405641605758,1.0,0.8300405641605758,0.0004922988269058515,0.08118295458386696,0.9001917431696539,0.8300405641605757,0.0,0.0
7330,7,96,3,M,2,0.3545436857782362,0.19755863993631365,0.62,0.19755863993631365,0.0007614532063140167,0.08118295458386696,0.35586052593329875,0.1930148573827212,0.0,0.0
7331,7,96,3,M,3,0.6694254963456503,0.8303824870262567,0.62,0.8303824870262567,0.0007649895292152625,0.08118295458386696,0.668653116251686,0.8298486294882301,0.0,0.0
7332,7,97,3,M,0,0.10986445403000812,0.16354635793965214,0.0,0.16354635793965214,0.0004898635536293022,0.08118295458386696,0.1097472457721743,0.16457423615938793,0.0,0.0
7333,7,97,3,M,1,0.9001917431696539,0.8300405641605757,1.0,0.8300405641605757,0.0004922988269058515,0.08118295458386696,0.900191743169654,0.8300405641605759,0.0,0.0
7334,7,97,3,M,2,0.35586052593329875,0.1930148573827212,0.62,0.1930148573827212,0.0007614532063140167,0.08118295458386696,0.3554922567165331,0.189854172275784,0.0,0.0
7335,7,97,3,M,3,0.668653116251686,0.8298486294882301,0.62,0.8298486294882301,0.0007649895292152625,0.08118295458386696,0.668655216613551,0.829061311253582,0.0,0.0
7336,7,98,3,M,0,0.1097472457721743,0.16457423615938793,0.0,0.16457423615938793,0.0004898635536293022,0.08118295458386696,0.10983074832587085,0.1649414147516174,0.0,0.0
7337,7,98,3,M,1,0.900191743169654,0.8300405641605759,1.0,0.8300405641605759,0.0004922988269058515,0.08118295458386696,0.9001917431696539,0.8300405641605758,0.0,0.0
7338,7,98,3,M,2,0.3554922567165331,0.189854172275784,0.62,0.189854172275784,0.0007614532063140167,0.08118295458386696,0.3558979184194862,0.1890287726054747,0.0,0.0
7339,7,98,3,M,3,0.668655216613551,0.829061311253582,0.62,0.829061311253582,0.0007649895292152625,0.08118295458386696,0.6686897997334376,0.8290667275724942,0.0,0.0
7340,7,99,3,M,0,0.10983074832587085,0.1649414147516174,0.0,0.1649414147516174,0.0004898635536293022,0.08118295458386696,0.11007466602937725,0.1652974205206348,0.0,0.0
7341,7,99,3,M,1,0.9001917431696539,0.8300405641605758,1.0,0.8300405641605758,0.0004922988269058515,0.08118295458386696,0.900191743169654,0.8300405641605758,0.0,0.0
7342,7,99,3,M,2,0.3558979184194862,0.1890287726054747,0.62,0.1890287726054747,0.0007614532063140167,0.08118295458386696,0.3566956623423818,0.18825824826880114,0.0,0.0
7343,7,99,3,M,3,0.6686897997334376,0.8290667275724942,0.62,0.8290667275724942,0.0007649895292152625,0.08118295458386696,0.6686897997334376,0.8290667275724941,0.0,0.0
7344,7,100,3,M,0,0.11007466602937725,0.1652974205206348,0.0,0.1652974205206348,0.0004898635536293022,0.08118295458386696,0.11027906148668949,0.16563352755541408,0.0,0.0
7345,7,100,3,M,1,0.900191743169654,0.8300405641605758,1.0,0.8300405641605758,0.0004922988269058515,0.08118295458386696,0.9001917431696538,0.8300405641605758,0.0,0.0
7346,7,100,3,M,2,0.3566956623423818,0.18825824826880114,0.62,0.18825824826880114,0.0007614532063140167,0.08118295458386696,0.3573740179619421,0.18750574286368904,0.0,0.0
7347,7,100,3,M,3,0.6686897997334376,0.8290667275724941,0.62,0.8290667275724941,0.0007649895292152625,0.08118295458386696,0.6686897997334376,0.8290667275724942,0.0,0.0
7348,7,101,3,M,0,0.11027906148668949,0.16563352755541408,0.0,0.16563352755541408,0.0004898635536293022,0.08118295458386696,0.1102955149598988,0.16570218074637363,0.0,0.0
7349,7,101,3,M,1,0.9001917431696538,0.8300405641605758,1.0,0.8300405641605758,0.0004922988269058515,0.08118295458386696,0.900191743169654,0.8300405641605758,0.0,0.0
7350,7,101,3,M,2,0.3573740179619421,0.18750574286368904,0.62,0.18750574286368904,0.0007614532063140167,0.08118295458386696,0.3574483072115682,0.18733934605817262,0.0,0.0
7351,7,101,3,M,3,0.6686897997334376,0.8290667275724942,0.62,0.8290667275724942,0.0007649895292152625,0.08118295458386696,0.6686897997334377,0.8290667275724942,0.0,0.0
7352,7,102,3,M,0,0.1102955149598988,0.16570218074637363,0.0,0.16570218074637363,0.0004898635536293022,0.08118295458386696,0.1103100803310884,0.1657662031204402,0.0,0.0
7353,7,102,3,M,1,0.900191743169654,0.8300405641605758,1.0,0.8300405641605758,0.0004922988269058515,0.08118295458386696,0.9001917431696539,0.8300405641605759,0.0,0.0
7354,7,102,3,M,2,0.3574483072115682,0.18733934605817262,0.62,0.18733934605817262,0.0007614532063140167,0.08118295458386696,0.35751415279672344,0.1871834977085924,0.0,0.0
7355,7,102,3,M,3,0.6686897997334377,0.8290667275724942,0.62,0.8290667275724942,0.0007649895292152625,0.08118295458386696,0.6686897997334377,0.8290667275724942,0.0,0.0
7356,7,103,3,M,0,0.1103100803310884,0.1657662031204402,0.0,0.1657662031204402,0.0004898635536293022,0.08118295458386696,0.11031008033108841,0.1657662031204402,0.0,0.0
7357,7,103,3,M,1,0.9001917431696539,0.8300405641605759,1.0,0.8300405641605759,0.0004922988269058515,0.08118295458386696,0.9001917431696539,0.8300405641605758,0.0,0.0
7358,7,103,3,M,2,0.35751415279672344,0.1871834977085924,0.62,0.1871834977085924,0.0007614532063140167,0.08118295458386696,0.357552071112818,0.18706967678983485,0.0,0.0
7359,7,103,3,M,3,0.6686897997334377,0.8290667275724942,0.62,0.8290667275724942,0.0007649895292152625,0.08118295458386696,0.668596238628979,0.8290329780226472,0.0,0.0
7360,7,104,3,M,0,0.11031008033108841,0.1657662031204402,0.0,0.1657662031204402,0.0004898635536293022,0.08118295458386696,0.11031008033108841,0.1657662031204402,0.0,0.0
7361,7,104,3,M,1,0.9001917431696539,0.8300405641605758,1.0,0.8300405641605758,0.0004922988269058515,0.08118295458386696,0.900191743169654,0.8300405641605758,0.0,0.0
7362,7,104,3,M,2,0.357552071112818,0.18706967678983485,0.62,0.18706967678983485,0.0007614532063140167,0.08118295458386696,0.357552071112818,0.18706967678983485,0.0,0.0
7363,7,104,3,M,3,0.668596238628979,0.8290329780226472,0.62,0.8290329780226472,0.0007649895292152625,0.08118295458386696,0.668596238628979,0.8290329780226471,0.0,0.0
7364,7,105,3,M,0,0.11031008033108841,0.1657662031204402,0.0,0.1657662031204402,0.0004898635536293022,0.08118295458386696,0.11031008033108841,0.1657662031204402,0.0,0.0
7365,7,105,3,M,1,0.900191743169654,0.8300405641605758,1.0,0.8300405641605758,0.0004922988269058515,0.08118295458386696,0.900191743169654,0.8300405641605758,0.0,0.0
7366,7,105,3,M,2,0.357552071112818,0.18706967678983485,0.62,0.18706967678983485,0.0007614532063140167,0.08118295458386696,0.357552071112818,0.18706967678983488,0.0,0.0
7367,7,105,3,M,3,0.668596238628979,0.8290329780226471,0.62,0.8290329780226471,0.0007649895292152625,0.08118295458386696,0.668596238628979,0.8290329780226471,0.0,0.0
7368,7,106,3,M,0,0.11031008033108841,0.1657662031204402,0.0,0.1657662031204402,0.0004898635536293022,0.08118295458386696,0.11031008033108841,0.1657662031204402,0.0,0.0
7369,7,106,3,M,1,0.900191743169654,0.8300405641605758,1.0,0.8300405641605758,0.0004922988269058515,0.08118295458386696,0.900191743169654,0.8300405641605758,0.0,0.0
7370,7,106,3,M,2,0.357552071112818,0.18706967678983488,0.62,0.18706967678983488,0.0007614532063140167,0.08118295458386696,0.357552071112818,0.18706967678983485,0.0,0.0
7371,7,106,3,M,3,0.668596238628979,0.8290329780226471,0.62,0.8290329780226471,0.0007649895292152625,0.08118295458386696,0.668596238628979,0.8290329780226471,0.0,0.0
7372,7,107,3,M,0,0.11031008033108841,0.1657662031204402,0.0,0.1657662031204402,0.0004898635536293022,0.08118295458386696,0.11031008033108841,0.1657662031204402,0.0,0.0
7373,7,107,3,M,1,0.900191743169654,0.8300405641605758,1.0,0.8300405641605758,0.0004922988269058515,0.08118295458386696,0.900191743169654,0.8300405641605758,0.0,0.0
7374,7,107,3,M,2,0.357552071112818,0.18706967678983485,0.62,0.18706967678983485,0.0007614532063140167,0.08118295458386696,0.357552071112818,0.18706967678983488,0.0,0.0
7375,7,107,3,M,3,0.668596238628979,0.8290329780226471,0.62,0.8290329780226471,0.0007649895292152625,0.08118295458386696,0.668596238628979,0.8290329780226471,0.0,0.0
7376,7,108,3,M,0,0.11031008033108841,0.1657662031204402,0.0,0.1657662031204402,0.0004898635536293022,0.08118295458386696,0.11031008033108841,0.1657662031204402,0.0,0.0
7377,7,108,3,M,1,0.900191743169654,0.8300405641605758,1.0,0.8300405641605758,0.0004922988269058515,0.08118295458386696,0.900191743169654,0.8300405641605758,0.0,0.0
7378,7,108,3,M,2,0.357552071112818,0.18706967678983488,0.62,0.18706967678983488,0.0007614532063140167,0.08118295458386696,0.357552071112818,0.18706967678983485,0.0,0.0
7379,7,108,3,M,3,0.668596238628979,0.8290329780226471,0.62,0.8290329780226471,0.0007649895292152625,0.08118295458386696,0.668596238628979,0.8290329780226471,0.0,0.0
7380,7,109,3,M,0,0.11031008033108841,0.1657662031204402,0.0,0.1657662031204402,0.0004898635536293022,0.08118295458386696,0.11031008033108841,0.1657662031204402,0.0,0.0
7381,7,109,3,M,1,0.900191743169654,0.8300405641605758,1.0,0.8300405641605758,0.0004922988269058515,0.08118295458386696,0.900191743169654,0.8300405641605758,0.0,0.0
7382,7,109,3,M,2,0.357552071112818,0.18706967678983485,0.62,0.18706967678983485,0.0007614532063140167,0.08118295458386696,0.357552071112818,0.18706967678983488,0.0,0.0
7383,7,109,3,M,3,0.668596238628979,0.8290329780226471,0.62,0.8290329780226471,0.0007649895292152625,0.08118295458386696,0.668596238628979,0.8290329780226471,0.0,0.0
7384,7,110,3,M,0,0.11031008033108841,0.1657662031204402,0.0,0.1657662031204402,0.0004898635536293022,0.08118295458386696,0.11031008033108841,0.1657662031204402,0.0,0.0
7385,7,110,3,M,1,0.900191743169654,0.8300405641605758,1.0,0.8300405641605758,0.0004922988269058515,0.08118295458386696,0.900191743169654,0.8300405641605758,0.0,0.0
7386,7,110,3,M,2,0.357552071112818,0.18706967678983488,0.62,0.18706967678983488,0.0007614532063140167,0.08118295458386696,0.357552071112818,0.18706967678983485,0.0,0.0
7387,7,110,3,M,3,0.668596238628979,0.8290329780226471,0.62,0.8290329780226471,0.0007649895292152625,0.08118295458386696,0.668596238628979,0.8290329780226471,0.0,0.0
7388,7,111,3,M,0,0.11031008033108841,0.1657662031204402,0.0,0.1657662031204402,0.0004898635536293022,0.08118295458386696,0.11031008033108841,0.1657662031204402,0.0,0.0
7389,7,111,3,M,1,0.900191743169654,0.8300405641605758,1.0,0.8300405641605758,0.0004922988269058515,0.08118295458386696,0.900191743169654,0.8300405641605758,0.0,0.0
7390,7,111,3,M,2,0.357552071112818,0.18706967678983485,0.62,0.18706967678983485,0.0007614532063140167,0.08118295458386696,0.357552071112818,0.18706967678983488,0.0,0.0
7391,7,111,3,M,3,0.668596238628979,0.8290329780226471,0.62,0.8290329780226471,0.0007649895292152625,0.08118295458386696,0.668596238628979,0.8290329780226471,0.0,0.0
7392,7,112,3,M,0,0.11031008033108841,0.1657662031204402,0.0,0.1657662031204402,0.0004898635536293022,0.08118295458386696,0.11031008033108841,0.1657662031204402,0.0,0.0
7393,7,112,3,M,1,0.900191743169654,0.8300405641605758,1.0,0.8300405641605758,0.0004922988269058515,0.08118295458386696,0.900191743169654,0.8300405641605758,0.0,0.0
7394,7,112,3,M,2,0.357552071112818,0.18706967678983488,0.62,0.18706967678983488,0.0007614532063140167,0.08118295458386696,0.357552071112818,0.18706967678983485,0.0,0.0
7395,7,112,3,M,3,0.668596238628979,0.8290329780226471,0.62,0.8290329780226471,0.0007649895292152625,0.08118295458386696,0.668596238628979,0.8290329780226471,0.0,0.0
7396,7,113,3,M,0,0.11031008033108841,0.1657662031204402,0.0,0.1657662031204402,0.0004898635536293022,0.08118295458386696,0.11031008033108841,0.1657662031204402,0.0,0.0
7397,7,113,3,M,1,0.900191743169654,0.8300405641605758,1.0,0.8300405641605758,0.0004922988269058515,0.08118295458386696,0.900191743169654,0.8300405641605758,0.0,0.0
7398,7,113,3,M,2,0.357552071112818,0.18706967678983485,0.62,0.18706967678983485,0.0007614532063140167,0.08118295458386696,0.357552071112818,0.18706967678983488,0.0,0.0
7399,7,113,3,M,3,0.668596238628979,0.8290329780226471,0.62,0.8290329780226471,0.0007649895292152625,0.08118295458386696,0.668596238628979,0.8290329780226471,0.0,0.0
7400,7,114,3,M,0,0.11031008033108841,0.1657662031204402,0.0,0.1657662031204402,0.0004898635536293022,0.08118295458386696,0.11031008033108841,0.1657662031204402,0.0,0.0
7401,7,114,3,M,1,0.900191743169654,0.8300405641605758,1.0,0.8300405641605758,0.0004922988269058515,0.08118295458386696,0.900191743169654,0.8300405641605758,0.0,0.0
7402,7,114,3,M,2,0.357552071112818,0.18706967678983488,0.62,0.18706967678983488,0.0007614532063140167,0.08118295458386696,0.357552071112818,0.18706967678983485,0.0,0.0
7403,7,114,3,M,3,0.668596238628979,0.8290329780226471,0.62,0.8290329780226471,0.0007649895292152625,0.08118295458386696,0.668596238628979,0.8290329780226471,0.0,0.0
7404,7,115,3,M,0,0.11031008033108841,0.1657662031204402,0.0,0.1657662031204402,0.0004898635536293022,0.08118295458386696,0.11031008033108841,0.1657662031204402,0.0,0.0
7405,7,115,3,M,1,0.900191743169654,0.8300405641605758,1.0,0.8300405641605758,0.0004922988269058515,0.08118295458386696,0.900191743169654,0.8300405641605758,0.0,0.0
7406,7,115,3,M,2,0.357552071112818,0.18706967678983485,0.62,0.18706967678983485,0.0007614532063140167,0.08118295458386696,0.357552071112818,0.18706967678983488,0.0,0.0
7407,7,115,3,M,3,0.668596238628979,0.8290329780226471,0.62,0.8290329780226471,0.0007649895292152625,0.08118295458386696,0.668596238628979,0.8290329780226471,0.0,0.0
7408,7,116,3,M,0,0.11031008033108841,0.1657662031204402,0.0,0.1657662031204402,0.0004898635536293022,0.08118295458386696,0.11031008033108841,0.1657662031204402,0.0,0.0
7409,7,116,3,M,1,0.900191743169654,0.8300405641605758,1.0,0.8300405641605758,0.0004922988269058515,0.08118295458386696,0.900191743169654,0.8300405641605758,0.0,0.0
7410,7,116,3,M,2,0.357552071112818,0.18706967678983488,0.62,0.18706967678983488,0.0007614532063140167,0.08118295458386696,0.357552071112818,0.18706967678983485,0.0,0.0
7411,7,116,3,M,3,0.668596238628979,0.8290329780226471,0.62,0.8290329780226471,0.0007649895292152625,0.08118295458386696,0.668596238628979,0.8290329780226471,0.0,0.0
7412,7,117,3,M,0,0.11031008033108841,0.1657662031204402,0.0,0.1657662031204402,0.0004898635536293022,0.08118295458386696,0.11031008033108841,0.1657662031204402,0.0,0.0
7413,7,117,3,M,1,0.900191743169654,0.8300405641605758,1.0,0.8300405641605758,0.0004922988269058515,0.08118295458386696,0.900191743169654,0.8300405641605758,0.0,0.0
7414,7,117,3,M,2,0.357552071112818,0.18706967678983485,0.62,0.18706967678983485,0.0007614532063140167,0.08118295458386696,0.357552071112818,0.18706967678983488,0.0,0.0
7415,7,117,3,M,3,0.668596238628979,0.8290329780226471,0.62,0.8290329780226471,0.0007649895292152625,0.08118295458386696,0.668596238628979,0.8290329780226471,0.0,0.0
7416,7,118,3,M,0,0.11031008033108841,0.1657662031204402,0.0,0.1657662031204402,0.0004898635536293022,0.08118295458386696,0.11031008033108841,0.1657662031204402,0.0,0.0
7417,7,118,3,M,1,0.900191743169654,0.8300405641605758,1.0,0.8300405641605758,0.0004922988269058515,0.08118295458386696,0.900191743169654,0.8300405641605758,0.0,0.0
7418,7,118,3,M,2,0.357552071112818,0.18706967678983488,0.62,0.18706967678983488,0.0007614532063140167,0.08118295458386696,0.357552071112818,0.18706967678983485,0.0,0.0
7419,7,118,3,M,3,0.668596238628979,0.8290329780226471,0.62,0.8290329780226471,0.0007649895292152625,0.08118295458386696,0.668596238628979,0.8290329780226471,0.0,0.0
7420,7,119,3,M,0,0.11031008033108841,0.1657662031204402,0.0,0.1657662031204402,0.0004898635536293022,0.08118295458386696,0.11031008033108841,0.1657662031204402,0.0,0.0
7421,7,119,3,M,1,0.900191743169654,0.8300405641605758,1.0,0.8300405641605758,0.0004922988269058515,0.08118295458386696,0.900191743169654,0.8300405641605758,0.0,0.0
7422,7,119,3,M,2,0.357552071112818,0.18706967678983485,0.62,0.18706967678983485,0.0007614532063140167,0.08118295458386696,0.357552071112818,0.18706967678983488,0.0,0.0
7423,7,119,3,M,3,0.668596238628979,0.8290329780226471,0.62,0.8290329780226471,0.0007649895292152625,0.08118295458386696,0.668596238628979,0.8290329780226471,0.0,0.0
7424,7,120,4,M,0,0.11031008033108841,0.1657662031204402,0.0,0.1657662031204402,0.0004898635536293022,0.08118295458386696,0.11031008033108841,0.1657662031204402,0.0,0.0
7425,7,120,4,M,1,0.900191743169654,0.8300405641605758,1.0,0.8300405641605758,0.0004922988269058515,0.08118295458386696,0.900191743169654,0.8300405641605758,0.0,0.0
7426,7,120,4,M,2,0.357552071112818,0.18706967678983488,0.62,0.18706967678983488,0.0007614532063140167,0.08118295458386696,0.357552071112818,0.18706967678983485,0.0,0.0
7427,7,120,4,M,3,0.668596238628979,0.8290329780226471,0.62,0.8290329780226471,0.0007649895292152625,0.08118295458386696,0.668596238628979,0.8290329780226471,0.0,0.0
7428,7,121,4,M,0,0.0,0.1,0.1,0.1,0.00034969915336374724,0.08118295458386696,0.1103721218452843,0.16573475811052568,1.0,1.0
7429,7,121,4,M,1,1.0,0.9,0.9,0.9,0.00026437814996367603,0.08118295458386696,0.9002660429724767,0.8302092906569911,1.0,1.0
7430,7,121,4,M,2,1.0,0.1,0.38,0.1,0.0006946347468061859,0.08118295458386696,0.35555723973000175,0.18339837170754805,1.0,1.0
7431,7,121,4,M,3,0.62,0.64,0.38,0.64,0.0006486429495945883,0.08118295458386696,0.6690167294320992,0.8254926851467669,1.0,1.0
7432,7,122,4,M,0,0.1103721218452843,0.16573475811052568,0.1,0.16573475811052568,0.0003174287658886388,0.08118295458386696,0.10935094645928735,0.16655659599696504,0.0,0.0
7433,7,122,4,M,1,0.9002660429724767,0.8302092906569911,0.9,0.8302092906569911,0.0002575684646433374,0.08118295458386696,0.9002353503500424,0.8303198056874396,0.0,0.0
7434,7,122,4,M,2,0.36,0.36,0.6,0.36,0.0004659399013469956,0.08118295458386696,0.35171385676343,0.18455238417877526,1.0,1.0
7435,7,122,4,M,3,0.0,0.9,0.38,0.9,0.0005316684772150582,0.08118295458386696,0.6715332207791331,0.8282165288820552,1.0,1.0
7436,7,123,4,M,0,0.10935094645928735,0.16655659599696504,0.1,0.16655659599696504,0.0003151008195702021,0.08118295458386696,0.10845305738659478,0.16640398406087914,0.0,0.0
7437,7,123,4,M,1,0.9002353503500424,0.8303198056874396,0.9,0.8303198056874396,0.0002533497747726071,0.08118295458386696,0.9002213721815993,0.8302413014610224,0.0,0.0
7438,7,123,4,M,2,0.35171385676343,0.18455238417877526,0.64,0.18455238417877526,0.00028156849994907807,0.08118295458386696,0.34909587184777,0.18521589087324813,0.0,0.0
7439,7,123,4,M,3,0.38,0.62,0.1,0.62,0.00026341393706830196,0.08118295458386696,0.671724232060233,0.828344454282982,1.0,1.0
7440,7,124,4,M,0,0.10845305738659478,0.16640398406087914,0.1,0.16640398406087914,0.0003151008195702021,0.08118295458386696,0.10769686580671439,0.1665107179259096,0.0,0.0
7441,7,124,4,M,1,0.9002213721815993,0.8302413014610224,0.9,0.8302413014610224,0.0002533497747726071,0.08118295458386696,0.9002239196376953,0.8302035019218196,0.0,0.0
7442,7,124,4,M,2,0.34909587184777,0.18521589087324813,0.64,0.18521589087324813,0.00028156849994907807,0.08118295458386696,0.3472975798620851,0.18467973679833524,0.0,0.0
7443,7,124,4,M,3,0.671724232060233,0.828344454282982,0.1,0.828344454282982,0.00026341393706830196,0.08118295458386696,0.671724232060233,0.8283444542829821,0.0,0.0
7444,7,125,4,M,0,0.10769686580671439,0.1665107179259096,0.1,0.1665107179259096,0.0003151008195702021,0.08118295458386696,0.10693068501368597,0.166709492998607,0.0,0.0
7445,7,125,4,M,1,0.9002239196376953,0.8302035019218196,0.9,0.8302035019218196,0.0002533497747726071,0.08118295458386696,0.9002209365747186,0.8301244774959426,0.0,0.0
7446,7,125,4,M,2,0.3472975798620851,0.18467973679833524,0.64,0.18467973679833524,0.00028156849994907807,0.08118295458386696,0.34544942361574804,0.18392079839192294,0.0,0.0
7447,7,125,4,M,3,0.671724232060233,0.8283444542829821,0.1,0.8283444542829821,0.00026341393706830196,0.08118295458386696,0.671724232060233,0.828344454282982,0.0,0.0
7448,7,126,4,M,0,0.10693068501368597,0.166709492998607,0.1,0.166709492998607,0.0003151008195702021,0.08118295458386696,0.10648068749479635,0.16727325075322103,0.0,0.0
7449,7,126,4,M,1,0.9002209365747186,0.8301244774959426,0.9,0.8301244774959426,0.0002533497747726071,0.08118295458386696,0.9002209365747186,0.8301244774959429,0.0,0.0
7450,7,126,4,M,2,0.34544942361574804,0.18392079839192294,0.64,0.18392079839192294,0.00028156849994907807,0.08118295458386696,0.3442874182316737,0.18224829558377864,0.0,0.0
7451,7,126,4,M,3,0.671724232060233,0.828344454282982,0.1,0.828344454282982,0.00026341393706830196,0.08118295458386696,0.6717328346309567,0.827974264175993,0.0,0.0
7452,7,127,4,M,0,0.10648068749479635,0.16727325075322103,0.1,0.16727325075322103,0.0003151008195702021,0.08118295458386696,0.10650885126623637,0.16738824474689185,0.0,0.0
7453,7,127,4,M,1,0.9002209365747186,0.8301244774959429,0.9,0.8301244774959429,0.0002533497747726071,0.08118295458386696,0.900221138727291,0.8300447695511061,0.0,0.0
7454,7,127,4,M,2,0.3442874182316737,0.18224829558377864,0.64,0.18224829558377864,0.00028156849994907807,0.08118295458386696,0.3440896254032665,0.18164715884599694,0.0,0.0
7455,7,127,4,M,3,0.6717328346309567,0.827974264175993,0.1,0.827974264175993,0.00026341393706830196,0.08118295458386696,0.6715698512344899,0.8277156460741326,0.0,0.0
7456,7,128,4,M,0,0.10650885126623637,0.16738824474689185,0.1,0.16738824474689185,0.0003151008195702021,0.08118295458386696,0.10651989272777225,0.1674369748875158,0.0,0.0
7457,7,128,4,M,1,0.900221138727291,0.8300447695511061,0.9,0.8300447695511061,0.0002533497747726071,0.08118295458386696,0.900221138727291,0.8300447695511061,0.0,0.0
7458,7,128,4,M,2,0.3440896254032665,0.18164715884599694,0.64,0.18164715884599694,0.00028156849994907807,0.08118295458386696,0.34413064641873164,0.18137149693167345,0.0,0.0
7459,7,128,4,M,3,0.6715698512344899,0.8277156460741326,0.1,0.8277156460741326,0.00026341393706830196,0.08118295458386696,0.6714490955157316,0.8276290566908419,0.0,0.0
7460,7,129,4,M,0,0.10651989272777225,0.1674369748875158,0.1,0.1674369748875158,0.0003151008195702021,0.08118295458386696,0.10652962736462276,0.1674820202355293,0.0,0.0
7461,7,129,4,M,1,0.900221138727291,0.8300447695511061,0.9,0.8300447695511061,0.0002533497747726071,0.08118295458386696,0.900221138727291,0.8300447695511061,0.0,0.0
7462,7,129,4,M,2,0.34413064641873164,0.18137149693167345,0.64,0.18137149693167345,0.00028156849994907807,0.08118295458386696,0.34417817320590627,0.18118312861038266,0.0,0.0
7463,7,129,4,M,3,0.6714490955157316,0.8276290566908419,0.1,0.8276290566908419,0.00026341393706830196,0.08118295458386696,0.6713795474033012,0.8275921675802425,0.0,0.0
7464,7,130,4,M,0,0.10652962736462276,0.1674820202355293,0.1,0.1674820202355293,0.0003151008195702021,0.08118295458386696,0.10652962736462276,0.16748202023552933,0.0,0.0
7465,7,130,4,M,1,0.900221138727291,0.8300447695511061,0.9,0.8300447695511061,0.0002533497747726071,0.08118295458386696,0.9002211387272911,0.8300447695511061,0.0,0.0
7466,7,130,4,M,2,0.34417817320590627,0.18118312861038266,0.64,0.18118312861038266,0.00028156849994907807,0.08118295458386696,0.34419827627499744,0.18109459156867888,0.0,0.0
7467,7,130,4,M,3,0.6713795474033012,0.8275921675802425,0.1,0.8275921675802425,0.00026341393706830196,0.08118295458386696,0.6713054125852721,0.8275599288909234,0.0,0.0
7468,7,131,4,M,0,0.10652962736462276,0.16748202023552933,0.1,0.16748202023552933,0.0003151008195702021,0.08118295458386696,0.10652962736462276,0.16748202023552933,0.0,0.0
7469,7,131,4,M,1,0.9002211387272911,0.8300447695511061,0.9,0.8300447695511061,0.0002533497747726071,0.08118295458386696,0.900221138727291,0.8300447695511061,0.0,0.0
7470,7,131,4,M,2,0.34419827627499744,0.18109459156867888,0.64,0.18109459156867888,0.00028156849994907807,0.08118295458386696,0.3441982762749974,0.18109459156867885,0.0,0.0
7471,7,131,4,M,3,0.6713054125852721,0.8275599288909234,0.1,0.8275599288909234,0.00026341393706830196,0.08118295458386696,0.6713054125852721,0.8275599288909234,0.0,0.0
7472,7,132,4,M,0,0.10652962736462276,0.16748202023552933,0.1,0.16748202023552933,0.0003151008195702021,0.08118295458386696,0.10652962736462276,0.16748202023552933,0.0,0.0
7473,7,132,4,M,1,0.900221138727291,0.8300447695511061,0.9,0.8300447695511061,0.0002533497747726071,0.08118295458386696,0.9002211387272911,0.8300447695511061,0.0,0.0
7474,7,132,4,M,2,0.3441982762749974,0.18109459156867885,0.64,0.18109459156867885,0.00028156849994907807,0.08118295458386696,0.3441982762749974,0.18109459156867888,0.0,0.0
7475,7,132,4,M,3,0.6713054125852721,0.8275599288909234,0.1,0.8275599288909234,0.00026341393706830196,0.08118295458386696,0.6713054125852722,0.8275599288909236,0.0,0.0
7476,7,133,4,M,0,0.10652962736462276,0.16748202023552933,0.1,0.16748202023552933,0.0003151008195702021,0.08118295458386696,0.10652962736462276,0.1674820202355293,0.0,0.0
7477,7,133,4,M,1,0.9002211387272911,0.8300447695511061,0.9,0.8300447695511061,0.0002533497747726071,0.08118295458386696,0.900221138727291,0.8300447695511061,0.0,0.0
7478,7,133,4,M,2,0.3441982762749974,0.18109459156867888,0.64,0.18109459156867888,0.00028156849994907807,0.08118295458386696,0.34419827627499744,0.18109459156867888,0.0,0.0
7479,7,133,4,M,3,0.6713054125852722,0.8275599288909236,0.1,0.8275599288909236,0.00026341393706830196,0.08118295458386696,0.6713054125852721,0.8275599288909234,0.0,0.0
7480,7,134,4,M,0,0.10652962736462276,0.1674820202355293,0.1,0.1674820202355293,0.0003151008195702021,0.08118295458386696,0.10652962736462276,0.16748202023552933,0.0,0.0
7481,7,134,4,M,1,0.900221138727291,0.8300447695511061,0.9,0.8300447695511061,0.0002533497747726071,0.08118295458386696,0.900221138727291,0.8300447695511061,0.0,0.0
7482,7,134,4,M,2,0.34419827627499744,0.18109459156867888,0.64,0.18109459156867888,0.00028156849994907807,0.08118295458386696,0.34419827627499744,0.18109459156867888,0.0,0.0
7483,7,134,4,M,3,0.6713054125852721,0.8275599288909234,0.1,0.8275599288909234,0.00026341393706830196,0.08118295458386696,0.6713054125852721,0.8275599288909234,0.0,0.0
7484,7,135,4,M,0,0.10652962736462276,0.16748202023552933,0.1,0.16748202023552933,0.0003151008195702021,0.08118295458386696,0.10652962736462276,0.16748202023552933,0.0,0.0
7485,7,135,4,M,1,0.900221138727291,0.8300447695511061,0.9,0.8300447695511061,0.0002533497747726071,0.08118295458386696,0.900221138727291,0.8300447695511061,0.0,0.0
7486,7,135,4,M,2,0.34419827627499744,0.18109459156867888,0.64,0.18109459156867888,0.00028156849994907807,0.08118295458386696,0.3441982762749974,0.18109459156867888,0.0,0.0
7487,7,135,4,M,3,0.6713054125852721,0.8275599288909234,0.1,0.8275599288909234,0.00026341393706830196,0.08118295458386696,0.6713054125852721,0.8275599288909234,0.0,0.0
7488,7,136,4,M,0,0.10652962736462276,0.16748202023552933,0.1,0.16748202023552933,0.0003151008195702021,0.08118295458386696,0.10652962736462276,0.1674820202355293,0.0,0.0
7489,7,136,4,M,1,0.900221138727291,0.8300447695511061,0.9,0.8300447695511061,0.0002533497747726071,0.08118295458386696,0.9002211387272911,0.8300447695511061,0.0,0.0
7490,7,136,4,M,2,0.3441982762749974,0.18109459156867888,0.64,0.18109459156867888,0.00028156849994907807,0.08118295458386696,0.3441982762749974,0.18109459156867885,0.0,0.0
7491,7,136,4,M,3,0.6713054125852721,0.8275599288909234,0.1,0.8275599288909234,0.00026341393706830196,0.08118295458386696,0.6713054125852721,0.8275599288909233,0.0,0.0
7492,7,137,4,M,0,0.10652962736462276,0.1674820202355293,0.1,0.1674820202355293,0.0003151008195702021,0.08118295458386696,0.10652962736462276,0.16748202023552933,0.0,0.0
7493,7,137,4,M,1,0.9002211387272911,0.8300447695511061,0.9,0.8300447695511061,0.0002533497747726071,0.08118295458386696,0.900221138727291,0.8300447695511061,0.0,0.0
7494,7,137,4,M,2,0.3441982762749974,0.18109459156867885,0.64,0.18109459156867885,0.00028156849994907807,0.08118295458386696,0.3441982762749974,0.18109459156867888,0.0,0.0
7495,7,137,4,M,3,0.6713054125852721,0.8275599288909233,0.1,0.8275599288909233,0.00026341393706830196,0.08118295458386696,0.6713054125852721,0.8275599288909234,0.0,0.0
7496,7,138,4,M,0,0.10652962736462276,0.16748202023552933,0.1,0.16748202023552933,0.0003151008195702021,0.08118295458386696,0.10652962736462276,0.1674820202355293,0.0,0.0
7497,7,138,4,M,1,0.900221138727291,0.8300447695511061,0.9,0.8300447695511061,0.0002533497747726071,0.08118295458386696,0.9002211387272911,0.8300447695511061,0.0,0.0
7498,7,138,4,M,2,0.3441982762749974,0.18109459156867888,0.64,0.18109459156867888,0.00028156849994907807,0.08118295458386696,0.3441982762749974,0.18109459156867885,0.0,0.0
7499,7,138,4,M,3,0.6713054125852721,0.8275599288909234,0.1,0.8275599288909234,0.00026341393706830196,0.08118295458386696,0.6713054125852721,0.8275599288909233,0.0,0.0
7500,7,139,4,M,0,0.10652962736462276,0.1674820202355293,0.1,0.1674820202355293,0.0003151008195702021,0.08118295458386696,0.10652962736462276,0.16748202023552933,0.0,0.0
7501,7,139,4,M,1,0.9002211387272911,0.8300447695511061,0.9,0.8300447695511061,0.0002533497747726071,0.08118295458386696,0.900221138727291,0.8300447695511061,0.0,0.0
7502,7,139,4,M,2,0.3441982762749974,0.18109459156867885,0.64,0.18109459156867885,0.00028156849994907807,0.08118295458386696,0.3441982762749974,0.18109459156867888,0.0,0.0
7503,7,139,4,M,3,0.6713054125852721,0.8275599288909233,0.1,0.8275599288909233,0.00026341393706830196,0.08118295458386696,0.6713054125852721,0.8275599288909234,0.0,0.0
7504,7,140,4,M,0,0.10652962736462276,0.16748202023552933,0.1,0.16748202023552933,0.0003151008195702021,0.08118295458386696,0.10652962736462276,0.1674820202355293,0.0,0.0
7505,7,140,4,M,1,0.900221138727291,0.8300447695511061,0.9,0.8300447695511061,0.0002533497747726071,0.08118295458386696,0.9002211387272911,0.8300447695511061,0.0,0.0
7506,7,140,4,M,2,0.3441982762749974,0.18109459156867888,0.64,0.18109459156867888,0.00028156849994907807,0.08118295458386696,0.3441982762749974,0.18109459156867885,0.0,0.0
7507,7,140,4,M,3,0.6713054125852721,0.8275599288909234,0.1,0.8275599288909234,0.00026341393706830196,0.08118295458386696,0.6713054125852721,0.8275599288909233,0.0,0.0
7508,7,141,4,M,0,0.10652962736462276,0.1674820202355293,0.1,0.1674820202355293,0.0003151008195702021,0.08118295458386696,0.10652962736462276,0.16748202023552933,0.0,0.0
7509,7,141,4,M,1,0.9002211387272911,0.8300447695511061,0.9,0.8300447695511061,0.0002533497747726071,0.08118295458386696,0.900221138727291,0.8300447695511061,0.0,0.0
7510,7,141,4,M,2,0.3441982762749974,0.18109459156867885,0.64,0.18109459156867885,0.00028156849994907807,0.08118295458386696,0.3441982762749974,0.18109459156867888,0.0,0.0
7511,7,141,4,M,3,0.6713054125852721,0.8275599288909233,0.1,0.8275599288909233,0.00026341393706830196,0.08118295458386696,0.6713054125852721,0.8275599288909234,0.0,0.0
7512,7,142,4,M,0,0.10652962736462276,0.16748202023552933,0.1,0.16748202023552933,0.0003151008195702021,0.08118295458386696,0.10652962736462276,0.1674820202355293,0.0,0.0
7513,7,142,4,M,1,0.900221138727291,0.8300447695511061,0.9,0.8300447695511061,0.0002533497747726071,0.08118295458386696,0.9002211387272911,0.8300447695511061,0.0,0.0
7514,7,142,4,M,2,0.3441982762749974,0.18109459156867888,0.64,0.18109459156867888,0.00028156849994907807,0.08118295458386696,0.3441982762749974,0.18109459156867885,0.0,0.0
7515,7,142,4,M,3,0.6713054125852721,0.8275599288909234,0.1,0.8275599288909234,0.00026341393706830196,0.08118295458386696,0.6713054125852721,0.8275599288909233,0.0,0.0
7516,7,143,4,M,0,0.10652962736462276,0.1674820202355293,0.1,0.1674820202355293,0.0003151008195702021,0.08118295458386696,0.10652962736462276,0.16748202023552933,0.0,0.0
7517,7,143,4,M,1,0.9002211387272911,0.8300447695511061,0.9,0.8300447695511061,0.0002533497747726071,0.08118295458386696,0.900221138727291,0.8300447695511061,0.0,0.0
7518,7,143,4,M,2,0.3441982762749974,0.18109459156867885,0.64,0.18109459156867885,0.00028156849994907807,0.08118295458386696,0.3441982762749974,0.18109459156867888,0.0,0.0
7519,7,143,4,M,3,0.6713054125852721,0.8275599288909233,0.1,0.8275599288909233,0.00026341393706830196,0.08118295458386696,0.6713054125852721,0.8275599288909234,0.0,0.0
7520,7,144,4,M,0,0.10652962736462276,0.16748202023552933,0.1,0.16748202023552933,0.0003151008195702021,0.08118295458386696,0.10652962736462276,0.1674820202355293,0.0,0.0
7521,7,144,4,M,1,0.900221138727291,0.8300447695511061,0.9,0.8300447695511061,0.0002533497747726071,0.08118295458386696,0.9002211387272911,0.8300447695511061,0.0,0.0
7522,7,144,4,M,2,0.3441982762749974,0.18109459156867888,0.64,0.18109459156867888,0.00028156849994907807,0.08118295458386696,0.3441982762749974,0.18109459156867885,0.0,0.0
7523,7,144,4,M,3,0.6713054125852721,0.8275599288909234,0.1,0.8275599288909234,0.00026341393706830196,0.08118295458386696,0.6713054125852721,0.8275599288909233,0.0,0.0
7524,7,145,4,M,0,0.10652962736462276,0.1674820202355293,0.1,0.1674820202355293,0.0003151008195702021,0.08118295458386696,0.10652962736462276,0.16748202023552933,0.0,0.0
7525,7,145,4,M,1,0.9002211387272911,0.8300447695511061,0.9,0.8300447695511061,0.0002533497747726071,0.08118295458386696,0.900221138727291,0.8300447695511061,0.0,0.0
7526,7,145,4,M,2,0.3441982762749974,0.18109459156867885,0.64,0.18109459156867885,0.00028156849994907807,0.08118295458386696,0.3441982762749974,0.18109459156867888,0.0,0.0
7527,7,145,4,M,3,0.6713054125852721,0.8275599288909233,0.1,0.8275599288909233,0.00026341393706830196,0.08118295458386696,0.6713054125852721,0.8275599288909234,0.0,0.0
7528,7,146,4,M,0,0.10652962736462276,0.16748202023552933,0.1,0.16748202023552933,0.0003151008195702021,0.08118295458386696,0.10652962736462276,0.1674820202355293,0.0,0.0
7529,7,146,4,M,1,0.900221138727291,0.8300447695511061,0.9,0.8300447695511061,0.0002533497747726071,0.08118295458386696,0.9002211387272911,0.8300447695511061,0.0,0.0
7530,7,146,4,M,2,0.3441982762749974,0.18109459156867888,0.64,0.18109459156867888,0.00028156849994907807,0.08118295458386696,0.3441982762749974,0.18109459156867885,0.0,0.0
7531,7,146,4,M,3,0.6713054125852721,0.8275599288909234,0.1,0.8275599288909234,0.00026341393706830196,0.08118295458386696,0.6713054125852721,0.8275599288909233,0.0,0.0
7532,7,147,4,M,0,0.10652962736462276,0.1674820202355293,0.1,0.1674820202355293,0.0003151008195702021,0.08118295458386696,0.10652962736462276,0.16748202023552933,0.0,0.0
7533,7,147,4,M,1,0.9002211387272911,0.8300447695511061,0.9,0.8300447695511061,0.0002533497747726071,0.08118295458386696,0.900221138727291,0.8300447695511061,0.0,0.0
7534,7,147,4,M,2,0.3441982762749974,0.18109459156867885,0.64,0.18109459156867885,0.00028156849994907807,0.08118295458386696,0.3441982762749974,0.18109459156867888,0.0,0.0
7535,7,147,4,M,3,0.6713054125852721,0.8275599288909233,0.1,0.8275599288909233,0.00026341393706830196,0.08118295458386696,0.6713054125852721,0.8275599288909234,0.0,0.0
7536,7,148,4,M,0,0.10652962736462276,0.16748202023552933,0.1,0.16748202023552933,0.0003151008195702021,0.08118295458386696,0.10652962736462276,0.1674820202355293,0.0,0.0
7537,7,148,4,M,1,0.900221138727291,0.8300447695511061,0.9,0.8300447695511061,0.0002533497747726071,0.08118295458386696,0.9002211387272911,0.8300447695511061,0.0,0.0
7538,7,148,4,M,2,0.3441982762749974,0.18109459156867888,0.64,0.18109459156867888,0.00028156849994907807,0.08118295458386696,0.3441982762749974,0.18109459156867885,0.0,0.0
7539,7,148,4,M,3,0.6713054125852721,0.8275599288909234,0.1,0.8275599288909234,0.00026341393706830196,0.08118295458386696,0.6713054125852721,0.8275599288909233,0.0,0.0
7540,7,149,4,M,0,0.10652962736462276,0.1674820202355293,0.1,0.1674820202355293,0.0003151008195702021,0.08118295458386696,0.10652962736462276,0.16748202023552933,0.0,0.0
7541,7,149,4,M,1,0.9002211387272911,0.8300447695511061,0.9,0.8300447695511061,0.0002533497747726071,0.08118295458386696,0.900221138727291,0.8300447695511061,0.0,0.0
7542,7,149,4,M,2,0.3441982762749974,0.18109459156867885,0.64,0.18109459156867885,0.00028156849994907807,0.08118295458386696,0.3441982762749974,0.18109459156867888,0.0,0.0
7543,7,149,4,M,3,0.6713054125852721,0.8275599288909233,0.1,0.8275599288909233,0.00026341393706830196,0.08118295458386696,0.6713054125852721,0.8275599288909234,0.0,0.0
7544,7,150,4,M,0,0.10652962736462276,0.16748202023552933,0.1,0.16748202023552933,0.0003151008195702021,0.08118295458386696,0.10652962736462276,0.1674820202355293,0.0,0.0
7545,7,150,4,M,1,0.900221138727291,0.8300447695511061,0.9,0.8300447695511061,0.0002533497747726071,0.08118295458386696,0.9002211387272911,0.8300447695511061,0.0,0.0
7546,7,150,4,M,2,0.3441982762749974,0.18109459156867888,0.64,0.18109459156867888,0.00028156849994907807,0.08118295458386696,0.3441982762749974,0.18109459156867885,0.0,0.0
7547,7,150,4,M,3,0.6713054125852721,0.8275599288909234,0.1,0.8275599288909234,0.00026341393706830196,0.08118295458386696,0.6713054125852721,0.8275599288909233,0.0,0.0
7548,7,151,4,M,0,0.10652962736462276,0.1674820202355293,0.1,0.1674820202355293,0.0003151008195702021,0.08118295458386696,0.10652962736462276,0.16748202023552933,0.0,0.0
7549,7,151,4,M,1,0.9002211387272911,0.8300447695511061,0.9,0.8300447695511061,0.0002533497747726071,0.08118295458386696,0.900221138727291,0.8300447695511061,0.0,0.0
7550,7,151,4,M,2,0.3441982762749974,0.18109459156867885,0.64,0.18109459156867885,0.00028156849994907807,0.08118295458386696,0.3441982762749974,0.18109459156867888,0.0,0.0
7551,7,151,4,M,3,0.6713054125852721,0.8275599288909233,0.1,0.8275599288909233,0.00026341393706830196,0.08118295458386696,0.6713054125852721,0.8275599288909234,0.0,0.0
7552,7,152,4,M,0,0.10652962736462276,0.16748202023552933,0.1,0.16748202023552933,0.0003151008195702021,0.08118295458386696,0.10652962736462276,0.1674820202355293,0.0,0.0
7553,7,152,4,M,1,0.900221138727291,0.8300447695511061,0.9,0.8300447695511061,0.0002533497747726071,0.08118295458386696,0.9002211387272911,0.8300447695511061,0.0,0.0
7554,7,152,4,M,2,0.3441982762749974,0.18109459156867888,0.64,0.18109459156867888,0.00028156849994907807,0.08118295458386696,0.3441982762749974,0.18109459156867885,0.0,0.0
7555,7,152,4,M,3,0.6713054125852721,0.8275599288909234,0.1,0.8275599288909234,0.00026341393706830196,0.08118295458386696,0.6713054125852721,0.8275599288909233,0.0,0.0
7556,7,153,4,M,0,0.10652962736462276,0.1674820202355293,0.1,0.1674820202355293,0.0003151008195702021,0.08118295458386696,0.10652962736462276,0.16748202023552933,0.0,0.0
7557,7,153,4,M,1,0.9002211387272911,0.8300447695511061,0.9,0.8300447695511061,0.0002533497747726071,0.08118295458386696,0.900221138727291,0.8300447695511061,0.0,0.0
7558,7,153,4,M,2,0.3441982762749974,0.18109459156867885,0.64,0.18109459156867885,0.00028156849994907807,0.08118295458386696,0.3441982762749974,0.18109459156867888,0.0,0.0
7559,7,153,4,M,3,0.6713054125852721,0.8275599288909233,0.1,0.8275599288909233,0.00026341393706830196,0.08118295458386696,0.6713054125852721,0.8275599288909234,0.0,0.0
7560,7,154,4,M,0,0.10652962736462276,0.16748202023552933,0.1,0.16748202023552933,0.0003151008195702021,0.08118295458386696,0.10652962736462276,0.1674820202355293,0.0,0.0
7561,7,154,4,M,1,0.900221138727291,0.8300447695511061,0.9,0.8300447695511061,0.0002533497747726071,0.08118295458386696,0.9002211387272911,0.8300447695511061,0.0,0.0
7562,7,154,4,M,2,0.3441982762749974,0.18109459156867888,0.64,0.18109459156867888,0.00028156849994907807,0.08118295458386696,0.3441982762749974,0.18109459156867885,0.0,0.0
7563,7,154,4,M,3,0.6713054125852721,0.8275599288909234,0.1,0.8275599288909234,0.00026341393706830196,0.08118295458386696,0.6713054125852721,0.8275599288909233,0.0,0.0
7564,7,155,4,M,0,0.10652962736462276,0.1674820202355293,0.1,0.1674820202355293,0.0003151008195702021,0.08118295458386696,0.10652962736462276,0.16748202023552933,0.0,0.0
7565,7,155,4,M,1,0.9002211387272911,0.8300447695511061,0.9,0.8300447695511061,0.0002533497747726071,0.08118295458386696,0.900221138727291,0.8300447695511061,0.0,0.0
7566,7,155,4,M,2,0.3441982762749974,0.18109459156867885,0.64,0.18109459156867885,0.00028156849994907807,0.08118295458386696,0.3441982762749974,0.18109459156867888,0.0,0.0
7567,7,155,4,M,3,0.6713054125852721,0.8275599288909233,0.1,0.8275599288909233,0.00026341393706830196,0.08118295458386696,0.6713054125852721,0.8275599288909234,0.0,0.0
7568,7,156,4,M,0,0.10652962736462276,0.16748202023552933,0.1,0.16748202023552933,0.0003151008195702021,0.08118295458386696,0.10652962736462276,0.1674820202355293,0.0,0.0
7569,7,156,4,M,1,0.900221138727291,0.8300447695511061,0.9,0.8300447695511061,0.0002533497747726071,0.08118295458386696,0.9002211387272911,0.8300447695511061,0.0,0.0
7570,7,156,4,M,2,0.3441982762749974,0.18109459156867888,0.64,0.18109459156867888,0.00028156849994907807,0.08118295458386696,0.3441982762749974,0.18109459156867885,0.0,0.0
7571,7,156,4,M,3,0.6713054125852721,0.8275599288909234,0.1,0.8275599288909234,0.00026341393706830196,0.08118295458386696,0.6713054125852721,0.8275599288909233,0.0,0.0
7572,7,157,4,M,0,0.10652962736462276,0.1674820202355293,0.1,0.1674820202355293,0.0003151008195702021,0.08118295458386696,0.10652962736462276,0.16748202023552933,0.0,0.0
7573,7,157,4,M,1,0.9002211387272911,0.8300447695511061,0.9,0.8300447695511061,0.0002533497747726071,0.08118295458386696,0.900221138727291,0.8300447695511061,0.0,0.0
7574,7,157,4,M,2,0.3441982762749974,0.18109459156867885,0.64,0.18109459156867885,0.00028156849994907807,0.08118295458386696,0.3441982762749974,0.18109459156867888,0.0,0.0
7575,7,157,4,M,3,0.6713054125852721,0.8275599288909233,0.1,0.8275599288909233,0.00026341393706830196,0.08118295458386696,0.6713054125852721,0.8275599288909234,0.0,0.0
7576,7,158,4,M,0,0.10652962736462276,0.16748202023552933,0.1,0.16748202023552933,0.0003151008195702021,0.08118295458386696,0.10652962736462276,0.1674820202355293,0.0,0.0
7577,7,158,4,M,1,0.900221138727291,0.8300447695511061,0.9,0.8300447695511061,0.0002533497747726071,0.08118295458386696,0.9002211387272911,0.8300447695511061,0.0,0.0
7578,7,158,4,M,2,0.3441982762749974,0.18109459156867888,0.64,0.18109459156867888,0.00028156849994907807,0.08118295458386696,0.3441982762749974,0.18109459156867885,0.0,0.0
7579,7,158,4,M,3,0.6713054125852721,0.8275599288909234,0.1,0.8275599288909234,0.00026341393706830196,0.08118295458386696,0.6713054125852721,0.8275599288909233,0.0,0.0
7580,7,159,4,M,0,0.10652962736462276,0.1674820202355293,0.1,0.1674820202355293,0.0003151008195702021,0.08118295458386696,0.10652962736462276,0.16748202023552933,0.0,0.0
7581,7,159,4,M,1,0.9002211387272911,0.8300447695511061,0.9,0.8300447695511061,0.0002533497747726071,0.08118295458386696,0.900221138727291,0.8300447695511061,0.0,0.0
7582,7,159,4,M,2,0.3441982762749974,0.18109459156867885,0.64,0.18109459156867885,0.00028156849994907807,0.08118295458386696,0.3441982762749974,0.18109459156867888,0.0,0.0
7583,7,159,4,M,3,0.6713054125852721,0.8275599288909233,0.1,0.8275599288909233,0.00026341393706830196,0.08118295458386696,0.6713054125852721,0.8275599288909234,0.0,0.0
7584,7,160,4,M,0,0.10652962736462276,0.16748202023552933,0.1,0.16748202023552933,0.0003151008195702021,0.08118295458386696,0.10652962736462276,0.1674820202355293,0.0,0.0
7585,7,160,4,M,1,0.900221138727291,0.8300447695511061,0.9,0.8300447695511061,0.0002533497747726071,0.08118295458386696,0.9002211387272911,0.8300447695511061,0.0,0.0
7586,7,160,4,M,2,0.3441982762749974,0.18109459156867888,0.64,0.18109459156867888,0.00028156849994907807,0.08118295458386696,0.3441982762749974,0.18109459156867885,0.0,0.0
7587,7,160,4,M,3,0.6713054125852721,0.8275599288909234,0.1,0.8275599288909234,0.00026341393706830196,0.08118295458386696,0.6713054125852721,0.8275599288909233,0.0,0.0
7588,7,161,4,M,0,0.10652962736462276,0.1674820202355293,0.1,0.1674820202355293,0.0003151008195702021,0.08118295458386696,0.10652962736462276,0.16748202023552933,0.0,0.0
7589,7,161,4,M,1,0.9002211387272911,0.8300447695511061,0.9,0.8300447695511061,0.0002533497747726071,0.08118295458386696,0.900221138727291,0.8300447695511061,0.0,0.0
7590,7,161,4,M,2,0.3441982762749974,0.18109459156867885,0.64,0.18109459156867885,0.00028156849994907807,0.08118295458386696,0.3441982762749974,0.18109459156867888,0.0,0.0
7591,7,161,4,M,3,0.6713054125852721,0.8275599288909233,0.1,0.8275599288909233,0.00026341393706830196,0.08118295458386696,0.6713054125852721,0.8275599288909234,0.0,0.0
7592,7,162,4,M,0,0.10652962736462276,0.16748202023552933,0.1,0.16748202023552933,0.0003151008195702021,0.08118295458386696,0.10652962736462276,0.1674820202355293,0.0,0.0
7593,7,162,4,M,1,0.900221138727291,0.8300447695511061,0.9,0.8300447695511061,0.0002533497747726071,0.08118295458386696,0.9002211387272911,0.8300447695511061,0.0,0.0
7594,7,162,4,M,2,0.3441982762749974,0.18109459156867888,0.64,0.18109459156867888,0.00028156849994907807,0.08118295458386696,0.3441982762749974,0.18109459156867885,0.0,0.0
7595,7,162,4,M,3,0.6713054125852721,0.8275599288909234,0.1,0.8275599288909234,0.00026341393706830196,0.08118295458386696,0.6713054125852721,0.8275599288909233,0.0,0.0
7596,7,163,4,M,0,0.10652962736462276,0.1674820202355293,0.1,0.1674820202355293,0.0003151008195702021,0.08118295458386696,0.10652962736462276,0.16748202023552933,0.0,0.0
7597,7,163,4,M,1,0.9002211387272911,0.8300447695511061,0.9,0.8300447695511061,0.0002533497747726071,0.08118295458386696,0.900221138727291,0.8300447695511061,0.0,0.0
7598,7,163,4,M,2,0.3441982762749974,0.18109459156867885,0.64,0.18109459156867885,0.00028156849994907807,0.08118295458386696,0.3441982762749974,0.18109459156867888,0.0,0.0
7599,7,163,4,M,3,0.6713054125852721,0.8275599288909233,0.1,0.8275599288909233,0.00026341393706830196,0.08118295458386696,0.6713054125852721,0.8275599288909234,0.0,0.0
7600,7,164,4,M,0,0.10652962736462276,0.16748202023552933,0.1,0.16748202023552933,0.0003151008195702021,0.08118295458386696,0.10652962736462276,0.1674820202355293,0.0,0.0
7601,7,164,4,M,1,0.900221138727291,0.8300447695511061,0.9,0.8300447695511061,0.0002533497747726071,0.08118295458386696,0.9002211387272911,0.8300447695511061,0.0,0.0
7602,7,164,4,M,2,0.3441982762749974,0.18109459156867888,0.64,0.18109459156867888,0.00028156849994907807,0.08118295458386696,0.3441982762749974,0.18109459156867885,0.0,0.0
7603,7,164,4,M,3,0.6713054125852721,0.8275599288909234,0.1,0.8275599288909234,0.00026341393706830196,0.08118295458386696,0.6713054125852721,0.8275599288909233,0.0,0.0
7604,7,165,4,M,0,0.10652962736462276,0.1674820202355293,0.1,0.1674820202355293,0.0003151008195702021,0.08118295458386696,0.10652962736462276,0.16748202023552933,0.0,0.0
7605,7,165,4,M,1,0.9002211387272911,0.8300447695511061,0.9,0.8300447695511061,0.0002533497747726071,0.08118295458386696,0.900221138727291,0.8300447695511061,0.0,0.0
7606,7,165,4,M,2,0.3441982762749974,0.18109459156867885,0.64,0.18109459156867885,0.00028156849994907807,0.08118295458386696,0.3441982762749974,0.18109459156867888,0.0,0.0
7607,7,165,4,M,3,0.6713054125852721,0.8275599288909233,0.1,0.8275599288909233,0.00026341393706830196,0.08118295458386696,0.6713054125852721,0.8275599288909234,0.0,0.0
7608,7,166,4,M,0,0.10652962736462276,0.16748202023552933,0.1,0.16748202023552933,0.0003151008195702021,0.08118295458386696,0.10652962736462276,0.1674820202355293,0.0,0.0
7609,7,166,4,M,1,0.900221138727291,0.8300447695511061,0.9,0.8300447695511061,0.0002533497747726071,0.08118295458386696,0.9002211387272911,0.8300447695511061,0.0,0.0
7610,7,166,4,M,2,0.3441982762749974,0.18109459156867888,0.64,0.18109459156867888,0.00028156849994907807,0.08118295458386696,0.3441982762749974,0.18109459156867885,0.0,0.0
7611,7,166,4,M,3,0.6713054125852721,0.8275599288909234,0.1,0.8275599288909234,0.00026341393706830196,0.08118295458386696,0.6713054125852721,0.8275599288909233,0.0,0.0
7612,7,167,4,M,0,0.10652962736462276,0.1674820202355293,0.1,0.1674820202355293,0.0003151008195702021,0.08118295458386696,0.10652962736462276,0.16748202023552933,0.0,0.0
7613,7,167,4,M,1,0.9002211387272911,0.8300447695511061,0.9,0.8300447695511061,0.0002533497747726071,0.08118295458386696,0.900221138727291,0.8300447695511061,0.0,0.0
7614,7,167,4,M,2,0.3441982762749974,0.18109459156867885,0.64,0.18109459156867885,0.00028156849994907807,0.08118295458386696,0.3441982762749974,0.18109459156867888,0.0,0.0
7615,7,167,4,M,3,0.6713054125852721,0.8275599288909233,0.1,0.8275599288909233,0.00026341393706830196,0.08118295458386696,0.6713054125852721,0.8275599288909234,0.0,0.0
7616,7,168,4,M,0,0.10652962736462276,0.16748202023552933,0.1,0.16748202023552933,0.0003151008195702021,0.08118295458386696,0.10652962736462276,0.1674820202355293,0.0,0.0
7617,7,168,4,M,1,0.900221138727291,0.8300447695511061,0.9,0.8300447695511061,0.0002533497747726071,0.08118295458386696,0.9002211387272911,0.8300447695511061,0.0,0.0
7618,7,168,4,M,2,0.3441982762749974,0.18109459156867888,0.64,0.18109459156867888,0.00028156849994907807,0.08118295458386696,0.3441982762749974,0.18109459156867885,0.0,0.0
7619,7,168,4,M,3,0.6713054125852721,0.8275599288909234,0.1,0.8275599288909234,0.00026341393706830196,0.08118295458386696,0.6713054125852721,0.8275599288909233,0.0,0.0
7620,7,169,4,M,0,0.10652962736462276,0.1674820202355293,0.1,0.1674820202355293,0.0003151008195702021,0.08118295458386696,0.10652962736462276,0.16748202023552933,0.0,0.0
7621,7,169,4,M,1,0.9002211387272911,0.8300447695511061,0.9,0.8300447695511061,0.0002533497747726071,0.08118295458386696,0.900221138727291,0.8300447695511061,0.0,0.0
7622,7,169,4,M,2,0.3441982762749974,0.18109459156867885,0.64,0.18109459156867885,0.00028156849994907807,0.08118295458386696,0.3441982762749974,0.18109459156867888,0.0,0.0
7623,7,169,4,M,3,0.6713054125852721,0.8275599288909233,0.1,0.8275599288909233,0.00026341393706830196,0.08118295458386696,0.6713054125852721,0.8275599288909234,0.0,0.0
7624,7,170,4,M,0,0.10652962736462276,0.16748202023552933,0.1,0.16748202023552933,0.0003151008195702021,0.08118295458386696,0.10652962736462276,0.1674820202355293,0.0,0.0
7625,7,170,4,M,1,0.900221138727291,0.8300447695511061,0.9,0.8300447695511061,0.0002533497747726071,0.08118295458386696,0.9002211387272911,0.8300447695511061,0.0,0.0
7626,7,170,4,M,2,0.3441982762749974,0.18109459156867888,0.64,0.18109459156867888,0.00028156849994907807,0.08118295458386696,0.3441982762749974,0.18109459156867885,0.0,0.0
7627,7,170,4,M,3,0.6713054125852721,0.8275599288909234,0.1,0.8275599288909234,0.00026341393706830196,0.08118295458386696,0.6713054125852721,0.8275599288909233,0.0,0.0
7628,7,171,4,M,0,0.10652962736462276,0.1674820202355293,0.1,0.1674820202355293,0.0003151008195702021,0.08118295458386696,0.10652962736462276,0.16748202023552933,0.0,0.0
7629,7,171,4,M,1,0.9002211387272911,0.8300447695511061,0.9,0.8300447695511061,0.0002533497747726071,0.08118295458386696,0.900221138727291,0.8300447695511061,0.0,0.0
7630,7,171,4,M,2,0.3441982762749974,0.18109459156867885,0.64,0.18109459156867885,0.00028156849994907807,0.08118295458386696,0.3441982762749974,0.18109459156867888,0.0,0.0
7631,7,171,4,M,3,0.6713054125852721,0.8275599288909233,0.1,0.8275599288909233,0.00026341393706830196,0.08118295458386696,0.6713054125852721,0.8275599288909234,0.0,0.0
7632,7,172,4,M,0,0.10652962736462276,0.16748202023552933,0.1,0.16748202023552933,0.0003151008195702021,0.08118295458386696,0.10652962736462276,0.1674820202355293,0.0,0.0
7633,7,172,4,M,1,0.900221138727291,0.8300447695511061,0.9,0.8300447695511061,0.0002533497747726071,0.08118295458386696,0.9002211387272911,0.8300447695511061,0.0,0.0
7634,7,172,4,M,2,0.3441982762749974,0.18109459156867888,0.64,0.18109459156867888,0.00028156849994907807,0.08118295458386696,0.3441982762749974,0.18109459156867885,0.0,0.0
7635,7,172,4,M,3,0.6713054125852721,0.8275599288909234,0.1,0.8275599288909234,0.00026341393706830196,0.08118295458386696,0.6713054125852721,0.8275599288909233,0.0,0.0
7636,7,173,4,M,0,0.10652962736462276,0.1674820202355293,0.1,0.1674820202355293,0.0003151008195702021,0.08118295458386696,0.10652962736462276,0.16748202023552933,0.0,0.0
7637,7,173,4,M,1,0.9002211387272911,0.8300447695511061,0.9,0.8300447695511061,0.0002533497747726071,0.08118295458386696,0.900221138727291,0.8300447695511061,0.0,0.0
7638,7,173,4,M,2,0.3441982762749974,0.18109459156867885,0.64,0.18109459156867885,0.00028156849994907807,0.08118295458386696,0.3441982762749974,0.18109459156867888,0.0,0.0
7639,7,173,4,M,3,0.6713054125852721,0.8275599288909233,0.1,0.8275599288909233,0.00026341393706830196,0.08118295458386696,0.6713054125852721,0.8275599288909234,0.0,0.0
7640,7,174,4,M,0,0.10652962736462276,0.16748202023552933,0.1,0.16748202023552933,0.0003151008195702021,0.08118295458386696,0.10652962736462276,0.1674820202355293,0.0,0.0
7641,7,174,4,M,1,0.900221138727291,0.8300447695511061,0.9,0.8300447695511061,0.0002533497747726071,0.08118295458386696,0.9002211387272911,0.8300447695511061,0.0,0.0
7642,7,174,4,M,2,0.3441982762749974,0.18109459156867888,0.64,0.18109459156867888,0.00028156849994907807,0.08118295458386696,0.3441982762749974,0.18109459156867885,0.0,0.0
7643,7,174,4,M,3,0.6713054125852721,0.8275599288909234,0.1,0.8275599288909234,0.00026341393706830196,0.08118295458386696,0.6713054125852721,0.8275599288909233,0.0,0.0
7644,7,175,4,M,0,0.10652962736462276,0.1674820202355293,0.1,0.1674820202355293,0.0003151008195702021,0.08118295458386696,0.10652962736462276,0.16748202023552933,0.0,0.0
7645,7,175,4,M,1,0.9002211387272911,0.8300447695511061,0.9,0.8300447695511061,0.0002533497747726071,0.08118295458386696,0.900221138727291,0.8300447695511061,0.0,0.0
7646,7,175,4,M,2,0.3441982762749974,0.18109459156867885,0.64,0.18109459156867885,0.00028156849994907807,0.08118295458386696,0.3441982762749974,0.18109459156867888,0.0,0.0
7647,7,175,4,M,3,0.6713054125852721,0.8275599288909233,0.1,0.8275599288909233,0.00026341393706830196,0.08118295458386696,0.6713054125852721,0.8275599288909234,0.0,0.0
7648,7,176,4,M,0,0.10652962736462276,0.16748202023552933,0.1,0.16748202023552933,0.0003151008195702021,0.08118295458386696,0.10652962736462276,0.1674820202355293,0.0,0.0
7649,7,176,4,M,1,0.900221138727291,0.8300447695511061,0.9,0.8300447695511061,0.0002533497747726071,0.08118295458386696,0.9002211387272911,0.8300447695511061,0.0,0.0
7650,7,176,4,M,2,0.3441982762749974,0.18109459156867888,0.64,0.18109459156867888,0.00028156849994907807,0.08118295458386696,0.3441982762749974,0.18109459156867885,0.0,0.0
7651,7,176,4,M,3,0.6713054125852721,0.8275599288909234,0.1,0.8275599288909234,0.00026341393706830196,0.08118295458386696,0.6713054125852721,0.8275599288909233,0.0,0.0
7652,7,177,4,M,0,0.10652962736462276,0.1674820202355293,0.1,0.1674820202355293,0.0003151008195702021,0.08118295458386696,0.10652962736462276,0.16748202023552933,0.0,0.0
7653,7,177,4,M,1,0.9002211387272911,0.8300447695511061,0.9,0.8300447695511061,0.0002533497747726071,0.08118295458386696,0.900221138727291,0.8300447695511061,0.0,0.0
7654,7,177,4,M,2,0.3441982762749974,0.18109459156867885,0.64,0.18109459156867885,0.00028156849994907807,0.08118295458386696,0.3441982762749974,0.18109459156867888,0.0,0.0
7655,7,177,4,M,3,0.6713054125852721,0.8275599288909233,0.1,0.8275599288909233,0.00026341393706830196,0.08118295458386696,0.6713054125852721,0.8275599288909234,0.0,0.0
7656,7,178,4,M,0,0.10652962736462276,0.16748202023552933,0.1,0.16748202023552933,0.0003151008195702021,0.08118295458386696,0.10652962736462276,0.1674820202355293,0.0,0.0
7657,7,178,4,M,1,0.900221138727291,0.8300447695511061,0.9,0.8300447695511061,0.0002533497747726071,0.08118295458386696,0.9002211387272911,0.8300447695511061,0.0,0.0
7658,7,178,4,M,2,0.3441982762749974,0.18109459156867888,0.64,0.18109459156867888,0.00028156849994907807,0.08118295458386696,0.3441982762749974,0.18109459156867885,0.0,0.0
7659,7,178,4,M,3,0.6713054125852721,0.8275599288909234,0.1,0.8275599288909234,0.00026341393706830196,0.08118295458386696,0.6713054125852721,0.8275599288909233,0.0,0.0
7660,7,179,4,M,0,0.10652962736462276,0.1674820202355293,0.1,0.1674820202355293,0.0003151008195702021,0.08118295458386696,0.10652962736462276,0.16748202023552933,0.0,0.0
7661,7,179,4,M,1,0.9002211387272911,0.8300447695511061,0.9,0.8300447695511061,0.0002533497747726071,0.08118295458386696,0.900221138727291,0.8300447695511061,0.0,0.0
7662,7,179,4,M,2,0.3441982762749974,0.18109459156867885,0.64,0.18109459156867885,0.00028156849994907807,0.08118295458386696,0.3441982762749974,0.18109459156867888,0.0,0.0
7663,7,179,4,M,3,0.6713054125852721,0.8275599288909233,0.1,0.8275599288909233,0.00026341393706830196,0.08118295458386696,0.6713054125852721,0.8275599288909234,0.0,0.0
7664,7,180,4,M,0,0.10652962736462276,0.16748202023552933,0.1,0.16748202023552933,0.0003151008195702021,0.08118295458386696,0.10652962736462276,0.1674820202355293,0.0,0.0
7665,7,180,4,M,1,0.900221138727291,0.8300447695511061,0.9,0.8300447695511061,0.0002533497747726071,0.08118295458386696,0.9002211387272911,0.8300447695511061,0.0,0.0
7666,7,180,4,M,2,0.3441982762749974,0.18109459156867888,0.64,0.18109459156867888,0.00028156849994907807,0.08118295458386696,0.3441982762749974,0.18109459156867885,0.0,0.0
7667,7,180,4,M,3,0.6713054125852721,0.8275599288909234,0.1,0.8275599288909234,0.00026341393706830196,0.08118295458386696,0.6713054125852721,0.8275599288909233,0.0,0.0
7668,7,181,4,M,0,0.10652962736462276,0.1674820202355293,0.1,0.1674820202355293,0.0003151008195702021,0.08118295458386696,0.10652962736462276,0.16748202023552933,0.0,0.0
7669,7,181,4,M,1,0.9002211387272911,0.8300447695511061,0.9,0.8300447695511061,0.0002533497747726071,0.08118295458386696,0.900221138727291,0.8300447695511061,0.0,0.0
7670,7,181,4,M,2,0.3441982762749974,0.18109459156867885,0.64,0.18109459156867885,0.00028156849994907807,0.08118295458386696,0.3441982762749974,0.18109459156867888,0.0,0.0
7671,7,181,4,M,3,0.6713054125852721,0.8275599288909233,0.1,0.8275599288909233,0.00026341393706830196,0.08118295458386696,0.6713054125852721,0.8275599288909234,0.0,0.0
7672,7,182,4,M,0,0.10652962736462276,0.16748202023552933,0.1,0.16748202023552933,0.0003151008195702021,0.08118295458386696,0.10652962736462276,0.1674820202355293,0.0,0.0
7673,7,182,4,M,1,0.900221138727291,0.8300447695511061,0.9,0.8300447695511061,0.0002533497747726071,0.08118295458386696,0.9002211387272911,0.8300447695511061,0.0,0.0
7674,7,182,4,M,2,0.3441982762749974,0.18109459156867888,0.64,0.18109459156867888,0.00028156849994907807,0.08118295458386696,0.3441982762749974,0.18109459156867885,0.0,0.0
7675,7,182,4,M,3,0.6713054125852721,0.8275599288909234,0.1,0.8275599288909234,0.00026341393706830196,0.08118295458386696,0.6713054125852721,0.8275599288909233,0.0,0.0
7676,7,183,4,M,0,0.10652962736462276,0.1674820202355293,0.1,0.1674820202355293,0.0003151008195702021,0.08118295458386696,0.10652962736462276,0.16748202023552933,0.0,0.0
7677,7,183,4,M,1,0.9002211387272911,0.8300447695511061,0.9,0.8300447695511061,0.0002533497747726071,0.08118295458386696,0.900221138727291,0.8300447695511061,0.0,0.0
7678,7,183,4,M,2,0.3441982762749974,0.18109459156867885,0.64,0.18109459156867885,0.00028156849994907807,0.08118295458386696,0.3441982762749974,0.18109459156867888,0.0,0.0
7679,7,183,4,M,3,0.6713054125852721,0.8275599288909233,0.1,0.8275599288909233,0.00026341393706830196,0.08118295458386696,0.6713054125852721,0.8275599288909234,0.0,0.0
7680,7,184,4,M,0,0.10652962736462276,0.16748202023552933,0.1,0.16748202023552933,0.0003151008195702021,0.08118295458386696,0.10652962736462276,0.1674820202355293,0.0,0.0
7681,7,184,4,M,1,0.900221138727291,0.8300447695511061,0.9,0.8300447695511061,0.0002533497747726071,0.08118295458386696,0.9002211387272911,0.8300447695511061,0.0,0.0
7682,7,184,4,M,2,0.3441982762749974,0.18109459156867888,0.64,0.18109459156867888,0.00028156849994907807,0.08118295458386696,0.3441982762749974,0.18109459156867885,0.0,0.0
7683,7,184,4,M,3,0.6713054125852721,0.8275599288909234,0.1,0.8275599288909234,0.00026341393706830196,0.08118295458386696,0.6713054125852721,0.8275599288909233,0.0,0.0
7684,7,185,4,M,0,0.10652962736462276,0.1674820202355293,0.1,0.1674820202355293,0.0003151008195702021,0.08118295458386696,0.10652962736462276,0.16748202023552933,0.0,0.0
7685,7,185,4,M,1,0.9002211387272911,0.8300447695511061,0.9,0.8300447695511061,0.0002533497747726071,0.08118295458386696,0.900221138727291,0.8300447695511061,0.0,0.0
7686,7,185,4,M,2,0.3441982762749974,0.18109459156867885,0.64,0.18109459156867885,0.00028156849994907807,0.08118295458386696,0.3441982762749974,0.18109459156867888,0.0,0.0
7687,7,185,4,M,3,0.6713054125852721,0.8275599288909233,0.1,0.8275599288909233,0.00026341393706830196,0.08118295458386696,0.6713054125852721,0.8275599288909234,0.0,0.0
7688,7,186,4,M,0,0.10652962736462276,0.16748202023552933,0.1,0.16748202023552933,0.0003151008195702021,0.08118295458386696,0.10652962736462276,0.1674820202355293,0.0,0.0
7689,7,186,4,M,1,0.900221138727291,0.8300447695511061,0.9,0.8300447695511061,0.0002533497747726071,0.08118295458386696,0.9002211387272911,0.8300447695511061,0.0,0.0
7690,7,186,4,M,2,0.3441982762749974,0.18109459156867888,0.64,0.18109459156867888,0.00028156849994907807,0.08118295458386696,0.3441982762749974,0.18109459156867885,0.0,0.0
7691,7,186,4,M,3,0.6713054125852721,0.8275599288909234,0.1,0.8275599288909234,0.00026341393706830196,0.08118295458386696,0.6713054125852721,0.8275599288909233,0.0,0.0
7692,7,187,4,M,0,0.10652962736462276,0.1674820202355293,0.1,0.1674820202355293,0.0003151008195702021,0.08118295458386696,0.10652962736462276,0.16748202023552933,0.0,0.0
7693,7,187,4,M,1,0.9002211387272911,0.8300447695511061,0.9,0.8300447695511061,0.0002533497747726071,0.08118295458386696,0.900221138727291,0.8300447695511061,0.0,0.0
7694,7,187,4,M,2,0.3441982762749974,0.18109459156867885,0.64,0.18109459156867885,0.00028156849994907807,0.08118295458386696,0.3441982762749974,0.18109459156867888,0.0,0.0
7695,7,187,4,M,3,0.6713054125852721,0.8275599288909233,0.1,0.8275599288909233,0.00026341393706830196,0.08118295458386696,0.6713054125852721,0.8275599288909234,0.0,0.0
7696,7,188,4,M,0,0.10652962736462276,0.16748202023552933,0.1,0.16748202023552933,0.0003151008195702021,0.08118295458386696,0.10652962736462276,0.1674820202355293,0.0,0.0
7697,7,188,4,M,1,0.900221138727291,0.8300447695511061,0.9,0.8300447695511061,0.0002533497747726071,0.08118295458386696,0.9002211387272911,0.8300447695511061,0.0,0.0
7698,7,188,4,M,2,0.3441982762749974,0.18109459156867888,0.64,0.18109459156867888,0.00028156849994907807,0.08118295458386696,0.3441982762749974,0.18109459156867885,0.0,0.0
7699,7,188,4,M,3,0.6713054125852721,0.8275599288909234,0.1,0.8275599288909234,0.00026341393706830196,0.08118295458386696,0.6713054125852721,0.8275599288909233,0.0,0.0
7700,7,189,4,M,0,0.10652962736462276,0.1674820202355293,0.1,0.1674820202355293,0.0003151008195702021,0.08118295458386696,0.10652962736462276,0.16748202023552933,0.0,0.0
7701,7,189,4,M,1,0.9002211387272911,0.8300447695511061,0.9,0.8300447695511061,0.0002533497747726071,0.08118295458386696,0.900221138727291,0.8300447695511061,0.0,0.0
7702,7,189,4,M,2,0.3441982762749974,0.18109459156867885,0.64,0.18109459156867885,0.00028156849994907807,0.08118295458386696,0.3441982762749974,0.18109459156867888,0.0,0.0
7703,7,189,4,M,3,0.6713054125852721,0.8275599288909233,0.1,0.8275599288909233,0.00026341393706830196,0.08118295458386696,0.6713054125852721,0.8275599288909234,0.0,0.0
7704,7,190,4,M,0,0.10652962736462276,0.16748202023552933,0.1,0.16748202023552933,0.0003151008195702021,0.08118295458386696,0.10652962736462276,0.1674820202355293,0.0,0.0
7705,7,190,4,M,1,0.900221138727291,0.8300447695511061,0.9,0.8300447695511061,0.0002533497747726071,0.08118295458386696,0.9002211387272911,0.8300447695511061,0.0,0.0
7706,7,190,4,M,2,0.3441982762749974,0.18109459156867888,0.64,0.18109459156867888,0.00028156849994907807,0.08118295458386696,0.3441982762749974,0.18109459156867885,0.0,0.0
7707,7,190,4,M,3,0.6713054125852721,0.8275599288909234,0.1,0.8275599288909234,0.00026341393706830196,0.08118295458386696,0.6713054125852721,0.8275599288909233,0.0,0.0
7708,7,191,4,M,0,0.10652962736462276,0.1674820202355293,0.1,0.1674820202355293,0.0003151008195702021,0.08118295458386696,0.10652962736462276,0.16748202023552933,0.0,0.0
7709,7,191,4,M,1,0.9002211387272911,0.8300447695511061,0.9,0.8300447695511061,0.0002533497747726071,0.08118295458386696,0.900221138727291,0.8300447695511061,0.0,0.0
7710,7,191,4,M,2,0.3441982762749974,0.18109459156867885,0.64,0.18109459156867885,0.00028156849994907807,0.08118295458386696,0.3441982762749974,0.18109459156867888,0.0,0.0
7711,7,191,4,M,3,0.6713054125852721,0.8275599288909233,0.1,0.8275599288909233,0.00026341393706830196,0.08118295458386696,0.6713054125852721,0.8275599288909234,0.0,0.0
7712,7,192,4,M,0,0.10652962736462276,0.16748202023552933,0.1,0.16748202023552933,0.0003151008195702021,0.08118295458386696,0.10652962736462276,0.1674820202355293,0.0,0.0
7713,7,192,4,M,1,0.900221138727291,0.8300447695511061,0.9,0.8300447695511061,0.0002533497747726071,0.08118295458386696,0.9002211387272911,0.8300447695511061,0.0,0.0
7714,7,192,4,M,2,0.3441982762749974,0.18109459156867888,0.64,0.18109459156867888,0.00028156849994907807,0.08118295458386696,0.3441982762749974,0.18109459156867885,0.0,0.0
7715,7,192,4,M,3,0.6713054125852721,0.8275599288909234,0.1,0.8275599288909234,0.00026341393706830196,0.08118295458386696,0.6713054125852721,0.8275599288909233,0.0,0.0
7716,7,193,4,M,0,0.10652962736462276,0.1674820202355293,0.1,0.1674820202355293,0.0003151008195702021,0.08118295458386696,0.10652962736462276,0.16748202023552933,0.0,0.0
7717,7,193,4,M,1,0.9002211387272911,0.8300447695511061,0.9,0.8300447695511061,0.0002533497747726071,0.08118295458386696,0.900221138727291,0.8300447695511061,0.0,0.0
7718,7,193,4,M,2,0.3441982762749974,0.18109459156867885,0.64,0.18109459156867885,0.00028156849994907807,0.08118295458386696,0.3441982762749974,0.18109459156867888,0.0,0.0
7719,7,193,4,M,3,0.6713054125852721,0.8275599288909233,0.1,0.8275599288909233,0.00026341393706830196,0.08118295458386696,0.6713054125852721,0.8275599288909234,0.0,0.0
7720,7,194,4,M,0,0.10652962736462276,0.16748202023552933,0.1,0.16748202023552933,0.0003151008195702021,0.08118295458386696,0.10652962736462276,0.1674820202355293,0.0,0.0
7721,7,194,4,M,1,0.900221138727291,0.8300447695511061,0.9,0.8300447695511061,0.0002533497747726071,0.08118295458386696,0.9002211387272911,0.8300447695511061,0.0,0.0
7722,7,194,4,M,2,0.3441982762749974,0.18109459156867888,0.64,0.18109459156867888,0.00028156849994907807,0.08118295458386696,0.3441982762749974,0.18109459156867885,0.0,0.0
7723,7,194,4,M,3,0.6713054125852721,0.8275599288909234,0.1,0.8275599288909234,0.00026341393706830196,0.08118295458386696,0.6713054125852721,0.8275599288909233,0.0,0.0
7724,7,195,4,M,0,0.10652962736462276,0.1674820202355293,0.1,0.1674820202355293,0.0003151008195702021,0.08118295458386696,0.10652962736462276,0.16748202023552933,0.0,0.0
7725,7,195,4,M,1,0.9002211387272911,0.8300447695511061,0.9,0.8300447695511061,0.0002533497747726071,0.08118295458386696,0.900221138727291,0.8300447695511061,0.0,0.0
7726,7,195,4,M,2,0.3441982762749974,0.18109459156867885,0.64,0.18109459156867885,0.00028156849994907807,0.08118295458386696,0.3441982762749974,0.18109459156867888,0.0,0.0
7727,7,195,4,M,3,0.6713054125852721,0.8275599288909233,0.1,0.8275599288909233,0.00026341393706830196,0.08118295458386696,0.6713054125852721,0.8275599288909234,0.0,0.0
7728,7,196,4,M,0,0.10652962736462276,0.16748202023552933,0.1,0.16748202023552933,0.0003151008195702021,0.08118295458386696,0.10652962736462276,0.1674820202355293,0.0,0.0
7729,7,196,4,M,1,0.900221138727291,0.8300447695511061,0.9,0.8300447695511061,0.0002533497747726071,0.08118295458386696,0.9002211387272911,0.8300447695511061,0.0,0.0
7730,7,196,4,M,2,0.3441982762749974,0.18109459156867888,0.64,0.18109459156867888,0.00028156849994907807,0.08118295458386696,0.3441982762749974,0.18109459156867885,0.0,0.0
7731,7,196,4,M,3,0.6713054125852721,0.8275599288909234,0.1,0.8275599288909234,0.00026341393706830196,0.08118295458386696,0.6713054125852721,0.8275599288909233,0.0,0.0
7732,7,197,4,M,0,0.10652962736462276,0.1674820202355293,0.1,0.1674820202355293,0.0003151008195702021,0.08118295458386696,0.10652962736462276,0.16748202023552933,0.0,0.0
7733,7,197,4,M,1,0.9002211387272911,0.8300447695511061,0.9,0.8300447695511061,0.0002533497747726071,0.08118295458386696,0.900221138727291,0.8300447695511061,0.0,0.0
7734,7,197,4,M,2,0.3441982762749974,0.18109459156867885,0.64,0.18109459156867885,0.00028156849994907807,0.08118295458386696,0.3441982762749974,0.18109459156867888,0.0,0.0
7735,7,197,4,M,3,0.6713054125852721,0.8275599288909233,0.1,0.8275599288909233,0.00026341393706830196,0.08118295458386696,0.6713054125852721,0.8275599288909234,0.0,0.0
7736,7,198,4,M,0,0.10652962736462276,0.16748202023552933,0.1,0.16748202023552933,0.0003151008195702021,0.08118295458386696,0.10652962736462276,0.1674820202355293,0.0,0.0
7737,7,198,4,M,1,0.900221138727291,0.8300447695511061,0.9,0.8300447695511061,0.0002533497747726071,0.08118295458386696,0.9002211387272911,0.8300447695511061,0.0,0.0
7738,7,198,4,M,2,0.3441982762749974,0.18109459156867888,0.64,0.18109459156867888,0.00028156849994907807,0.08118295458386696,0.3441982762749974,0.18109459156867885,0.0,0.0
7739,7,198,4,M,3,0.6713054125852721,0.8275599288909234,0.1,0.8275599288909234,0.00026341393706830196,0.08118295458386696,0.6713054125852721,0.8275599288909233,0.0,0.0
7740,7,199,4,M,0,0.10652962736462276,0.1674820202355293,0.1,0.1674820202355293,0.0003151008195702021,0.08118295458386696,0.10652962736462276,0.16748202023552933,0.0,0.0
7741,7,199,4,M,1,0.9002211387272911,0.8300447695511061,0.9,0.8300447695511061,0.0002533497747726071,0.08118295458386696,0.900221138727291,0.8300447695511061,0.0,0.0
7742,7,199,4,M,2,0.3441982762749974,0.18109459156867885,0.64,0.18109459156867885,0.00028156849994907807,0.08118295458386696,0.3441982762749974,0.18109459156867888,0.0,0.0
7743,7,199,4,M,3,0.6713054125852721,0.8275599288909233,0.1,0.8275599288909233,0.00026341393706830196,0.08118295458386696,0.6713054125852721,0.8275599288909234,0.0,0.0
7744,7,200,4,M,0,0.10652962736462276,0.16748202023552933,0.1,0.16748202023552933,0.0003151008195702021,0.08118295458386696,0.10652962736462276,0.1674820202355293,0.0,0.0
7745,7,200,4,M,1,0.900221138727291,0.8300447695511061,0.9,0.8300447695511061,0.0002533497747726071,0.08118295458386696,0.9002211387272911,0.8300447695511061,0.0,0.0
7746,7,200,4,M,2,0.3441982762749974,0.18109459156867888,0.64,0.18109459156867888,0.00028156849994907807,0.08118295458386696,0.3441982762749974,0.18109459156867885,0.0,0.0
7747,7,200,4,M,3,0.6713054125852721,0.8275599288909234,0.1,0.8275599288909234,0.00026341393706830196,0.08118295458386696,0.6713054125852721,0.8275599288909233,0.0,0.0
7748,7,201,4,M,0,0.10652962736462276,0.1674820202355293,0.1,0.1674820202355293,0.0003151008195702021,0.08118295458386696,0.10652962736462276,0.16748202023552933,0.0,0.0
7749,7,201,4,M,1,0.9002211387272911,0.8300447695511061,0.9,0.8300447695511061,0.0002533497747726071,0.08118295458386696,0.900221138727291,0.8300447695511061,0.0,0.0
7750,7,201,4,M,2,0.3441982762749974,0.18109459156867885,0.64,0.18109459156867885,0.00028156849994907807,0.08118295458386696,0.3441982762749974,0.18109459156867888,0.0,0.0
7751,7,201,4,M,3,0.6713054125852721,0.8275599288909233,0.1,0.8275599288909233,0.00026341393706830196,0.08118295458386696,0.6713054125852721,0.8275599288909234,0.0,0.0
7752,7,202,4,M,0,0.10652962736462276,0.16748202023552933,0.1,0.16748202023552933,0.0003151008195702021,0.08118295458386696,0.10652962736462276,0.1674820202355293,0.0,0.0
7753,7,202,4,M,1,0.900221138727291,0.8300447695511061,0.9,0.8300447695511061,0.0002533497747726071,0.08118295458386696,0.9002211387272911,0.8300447695511061,0.0,0.0
7754,7,202,4,M,2,0.3441982762749974,0.18109459156867888,0.64,0.18109459156867888,0.00028156849994907807,0.08118295458386696,0.3441982762749974,0.18109459156867885,0.0,0.0
7755,7,202,4,M,3,0.6713054125852721,0.8275599288909234,0.1,0.8275599288909234,0.00026341393706830196,0.08118295458386696,0.6713054125852721,0.8275599288909233,0.0,0.0
7756,7,203,4,M,0,0.10652962736462276,0.1674820202355293,0.1,0.1674820202355293,0.0003151008195702021,0.08118295458386696,0.10652962736462276,0.16748202023552933,0.0,0.0
7757,7,203,4,M,1,0.9002211387272911,0.8300447695511061,0.9,0.8300447695511061,0.0002533497747726071,0.08118295458386696,0.900221138727291,0.8300447695511061,0.0,0.0
7758,7,203,4,M,2,0.3441982762749974,0.18109459156867885,0.64,0.18109459156867885,0.00028156849994907807,0.08118295458386696,0.3441982762749974,0.18109459156867888,0.0,0.0
7759,7,203,4,M,3,0.6713054125852721,0.8275599288909233,0.1,0.8275599288909233,0.00026341393706830196,0.08118295458386696,0.6713054125852721,0.8275599288909234,0.0,0.0
7760,7,204,4,M,0,0.10652962736462276,0.16748202023552933,0.1,0.16748202023552933,0.0003151008195702021,0.08118295458386696,0.10652962736462276,0.1674820202355293,0.0,0.0
7761,7,204,4,M,1,0.900221138727291,0.8300447695511061,0.9,0.8300447695511061,0.0002533497747726071,0.08118295458386696,0.9002211387272911,0.8300447695511061,0.0,0.0
7762,7,204,4,M,2,0.3441982762749974,0.18109459156867888,0.64,0.18109459156867888,0.00028156849994907807,0.08118295458386696,0.3441982762749974,0.18109459156867885,0.0,0.0
7763,7,204,4,M,3,0.6713054125852721,0.8275599288909234,0.1,0.8275599288909234,0.00026341393706830196,0.08118295458386696,0.6713054125852721,0.8275599288909233,0.0,0.0
7764,7,205,4,M,0,0.10652962736462276,0.1674820202355293,0.1,0.1674820202355293,0.0003151008195702021,0.08118295458386696,0.10652962736462276,0.16748202023552933,0.0,0.0
7765,7,205,4,M,1,0.9002211387272911,0.8300447695511061,0.9,0.8300447695511061,0.0002533497747726071,0.08118295458386696,0.900221138727291,0.8300447695511061,0.0,0.0
7766,7,205,4,M,2,0.3441982762749974,0.18109459156867885,0.64,0.18109459156867885,0.00028156849994907807,0.08118295458386696,0.3441982762749974,0.18109459156867888,0.0,0.0
7767,7,205,4,M,3,0.6713054125852721,0.8275599288909233,0.1,0.8275599288909233,0.00026341393706830196,0.08118295458386696,0.6713054125852721,0.8275599288909234,0.0,0.0
7768,7,206,4,M,0,0.10652962736462276,0.16748202023552933,0.1,0.16748202023552933,0.0003151008195702021,0.08118295458386696,0.10652962736462276,0.1674820202355293,0.0,0.0
7769,7,206,4,M,1,0.900221138727291,0.8300447695511061,0.9,0.8300447695511061,0.0002533497747726071,0.08118295458386696,0.9002211387272911,0.8300447695511061,0.0,0.0
7770,7,206,4,M,2,0.3441982762749974,0.18109459156867888,0.64,0.18109459156867888,0.00028156849994907807,0.08118295458386696,0.3441982762749974,0.18109459156867885,0.0,0.0
7771,7,206,4,M,3,0.6713054125852721,0.8275599288909234,0.1,0.8275599288909234,0.00026341393706830196,0.08118295458386696,0.6713054125852721,0.8275599288909233,0.0,0.0
7772,7,207,4,M,0,0.10652962736462276,0.1674820202355293,0.1,0.1674820202355293,0.0003151008195702021,0.08118295458386696,0.10652962736462276,0.16748202023552933,0.0,0.0
7773,7,207,4,M,1,0.9002211387272911,0.8300447695511061,0.9,0.8300447695511061,0.0002533497747726071,0.08118295458386696,0.900221138727291,0.8300447695511061,0.0,0.0
7774,7,207,4,M,2,0.3441982762749974,0.18109459156867885,0.64,0.18109459156867885,0.00028156849994907807,0.08118295458386696,0.3441982762749974,0.18109459156867888,0.0,0.0
7775,7,207,4,M,3,0.6713054125852721,0.8275599288909233,0.1,0.8275599288909233,0.00026341393706830196,0.08118295458386696,0.6713054125852721,0.8275599288909234,0.0,0.0
7776,7,208,4,M,0,0.10652962736462276,0.16748202023552933,0.1,0.16748202023552933,0.0003151008195702021,0.08118295458386696,0.10652962736462276,0.1674820202355293,0.0,0.0
7777,7,208,4,M,1,0.900221138727291,0.8300447695511061,0.9,0.8300447695511061,0.0002533497747726071,0.08118295458386696,0.9002211387272911,0.8300447695511061,0.0,0.0
7778,7,208,4,M,2,0.3441982762749974,0.18109459156867888,0.64,0.18109459156867888,0.00028156849994907807,0.08118295458386696,0.3441982762749974,0.18109459156867885,0.0,0.0
7779,7,208,4,M,3,0.6713054125852721,0.8275599288909234,0.1,0.8275599288909234,0.00026341393706830196,0.08118295458386696,0.6713054125852721,0.8275599288909233,0.0,0.0
7780,7,209,4,M,0,0.10652962736462276,0.1674820202355293,0.1,0.1674820202355293,0.0003151008195702021,0.08118295458386696,0.10652962736462276,0.16748202023552933,0.0,0.0
7781,7,209,4,M,1,0.9002211387272911,0.8300447695511061,0.9,0.8300447695511061,0.0002533497747726071,0.08118295458386696,0.900221138727291,0.8300447695511061,0.0,0.0
7782,7,209,4,M,2,0.3441982762749974,0.18109459156867885,0.64,0.18109459156867885,0.00028156849994907807,0.08118295458386696,0.3441982762749974,0.18109459156867888,0.0,0.0
7783,7,209,4,M,3,0.6713054125852721,0.8275599288909233,0.1,0.8275599288909233,0.00026341393706830196,0.08118295458386696,0.6713054125852721,0.8275599288909234,0.0,0.0
7784,7,210,4,M,0,0.10652962736462276,0.16748202023552933,0.1,0.16748202023552933,0.0003151008195702021,0.08118295458386696,0.10652962736462276,0.1674820202355293,0.0,0.0
7785,7,210,4,M,1,0.900221138727291,0.8300447695511061,0.9,0.8300447695511061,0.0002533497747726071,0.08118295458386696,0.9002211387272911,0.8300447695511061,0.0,0.0
7786,7,210,4,M,2,0.3441982762749974,0.18109459156867888,0.64,0.18109459156867888,0.00028156849994907807,0.08118295458386696,0.3441982762749974,0.18109459156867885,0.0,0.0
7787,7,210,4,M,3,0.6713054125852721,0.8275599288909234,0.1,0.8275599288909234,0.00026341393706830196,0.08118295458386696,0.6713054125852721,0.8275599288909233,0.0,0.0
7788,7,211,4,M,0,0.10652962736462276,0.1674820202355293,0.1,0.1674820202355293,0.0003151008195702021,0.08118295458386696,0.10652962736462276,0.16748202023552933,0.0,0.0
7789,7,211,4,M,1,0.9002211387272911,0.8300447695511061,0.9,0.8300447695511061,0.0002533497747726071,0.08118295458386696,0.900221138727291,0.8300447695511061,0.0,0.0
7790,7,211,4,M,2,0.3441982762749974,0.18109459156867885,0.64,0.18109459156867885,0.00028156849994907807,0.08118295458386696,0.3441982762749974,0.18109459156867888,0.0,0.0
7791,7,211,4,M,3,0.6713054125852721,0.8275599288909233,0.1,0.8275599288909233,0.00026341393706830196,0.08118295458386696,0.6713054125852721,0.8275599288909234,0.0,0.0
7792,7,212,4,M,0,0.10652962736462276,0.16748202023552933,0.1,0.16748202023552933,0.0003151008195702021,0.08118295458386696,0.10652962736462276,0.1674820202355293,0.0,0.0
7793,7,212,4,M,1,0.900221138727291,0.8300447695511061,0.9,0.8300447695511061,0.0002533497747726071,0.08118295458386696,0.9002211387272911,0.8300447695511061,0.0,0.0
7794,7,212,4,M,2,0.3441982762749974,0.18109459156867888,0.64,0.18109459156867888,0.00028156849994907807,0.08118295458386696,0.3441982762749974,0.18109459156867885,0.0,0.0
7795,7,212,4,M,3,0.6713054125852721,0.8275599288909234,0.1,0.8275599288909234,0.00026341393706830196,0.08118295458386696,0.6713054125852721,0.8275599288909233,0.0,0.0
7796,7,213,4,M,0,0.10652962736462276,0.1674820202355293,0.1,0.1674820202355293,0.0003151008195702021,0.08118295458386696,0.10652962736462276,0.16748202023552933,0.0,0.0
7797,7,213,4,M,1,0.9002211387272911,0.8300447695511061,0.9,0.8300447695511061,0.0002533497747726071,0.08118295458386696,0.900221138727291,0.8300447695511061,0.0,0.0
7798,7,213,4,M,2,0.3441982762749974,0.18109459156867885,0.64,0.18109459156867885,0.00028156849994907807,0.08118295458386696,0.3441982762749974,0.18109459156867888,0.0,0.0
7799,7,213,4,M,3,0.6713054125852721,0.8275599288909233,0.1,0.8275599288909233,0.00026341393706830196,0.08118295458386696,0.6713054125852721,0.8275599288909234,0.0,0.0
7800,7,214,4,M,0,0.10652962736462276,0.16748202023552933,0.1,0.16748202023552933,0.0003151008195702021,0.08118295458386696,0.10652962736462276,0.1674820202355293,0.0,0.0
7801,7,214,4,M,1,0.900221138727291,0.8300447695511061,0.9,0.8300447695511061,0.0002533497747726071,0.08118295458386696,0.9002211387272911,0.8300447695511061,0.0,0.0
7802,7,214,4,M,2,0.3441982762749974,0.18109459156867888,0.64,0.18109459156867888,0.00028156849994907807,0.08118295458386696,0.3441982762749974,0.18109459156867885,0.0,0.0
7803,7,214,4,M,3,0.6713054125852721,0.8275599288909234,0.1,0.8275599288909234,0.00026341393706830196,0.08118295458386696,0.6713054125852721,0.8275599288909233,0.0,0.0
7804,7,215,4,M,0,0.10652962736462276,0.1674820202355293,0.1,0.1674820202355293,0.0003151008195702021,0.08118295458386696,0.10652962736462276,0.16748202023552933,0.0,0.0
7805,7,215,4,M,1,0.9002211387272911,0.8300447695511061,0.9,0.8300447695511061,0.0002533497747726071,0.08118295458386696,0.900221138727291,0.8300447695511061,0.0,0.0
7806,7,215,4,M,2,0.3441982762749974,0.18109459156867885,0.64,0.18109459156867885,0.00028156849994907807,0.08118295458386696,0.3441982762749974,0.18109459156867888,0.0,0.0
7807,7,215,4,M,3,0.6713054125852721,0.8275599288909233,0.1,0.8275599288909233,0.00026341393706830196,0.08118295458386696,0.6713054125852721,0.8275599288909234,0.0,0.0
7808,7,216,4,M,0,0.10652962736462276,0.16748202023552933,0.1,0.16748202023552933,0.0003151008195702021,0.08118295458386696,0.10652962736462276,0.1674820202355293,0.0,0.0
7809,7,216,4,M,1,0.900221138727291,0.8300447695511061,0.9,0.8300447695511061,0.0002533497747726071,0.08118295458386696,0.9002211387272911,0.8300447695511061,0.0,0.0
7810,7,216,4,M,2,0.3441982762749974,0.18109459156867888,0.64,0.18109459156867888,0.00028156849994907807,0.08118295458386696,0.3441982762749974,0.18109459156867885,0.0,0.0
7811,7,216,4,M,3,0.6713054125852721,0.8275599288909234,0.1,0.8275599288909234,0.00026341393706830196,0.08118295458386696,0.6713054125852721,0.8275599288909233,0.0,0.0
7812,7,217,4,M,0,0.10652962736462276,0.1674820202355293,0.1,0.1674820202355293,0.0003151008195702021,0.08118295458386696,0.10652962736462276,0.16748202023552933,0.0,0.0
7813,7,217,4,M,1,0.9002211387272911,0.8300447695511061,0.9,0.8300447695511061,0.0002533497747726071,0.08118295458386696,0.900221138727291,0.8300447695511061,0.0,0.0
7814,7,217,4,M,2,0.3441982762749974,0.18109459156867885,0.64,0.18109459156867885,0.00028156849994907807,0.08118295458386696,0.3441982762749974,0.18109459156867888,0.0,0.0
7815,7,217,4,M,3,0.6713054125852721,0.8275599288909233,0.1,0.8275599288909233,0.00026341393706830196,0.08118295458386696,0.6713054125852721,0.8275599288909234,0.0,0.0
7816,7,218,4,M,0,0.10652962736462276,0.16748202023552933,0.1,0.16748202023552933,0.0003151008195702021,0.08118295458386696,0.10652962736462276,0.1674820202355293,0.0,0.0
7817,7,218,4,M,1,0.900221138727291,0.8300447695511061,0.9,0.8300447695511061,0.0002533497747726071,0.08118295458386696,0.9002211387272911,0.8300447695511061,0.0,0.0
7818,7,218,4,M,2,0.3441982762749974,0.18109459156867888,0.64,0.18109459156867888,0.00028156849994907807,0.08118295458386696,0.3441982762749974,0.18109459156867885,0.0,0.0
7819,7,218,4,M,3,0.6713054125852721,0.8275599288909234,0.1,0.8275599288909234,0.00026341393706830196,0.08118295458386696,0.6713054125852721,0.8275599288909233,0.0,0.0
7820,7,219,4,M,0,0.10652962736462276,0.1674820202355293,0.1,0.1674820202355293,0.0003151008195702021,0.08118295458386696,0.10652962736462276,0.16748202023552933,0.0,0.0
7821,7,219,4,M,1,0.9002211387272911,0.8300447695511061,0.9,0.8300447695511061,0.0002533497747726071,0.08118295458386696,0.900221138727291,0.8300447695511061,0.0,0.0
7822,7,219,4,M,2,0.3441982762749974,0.18109459156867885,0.64,0.18109459156867885,0.00028156849994907807,0.08118295458386696,0.3441982762749974,0.18109459156867888,0.0,0.0
7823,7,219,4,M,3,0.6713054125852721,0.8275599288909233,0.1,0.8275599288909233,0.00026341393706830196,0.08118295458386696,0.6713054125852721,0.8275599288909234,0.0,0.0
7824,7,220,4,M,0,0.10652962736462276,0.16748202023552933,0.1,0.16748202023552933,0.0003151008195702021,0.08118295458386696,0.10652962736462276,0.1674820202355293,0.0,0.0
7825,7,220,4,M,1,0.900221138727291,0.8300447695511061,0.9,0.8300447695511061,0.0002533497747726071,0.08118295458386696,0.9002211387272911,0.8300447695511061,0.0,0.0
7826,7,220,4,M,2,0.3441982762749974,0.18109459156867888,0.64,0.18109459156867888,0.00028156849994907807,0.08118295458386696,0.3441982762749974,0.18109459156867885,0.0,0.0
7827,7,220,4,M,3,0.6713054125852721,0.8275599288909234,0.1,0.8275599288909234,0.00026341393706830196,0.08118295458386696,0.6713054125852721,0.8275599288909233,0.0,0.0
7828,7,221,4,M,0,0.10652962736462276,0.1674820202355293,0.1,0.1674820202355293,0.0003151008195702021,0.08118295458386696,0.10652962736462276,0.16748202023552933,0.0,0.0
7829,7,221,4,M,1,0.9002211387272911,0.8300447695511061,0.9,0.8300447695511061,0.0002533497747726071,0.08118295458386696,0.900221138727291,0.8300447695511061,0.0,0.0
7830,7,221,4,M,2,0.3441982762749974,0.18109459156867885,0.64,0.18109459156867885,0.00028156849994907807,0.08118295458386696,0.3441982762749974,0.18109459156867888,0.0,0.0
7831,7,221,4,M,3,0.6713054125852721,0.8275599288909233,0.1,0.8275599288909233,0.00026341393706830196,0.08118295458386696,0.6713054125852721,0.8275599288909234,0.0,0.0
7832,7,222,4,M,0,0.10652962736462276,0.16748202023552933,0.1,0.16748202023552933,0.0003151008195702021,0.08118295458386696,0.10652962736462276,0.1674820202355293,0.0,0.0
7833,7,222,4,M,1,0.900221138727291,0.8300447695511061,0.9,0.8300447695511061,0.0002533497747726071,0.08118295458386696,0.9002211387272911,0.8300447695511061,0.0,0.0
7834,7,222,4,M,2,0.3441982762749974,0.18109459156867888,0.64,0.18109459156867888,0.00028156849994907807,0.08118295458386696,0.3441982762749974,0.18109459156867885,0.0,0.0
7835,7,222,4,M,3,0.6713054125852721,0.8275599288909234,0.1,0.8275599288909234,0.00026341393706830196,0.08118295458386696,0.6713054125852721,0.8275599288909233,0.0,0.0
7836,7,223,4,M,0,0.10652962736462276,0.1674820202355293,0.1,0.1674820202355293,0.0003151008195702021,0.08118295458386696,0.10652962736462276,0.16748202023552933,0.0,0.0
7837,7,223,4,M,1,0.9002211387272911,0.8300447695511061,0.9,0.8300447695511061,0.0002533497747726071,0.08118295458386696,0.900221138727291,0.8300447695511061,0.0,0.0
7838,7,223,4,M,2,0.3441982762749974,0.18109459156867885,0.64,0.18109459156867885,0.00028156849994907807,0.08118295458386696,0.3441982762749974,0.18109459156867888,0.0,0.0
7839,7,223,4,M,3,0.6713054125852721,0.8275599288909233,0.1,0.8275599288909233,0.00026341393706830196,0.08118295458386696,0.6713054125852721,0.8275599288909234,0.0,0.0
7840,7,224,4,M,0,0.10652962736462276,0.16748202023552933,0.1,0.16748202023552933,0.0003151008195702021,0.08118295458386696,0.10652962736462276,0.1674820202355293,0.0,0.0
7841,7,224,4,M,1,0.900221138727291,0.8300447695511061,0.9,0.8300447695511061,0.0002533497747726071,0.08118295458386696,0.9002211387272911,0.8300447695511061,0.0,0.0
7842,7,224,4,M,2,0.3441982762749974,0.18109459156867888,0.64,0.18109459156867888,0.00028156849994907807,0.08118295458386696,0.3441982762749974,0.18109459156867885,0.0,0.0
7843,7,224,4,M,3,0.6713054125852721,0.8275599288909234,0.1,0.8275599288909234,0.00026341393706830196,0.08118295458386696,0.6713054125852721,0.8275599288909233,0.0,0.0
7844,7,225,4,M,0,0.10652962736462276,0.1674820202355293,0.1,0.1674820202355293,0.0003151008195702021,0.08118295458386696,0.10652962736462276,0.16748202023552933,0.0,0.0
7845,7,225,4,M,1,0.9002211387272911,0.8300447695511061,0.9,0.8300447695511061,0.0002533497747726071,0.08118295458386696,0.900221138727291,0.8300447695511061,0.0,0.0
7846,7,225,4,M,2,0.3441982762749974,0.18109459156867885,0.64,0.18109459156867885,0.00028156849994907807,0.08118295458386696,0.3441982762749974,0.18109459156867888,0.0,0.0
7847,7,225,4,M,3,0.6713054125852721,0.8275599288909233,0.1,0.8275599288909233,0.00026341393706830196,0.08118295458386696,0.6713054125852721,0.8275599288909234,0.0,0.0
7848,7,226,4,M,0,0.10652962736462276,0.16748202023552933,0.1,0.16748202023552933,0.0003151008195702021,0.08118295458386696,0.10652962736462276,0.1674820202355293,0.0,0.0
7849,7,226,4,M,1,0.900221138727291,0.8300447695511061,0.9,0.8300447695511061,0.0002533497747726071,0.08118295458386696,0.9002211387272911,0.8300447695511061,0.0,0.0
7850,7,226,4,M,2,0.3441982762749974,0.18109459156867888,0.64,0.18109459156867888,0.00028156849994907807,0.08118295458386696,0.3441982762749974,0.18109459156867885,0.0,0.0
7851,7,226,4,M,3,0.6713054125852721,0.8275599288909234,0.1,0.8275599288909234,0.00026341393706830196,0.08118295458386696,0.6713054125852721,0.8275599288909233,0.0,0.0
7852,7,227,4,M,0,0.10652962736462276,0.1674820202355293,0.1,0.1674820202355293,0.0003151008195702021,0.08118295458386696,0.10652962736462276,0.16748202023552933,0.0,0.0
7853,7,227,4,M,1,0.9002211387272911,0.8300447695511061,0.9,0.8300447695511061,0.0002533497747726071,0.08118295458386696,0.900221138727291,0.8300447695511061,0.0,0.0
7854,7,227,4,M,2,0.3441982762749974,0.18109459156867885,0.64,0.18109459156867885,0.00028156849994907807,0.08118295458386696,0.3441982762749974,0.18109459156867888,0.0,0.0
7855,7,227,4,M,3,0.6713054125852721,0.8275599288909233,0.1,0.8275599288909233,0.00026341393706830196,0.08118295458386696,0.6713054125852721,0.8275599288909234,0.0,0.0
7856,7,228,4,M,0,0.10652962736462276,0.16748202023552933,0.1,0.16748202023552933,0.0003151008195702021,0.08118295458386696,0.10652962736462276,0.1674820202355293,0.0,0.0
7857,7,228,4,M,1,0.900221138727291,0.8300447695511061,0.9,0.8300447695511061,0.0002533497747726071,0.08118295458386696,0.9002211387272911,0.8300447695511061,0.0,0.0
7858,7,228,4,M,2,0.3441982762749974,0.18109459156867888,0.64,0.18109459156867888,0.00028156849994907807,0.08118295458386696,0.3441982762749974,0.18109459156867885,0.0,0.0
7859,7,228,4,M,3,0.6713054125852721,0.8275599288909234,0.1,0.8275599288909234,0.00026341393706830196,0.08118295458386696,0.6713054125852721,0.8275599288909233,0.0,0.0
7860,7,229,4,M,0,0.10652962736462276,0.1674820202355293,0.1,0.1674820202355293,0.0003151008195702021,0.08118295458386696,0.10652962736462276,0.16748202023552933,0.0,0.0
7861,7,229,4,M,1,0.9002211387272911,0.8300447695511061,0.9,0.8300447695511061,0.0002533497747726071,0.08118295458386696,0.900221138727291,0.8300447695511061,0.0,0.0
7862,7,229,4,M,2,0.3441982762749974,0.18109459156867885,0.64,0.18109459156867885,0.00028156849994907807,0.08118295458386696,0.3441982762749974,0.18109459156867888,0.0,0.0
7863,7,229,4,M,3,0.6713054125852721,0.8275599288909233,0.1,0.8275599288909233,0.00026341393706830196,0.08118295458386696,0.6713054125852721,0.8275599288909234,0.0,0.0
7864,7,230,4,M,0,0.10652962736462276,0.16748202023552933,0.1,0.16748202023552933,0.0003151008195702021,0.08118295458386696,0.10652962736462276,0.1674820202355293,0.0,0.0
7865,7,230,4,M,1,0.900221138727291,0.8300447695511061,0.9,0.8300447695511061,0.0002533497747726071,0.08118295458386696,0.9002211387272911,0.8300447695511061,0.0,0.0
7866,7,230,4,M,2,0.3441982762749974,0.18109459156867888,0.64,0.18109459156867888,0.00028156849994907807,0.08118295458386696,0.3441982762749974,0.18109459156867885,0.0,0.0
7867,7,230,4,M,3,0.6713054125852721,0.8275599288909234,0.1,0.8275599288909234,0.00026341393706830196,0.08118295458386696,0.6713054125852721,0.8275599288909233,0.0,0.0
7868,7,231,4,M,0,0.10652962736462276,0.1674820202355293,0.1,0.1674820202355293,0.0003151008195702021,0.08118295458386696,0.10652962736462276,0.16748202023552933,0.0,0.0
7869,7,231,4,M,1,0.9002211387272911,0.8300447695511061,0.9,0.8300447695511061,0.0002533497747726071,0.08118295458386696,0.900221138727291,0.8300447695511061,0.0,0.0
7870,7,231,4,M,2,0.3441982762749974,0.18109459156867885,0.64,0.18109459156867885,0.00028156849994907807,0.08118295458386696,0.3441982762749974,0.18109459156867888,0.0,0.0
7871,7,231,4,M,3,0.6713054125852721,0.8275599288909233,0.1,0.8275599288909233,0.00026341393706830196,0.08118295458386696,0.6713054125852721,0.8275599288909234,0.0,0.0
7872,7,232,4,M,0,0.10652962736462276,0.16748202023552933,0.1,0.16748202023552933,0.0003151008195702021,0.08118295458386696,0.10652962736462276,0.1674820202355293,0.0,0.0
7873,7,232,4,M,1,0.900221138727291,0.8300447695511061,0.9,0.8300447695511061,0.0002533497747726071,0.08118295458386696,0.9002211387272911,0.8300447695511061,0.0,0.0
7874,7,232,4,M,2,0.3441982762749974,0.18109459156867888,0.64,0.18109459156867888,0.00028156849994907807,0.08118295458386696,0.3441982762749974,0.18109459156867885,0.0,0.0
7875,7,232,4,M,3,0.6713054125852721,0.8275599288909234,0.1,0.8275599288909234,0.00026341393706830196,0.08118295458386696,0.6713054125852721,0.8275599288909233,0.0,0.0
7876,7,233,4,M,0,0.10652962736462276,0.1674820202355293,0.1,0.1674820202355293,0.0003151008195702021,0.08118295458386696,0.10652962736462276,0.16748202023552933,0.0,0.0
7877,7,233,4,M,1,0.9002211387272911,0.8300447695511061,0.9,0.8300447695511061,0.0002533497747726071,0.08118295458386696,0.900221138727291,0.8300447695511061,0.0,0.0
7878,7,233,4,M,2,0.3441982762749974,0.18109459156867885,0.64,0.18109459156867885,0.00028156849994907807,0.08118295458386696,0.3441982762749974,0.18109459156867888,0.0,0.0
7879,7,233,4,M,3,0.6713054125852721,0.8275599288909233,0.1,0.8275599288909233,0.00026341393706830196,0.08118295458386696,0.6713054125852721,0.8275599288909234,0.0,0.0
7880,7,234,4,M,0,0.10652962736462276,0.16748202023552933,0.1,0.16748202023552933,0.0003151008195702021,0.08118295458386696,0.10652962736462276,0.1674820202355293,0.0,0.0
7881,7,234,4,M,1,0.900221138727291,0.8300447695511061,0.9,0.8300447695511061,0.0002533497747726071,0.08118295458386696,0.9002211387272911,0.8300447695511061,0.0,0.0
7882,7,234,4,M,2,0.3441982762749974,0.18109459156867888,0.64,0.18109459156867888,0.00028156849994907807,0.08118295458386696,0.3441982762749974,0.18109459156867885,0.0,0.0
7883,7,234,4,M,3,0.6713054125852721,0.8275599288909234,0.1,0.8275599288909234,0.00026341393706830196,0.08118295458386696,0.6713054125852721,0.8275599288909233,0.0,0.0
7884,7,235,4,M,0,0.10652962736462276,0.1674820202355293,0.1,0.1674820202355293,0.0003151008195702021,0.08118295458386696,0.10652962736462276,0.16748202023552933,0.0,0.0
7885,7,235,4,M,1,0.9002211387272911,0.8300447695511061,0.9,0.8300447695511061,0.0002533497747726071,0.08118295458386696,0.900221138727291,0.8300447695511061,0.0,0.0
7886,7,235,4,M,2,0.3441982762749974,0.18109459156867885,0.64,0.18109459156867885,0.00028156849994907807,0.08118295458386696,0.3441982762749974,0.18109459156867888,0.0,0.0
7887,7,235,4,M,3,0.6713054125852721,0.8275599288909233,0.1,0.8275599288909233,0.00026341393706830196,0.08118295458386696,0.6713054125852721,0.8275599288909234,0.0,0.0
7888,7,236,4,M,0,0.10652962736462276,0.16748202023552933,0.1,0.16748202023552933,0.0003151008195702021,0.08118295458386696,0.10652962736462276,0.1674820202355293,0.0,0.0
7889,7,236,4,M,1,0.900221138727291,0.8300447695511061,0.9,0.8300447695511061,0.0002533497747726071,0.08118295458386696,0.9002211387272911,0.8300447695511061,0.0,0.0
7890,7,236,4,M,2,0.3441982762749974,0.18109459156867888,0.64,0.18109459156867888,0.00028156849994907807,0.08118295458386696,0.3441982762749974,0.18109459156867885,0.0,0.0
7891,7,236,4,M,3,0.6713054125852721,0.8275599288909234,0.1,0.8275599288909234,0.00026341393706830196,0.08118295458386696,0.6713054125852721,0.8275599288909233,0.0,0.0
7892,7,237,4,M,0,0.10652962736462276,0.1674820202355293,0.1,0.1674820202355293,0.0003151008195702021,0.08118295458386696,0.10652962736462276,0.16748202023552933,0.0,0.0
7893,7,237,4,M,1,0.9002211387272911,0.8300447695511061,0.9,0.8300447695511061,0.0002533497747726071,0.08118295458386696,0.900221138727291,0.8300447695511061,0.0,0.0
7894,7,237,4,M,2,0.3441982762749974,0.18109459156867885,0.64,0.18109459156867885,0.00028156849994907807,0.08118295458386696,0.3441982762749974,0.18109459156867888,0.0,0.0
7895,7,237,4,M,3,0.6713054125852721,0.8275599288909233,0.1,0.8275599288909233,0.00026341393706830196,0.08118295458386696,0.6713054125852721,0.8275599288909234,0.0,0.0
7896,7,238,4,M,0,0.10652962736462276,0.16748202023552933,0.1,0.16748202023552933,0.0003151008195702021,0.08118295458386696,0.10652962736462276,0.1674820202355293,0.0,0.0
7897,7,238,4,M,1,0.900221138727291,0.8300447695511061,0.9,0.8300447695511061,0.0002533497747726071,0.08118295458386696,0.9002211387272911,0.8300447695511061,0.0,0.0
7898,7,238,4,M,2,0.3441982762749974,0.18109459156867888,0.64,0.18109459156867888,0.00028156849994907807,0.08118295458386696,0.3441982762749974,0.18109459156867885,0.0,0.0
7899,7,238,4,M,3,0.6713054125852721,0.8275599288909234,0.1,0.8275599288909234,0.00026341393706830196,0.08118295458386696,0.6713054125852721,0.8275599288909233,0.0,0.0
7900,7,239,4,M,0,0.10652962736462276,0.1674820202355293,0.1,0.1674820202355293,0.0003151008195702021,0.08118295458386696,0.10652962736462276,0.16748202023552933,0.0,0.0
7901,7,239,4,M,1,0.9002211387272911,0.8300447695511061,0.9,0.8300447695511061,0.0002533497747726071,0.08118295458386696,0.900221138727291,0.8300447695511061,0.0,0.0
7902,7,239,4,M,2,0.3441982762749974,0.18109459156867885,0.64,0.18109459156867885,0.00028156849994907807,0.08118295458386696,0.3441982762749974,0.18109459156867888,0.0,0.0
7903,7,239,4,M,3,0.6713054125852721,0.8275599288909233,0.1,0.8275599288909233,0.00026341393706830196,0.08118295458386696,0.6713054125852721,0.8275599288909234,0.0,0.0
7904,7,240,4,M,0,0.10652962736462276,0.16748202023552933,0.1,0.16748202023552933,0.0003151008195702021,0.08118295458386696,0.10652962736462276,0.1674820202355293,0.0,0.0
7905,7,240,4,M,1,0.900221138727291,0.8300447695511061,0.9,0.8300447695511061,0.0002533497747726071,0.08118295458386696,0.9002211387272911,0.8300447695511061,0.0,0.0
7906,7,240,4,M,2,0.3441982762749974,0.18109459156867888,0.64,0.18109459156867888,0.00028156849994907807,0.08118295458386696,0.3441982762749974,0.18109459156867885,0.0,0.0
7907,7,240,4,M,3,0.6713054125852721,0.8275599288909234,0.1,0.8275599288909234,0.00026341393706830196,0.08118295458386696,0.6713054125852721,0.8275599288909233,0.0,0.0
7908,7,241,4,M,0,0.10652962736462276,0.1674820202355293,0.1,0.1674820202355293,0.0003151008195702021,0.08118295458386696,0.10652962736462276,0.16748202023552933,0.0,0.0
7909,7,241,4,M,1,0.9002211387272911,0.8300447695511061,0.9,0.8300447695511061,0.0002533497747726071,0.08118295458386696,0.900221138727291,0.8300447695511061,0.0,0.0
7910,7,241,4,M,2,0.3441982762749974,0.18109459156867885,0.64,0.18109459156867885,0.00028156849994907807,0.08118295458386696,0.3441982762749974,0.18109459156867888,0.0,0.0
7911,7,241,4,M,3,0.6713054125852721,0.8275599288909233,0.1,0.8275599288909233,0.00026341393706830196,0.08118295458386696,0.6713054125852721,0.8275599288909234,0.0,0.0
7912,7,242,4,M,0,0.10652962736462276,0.16748202023552933,0.1,0.16748202023552933,0.0003151008195702021,0.08118295458386696,0.10652962736462276,0.1674820202355293,0.0,0.0
7913,7,242,4,M,1,0.900221138727291,0.8300447695511061,0.9,0.8300447695511061,0.0002533497747726071,0.08118295458386696,0.9002211387272911,0.8300447695511061,0.0,0.0
7914,7,242,4,M,2,0.3441982762749974,0.18109459156867888,0.64,0.18109459156867888,0.00028156849994907807,0.08118295458386696,0.3441982762749974,0.18109459156867885,0.0,0.0
7915,7,242,4,M,3,0.6713054125852721,0.8275599288909234,0.1,0.8275599288909234,0.00026341393706830196,0.08118295458386696,0.6713054125852721,0.8275599288909233,0.0,0.0
7916,7,243,4,M,0,0.10652962736462276,0.1674820202355293,0.1,0.1674820202355293,0.0003151008195702021,0.08118295458386696,0.10652962736462276,0.16748202023552933,0.0,0.0
7917,7,243,4,M,1,0.9002211387272911,0.8300447695511061,0.9,0.8300447695511061,0.0002533497747726071,0.08118295458386696,0.900221138727291,0.8300447695511061,0.0,0.0
7918,7,243,4,M,2,0.3441982762749974,0.18109459156867885,0.64,0.18109459156867885,0.00028156849994907807,0.08118295458386696,0.3441982762749974,0.18109459156867888,0.0,0.0
7919,7,243,4,M,3,0.6713054125852721,0.8275599288909233,0.1,0.8275599288909233,0.00026341393706830196,0.08118295458386696,0.6713054125852721,0.8275599288909234,0.0,0.0
7920,7,244,4,M,0,0.10652962736462276,0.16748202023552933,0.1,0.16748202023552933,0.0003151008195702021,0.08118295458386696,0.10652962736462276,0.1674820202355293,0.0,0.0
7921,7,244,4,M,1,0.900221138727291,0.8300447695511061,0.9,0.8300447695511061,0.0002533497747726071,0.08118295458386696,0.9002211387272911,0.8300447695511061,0.0,0.0
7922,7,244,4,M,2,0.3441982762749974,0.18109459156867888,0.64,0.18109459156867888,0.00028156849994907807,0.08118295458386696,0.3441982762749974,0.18109459156867885,0.0,0.0
7923,7,244,4,M,3,0.6713054125852721,0.8275599288909234,0.1,0.8275599288909234,0.00026341393706830196,0.08118295458386696,0.6713054125852721,0.8275599288909233,0.0,0.0
7924,7,245,4,M,0,0.10652962736462276,0.1674820202355293,0.1,0.1674820202355293,0.0003151008195702021,0.08118295458386696,0.10652962736462276,0.16748202023552933,0.0,0.0
7925,7,245,4,M,1,0.9002211387272911,0.8300447695511061,0.9,0.8300447695511061,0.0002533497747726071,0.08118295458386696,0.900221138727291,0.8300447695511061,0.0,0.0
7926,7,245,4,M,2,0.3441982762749974,0.18109459156867885,0.64,0.18109459156867885,0.00028156849994907807,0.08118295458386696,0.3441982762749974,0.18109459156867888,0.0,0.0
7927,7,245,4,M,3,0.6713054125852721,0.8275599288909233,0.1,0.8275599288909233,0.00026341393706830196,0.08118295458386696,0.6713054125852721,0.8275599288909234,0.0,0.0
7928,7,246,4,M,0,0.10652962736462276,0.16748202023552933,0.1,0.16748202023552933,0.0003151008195702021,0.08118295458386696,0.10652962736462276,0.1674820202355293,0.0,0.0
7929,7,246,4,M,1,0.900221138727291,0.8300447695511061,0.9,0.8300447695511061,0.0002533497747726071,0.08118295458386696,0.9002211387272911,0.8300447695511061,0.0,0.0
7930,7,246,4,M,2,0.3441982762749974,0.18109459156867888,0.64,0.18109459156867888,0.00028156849994907807,0.08118295458386696,0.3441982762749974,0.18109459156867885,0.0,0.0
7931,7,246,4,M,3,0.6713054125852721,0.8275599288909234,0.1,0.8275599288909234,0.00026341393706830196,0.08118295458386696,0.6713054125852721,0.8275599288909233,0.0,0.0
7932,7,247,4,M,0,0.10652962736462276,0.1674820202355293,0.1,0.1674820202355293,0.0003151008195702021,0.08118295458386696,0.10652962736462276,0.16748202023552933,0.0,0.0
7933,7,247,4,M,1,0.9002211387272911,0.8300447695511061,0.9,0.8300447695511061,0.0002533497747726071,0.08118295458386696,0.900221138727291,0.8300447695511061,0.0,0.0
7934,7,247,4,M,2,0.3441982762749974,0.18109459156867885,0.64,0.18109459156867885,0.00028156849994907807,0.08118295458386696,0.3441982762749974,0.18109459156867888,0.0,0.0
7935,7,247,4,M,3,0.6713054125852721,0.8275599288909233,0.1,0.8275599288909233,0.00026341393706830196,0.08118295458386696,0.6713054125852721,0.8275599288909234,0.0,0.0
7936,8,0,0,M,0,0.9284155579174089,0.8448490994354699,1.0,0.8448490994354699,0.04633386588777013,0.08118295458386696,0.9091307456012633,0.668847327033444,0.0,0.0
7937,8,0,0,M,1,0.4974234118726183,0.15146304180857195,0.0,0.15146304180857195,0.046333865887770116,0.08118295458386696,0.3356578745488467,0.3057021018765938,0.0,0.0
7938,8,0,0,M,2,0.6575582265495727,0.7972774719460983,0.0,0.7972774719460983,0.04633386588777007,0.08118295458386696,0.3577812395790175,0.76759308241348,0.0,0.0
7939,8,0,0,M,3,0.73035765598069,0.1414798854843553,1.0,0.1414798854843553,0.0463338658877701,0.08118295458386696,0.8201649261384178,0.21244826920832338,0.0,0.0
7940,8,1,0,M,0,1.0,0.5,1.0,0.5,0.04600697091737475,0.08118295458386696,0.7595897645336259,0.7336947054200522,1.0,1.0
7941,8,1,0,M,1,0.0,0.5,0.0,0.5,0.04601807105045932,0.08118295458386696,0.35428505901158,0.299178149852963,1.0,1.0
7942,8,1,0,M,2,0.0,1.0,0.68,1.0,0.045714600790884644,0.08118295458386696,0.3685214802611541,0.7745746231507775,1.0,1.0
7943,8,1,0,M,3,0.76,0.24,1.0,0.24,0.04241555290445352,0.08118295458386696,0.8243171143593557,0.11412469783992694,1.0,1.0
7944,8,2,0,M,0,1.0,1.0,0.56,1.0,0.041745763159355506,0.08118295458386696,0.81905404531409,0.7982194928054017,1.0,1.0
7945,8,2,0,M,1,0.24,0.24,0.0,0.24,0.04240246285863749,0.08118295458386696,0.31204614837573325,0.2630821819823811,1.0,1.0
7946,8,2,0,M,2,0.5,1.0,0.5,1.0,0.04202679168458757,0.08118295458386696,0.32496284885339316,0.7164013633952911,1.0,1.0
7947,8,2,0,M,3,1.0,0.0,0.52,0.0,0.03907972421013621,0.08118295458386696,0.5910068379030647,0.11849432676789153,1.0,1.0
7948,8,3,0,M,0,0.81905404531409,0.7982194928054017,0.62,0.7982194928054017,0.029719129937270564,0.08118295458386696,0.8075260180427709,0.785524765342874,0.0,0.0
7949,8,3,0,M,1,0.5,0.0,0.0,0.0,0.0423978976304056,0.08118295458386696,0.26796698862587376,0.2766936254780119,1.0,1.0
7950,8,3,0,M,2,0.76,0.76,0.38,0.76,0.040109561207651606,0.08118295458386696,0.35686592055183536,0.6714162055183623,1.0,1.0
7951,8,3,0,M,3,0.5910068379030647,0.11849432676789153,0.6,0.11849432676789153,0.0302442117817791,0.08118295458386696,0.5392305210734872,0.2850204576337823,0.0,0.0
7952,8,4,0,M,0,0.8075260180427709,0.785524765342874,0.76,0.785524765342874,0.01795095051693868,0.08118295458386696,0.8219378811309814,0.8111109883389167,0.0,0.0
7953,8,4,0,M,1,0.0,0.0,0.0,0.0,0.01795095051693868,0.08118295458386696,0.17349911391548822,0.18932933030000676,1.0,1.0
7954,8,4,0,M,2,0.5,0.5,0.24,0.5,0.03350791319990284,0.08118295458386696,0.3287756428786835,0.7244987104664908,1.0,1.0
7955,8,4,0,M,3,0.5392305210734872,0.2850204576337823,0.76,0.2850204576337823,0.017677419661079982,0.08118295458386696,0.5404749447141473,0.25562465271547663,0.0,0.0
7956,8,5,0,M,0,0.8219378811309814,0.8111109883389167,0.76,0.8111109883389167,0.0176692224802677,0.08118295458386696,0.8231302497566364,0.8112601262667003,0.0,0.0
7957,8,5,0,M,1,0.17349911391548822,0.18932933030000676,0.24,0.18932933030000676,0.017669222480267685,0.08118295458386696,0.15917350665793423,0.18071529327630168,0.0,0.0
7958,8,5,0,M,2,0.24,0.76,0.0,0.76,0.017669222480267685,0.08118295458386696,0.40254340341967526,0.6833459315327766,1.0,1.0
7959,8,5,0,M,3,0.5404749447141473,0.25562465271547663,0.76,0.25562465271547663,0.017669222480267685,0.08118295458386696,0.49022805717801854,0.2659312223434597,0.0,0.0
7960,8,6,0,M,0,0.8231302497566364,0.8112601262667003,0.76,0.8112601262667003,0.0176692224802677,0.08118295458386696,0.8294694445190965,0.8123327495141303,0.0,0.0
7961,8,6,0,M,1,0.15917350665793423,0.18071529327630168,0.24,0.18071529327630168,0.017669222480267685,0.08118295458386696,0.14964441245361762,0.177233876362856,0.0,0.0
7962,8,6,0,M,2,0.40254340341967526,0.6833459315327766,0.0,0.6833459315327766,0.017669222480267685,0.08118295458386696,0.4518912162081057,0.6857934326614579,0.0,0.0
7963,8,6,0,M,3,0.49022805717801854,0.2659312223434597,0.76,0.2659312223434597,0.017669222480267685,0.08118295458386696,0.4477329719267525,0.25351306599591666,0.0,0.0
7964,8,7,0,M,0,0.8294694445190965,0.8123327495141303,0.76,0.8123327495141303,0.0176692224802677,0.08118295458386696,0.8364867220768819,0.8138966572646544,0.0,0.0
7965,8,7,0,M,1,0.14964441245361762,0.177233876362856,0.24,0.177233876362856,0.017669222480267685,0.08118295458386696,0.13976926771596912,0.17713412784945712,0.0,0.0
7966,8,7,0,M,2,0.4518912162081057,0.6857934326614579,0.0,0.6857934326614579,0.017669222480267685,0.08118295458386696,0.5017006221524206,0.6992246014101043,0.0,0.0
7967,8,7,0,M,3,0.4477329719267525,0.25351306599591666,0.76,0.25351306599591666,0.017669222480267685,0.08118295458386696,0.41258920594668225,0.2425528097803606,0.0,0.0
7968,8,8,1,M,0,0.8364867220768819,0.8138966572646544,0.76,0.8138966572646544,0.0176692224802677,0.08118295458386696,0.8458679611666778,0.8169927342384713,0.0,0.0
7969,8,8,1,M,1,0.13976926771596912,0.17713412784945712,0.24,0.17713412784945712,0.017669222480267685,0.08118295458386696,0.13083220127743958,0.17722652479525164,0.0,0.0
7970,8,8,1,M,2,0.5017006221524206,0.6992246014101043,0.0,0.6992246014101043,0.017669222480267685,0.08118295458386696,0.5524222861675776,0.7126757102428105,0.0,0.0
7971,8,8,1,M,3,0.41258920594668225,0.2425528097803606,0.76,0.2425528097803606,0.017669222480267685,0.08118295458386696,0.3852705482038734,0.23937606264456157,0.0,0.0
7972,8,9,1,M,0,1.0,0.76,0.76,0.76,0.015634306553440502,0.08118295458386696,0.8607083105902065,0.8277007092230699,1.0,1.0
7973,8,9,1,M,1,0.0,0.24,0.24,0.24,0.015479258490526046,0.08118295458386696,0.12027019458693591,0.17871192961489613,1.0,1.0
7974,8,9,1,M,2,0.74,0.5,0.24,0.5,0.017234028641143123,0.08118295458386696,0.5880896849876902,0.7444785161026628,1.0,1.0
7975,8,9,1,M,3,0.5,0.24,0.76,0.24,0.016273181687997393,0.08118295458386696,0.36582471739474287,0.23094628496646596,1.0,1.0
7976,8,10,1,M,0,0.76,1.0,1.0,1.0,0.012912445145843332,0.08118295458386696,0.8691360735534701,0.8344922978596119,1.0,1.0
7977,8,10,1,M,1,0.24,0.0,0.0,0.0,0.015747413584329975,0.08118295458386696,0.11630615759431101,0.17142976726540854,1.0,1.0
7978,8,10,1,M,2,0.5,0.76,0.0,0.76,0.01605774639599991,0.08118295458386696,0.6407644874920722,0.7631652910578595,1.0,1.0
7979,8,10,1,M,3,0.76,0.0,1.0,0.0,0.012239791418382565,0.08118295458386696,0.3331516800805355,0.23244776513151036,1.0,1.0
7980,8,11,1,M,0,0.8691360735534701,0.8344922978596119,0.88,0.8344922978596119,0.0026990521387026956,0.08118295458386696,0.8815922005641638,0.8383808414285082,0.0,0.0
7981,8,11,1,M,1,0.11630615759431101,0.17142976726540854,0.0,0.17142976726540854,0.014711886415718314,0.08118295458386696,0.10940278818139687,0.1646322271633914,0.0,0.0
7982,8,11,1,M,2,0.24,1.0,0.0,1.0,0.012864436150824207,0.08118295458386696,0.6687521390210144,0.7775481880811922,1.0,1.0
7983,8,11,1,M,3,1.0,0.24,0.24,0.24,0.010107858559527949,0.08118295458386696,0.3144097105063458,0.24251962777480282,1.0,1.0
7984,8,12,1,M,0,0.8815922005641638,0.8383808414285082,0.88,0.8383808414285082,0.002678698180338543,0.08118295458386696,0.892054506899191,0.8390780649902018,0.0,0.0
7985,8,12,1,M,1,0.10940278818139687,0.1646322271633914,0.12,0.1646322271633914,0.005114919312240146,0.08118295458386696,0.10662406735090149,0.15756289075845706,0.0,0.0
7986,8,12,1,M,2,0.0,0.76,0.34,0.76,0.004367131113860834,0.08118295458386696,0.6839581717890533,0.7882376346039993,1.0,1.0
7987,8,12,1,M,3,0.3144097105063458,0.24251962777480282,0.24,0.24251962777480282,0.008770704206193011,0.08118295458386696,0.3038625988107235,0.2524216104015074,0.0,0.0
7988,8,13,1,M,0,0.892054506899191,0.8390780649902018,0.88,0.8390780649902018,0.002678698180338543,0.08118295458386696,0.898668006707288,0.8384584601757886,0.0,0.0
7989,8,13,1,M,1,0.10662406735090149,0.15756289075845706,0.12,0.15756289075845706,0.004251115294073057,0.08118295458386696,0.10643811715287395,0.15060060883132018,0.0,0.0
7990,8,13,1,M,2,0.6839581717890533,0.7882376346039993,0.36,0.7882376346039993,0.003963123718015771,0.08118295458386696,0.694534501032773,0.7947591237673968,0.0,0.0
7991,8,13,1,M,3,0.3038625988107235,0.2524216104015074,0.24,0.2524216104015074,0.008770704206193011,0.08118295458386696,0.29617376832391334,0.2612319870923774,0.0,0.0
7992,8,14,1,M,0,0.898668006707288,0.8384584601757886,0.88,0.8384584601757886,0.002678698180338543,0.08118295458386696,0.9027371507438868,0.8375053804037088,0.0,0.0
7993,8,14,1,M,1,0.10643811715287395,0.15060060883132018,0.1,0.15060060883132018,0.003366320200567305,0.08118295458386696,0.10869298398447151,0.14375815791451554,0.0,0.0
7994,8,14,1,M,2,0.694534501032773,0.7947591237673968,0.36,0.7947591237673968,0.0035069574302615536,0.08118295458386696,0.700492465777234,0.7987315264692761,0.0,0.0
7995,8,14,1,M,3,0.29617376832391334,0.2612319870923774,0.24,0.2612319870923774,0.008770704206193011,0.08118295458386696,0.28946628332931457,0.27062696408164166,0.0,0.0
7996,8,15,1,M,0,0.9027371507438868,0.8375053804037088,0.88,0.8375053804037088,0.002678698180338543,0.08118295458386696,0.9053171014099649,0.836426350301488,0.0,0.0
7997,8,15,1,M,1,0.10869298398447151,0.14375815791451554,0.1,0.14375815791451554,0.0029325473178215267,0.08118295458386696,0.1129530857846667,0.13680995331840362,0.0,0.0
7998,8,15,1,M,2,0.700492465777234,0.7987315264692761,0.36,0.7987315264692761,0.0035069574302615536,0.08118295458386696,0.7040908054893401,0.8017414334475841,0.0,0.0
7999,8,15,1,M,3,0.28946628332931457,0.27062696408164166,0.24,0.27062696408164166,0.008770704206193011,0.08118295458386696,0.2826440087298684,0.2813390562703395,0.0,0.0
8000,8,16,1,M,0,0.9053171014099649,0.836426350301488,0.88,0.836426350301488,0.002678698180338543,0.08118295458386696,0.9070580166300738,0.8352056463051768,0.0,0.0
8001,8,16,1,M,1,0.1129530857846667,0.13680995331840362,0.12,0.13680995331840362,0.002665362250372255,0.08118295458386696,0.11811647967357829,0.13031657725659718,0.0,0.0
8002,8,16,1,M,2,0.7040908054893401,0.8017414334475841,0.38,0.8017414334475841,0.0031500644024599345,0.08118295458386696,0.7064047007190503,0.8043368831599423,0.0,0.0
8003,8,16,1,M,3,0.2826440087298684,0.2813390562703395,0.24,0.2813390562703395,0.008770704206193011,0.08118295458386696,0.2752191445941522,0.29169675559250247,0.0,0.0
8004,8,17,1,M,0,0.9070580166300738,0.8352056463051768,0.88,0.8352056463051768,0.002678698180338543,0.08118295458386696,0.9082238666492879,0.8343222323377201,0.0,0.0
8005,8,17,1,M,1,0.11811647967357829,0.13031657725659718,0.12,0.13031657725659718,0.002665362250372255,0.08118295458386696,0.12463335954409487,0.12525137892706417,0.0,0.0
8006,8,17,1,M,2,0.7064047007190503,0.8043368831599423,0.36,0.8043368831599423,0.002981308190160681,0.08118295458386696,0.7079664153042818,0.8060642285462963,0.0,0.0
8007,8,17,1,M,3,0.2752191445941522,0.29169675559250247,0.24,0.29169675559250247,0.008770704206193011,0.08118295458386696,0.26825733519689815,0.30286029428385786,0.0,0.0
8008,8,18,1,M,0,0.9082238666492879,0.8343222323377201,0.88,0.8343222323377201,0.002678698180338543,0.08118295458386696,0.9087234093343021,0.8331525734667903,0.0,0.0
8009,8,18,1,M,1,0.12463335954409487,0.12525137892706417,0.12,0.12525137892706417,0.002665362250372255,0.08118295458386696,0.13260828268401054,0.11882656698646146,0.0,0.0
8010,8,18,1,M,2,0.7079664153042818,0.8060642285462963,0.38,0.8060642285462963,0.002740652924147352,0.08118295458386696,0.7084132551798613,0.8077963884292299,0.0,0.0
8011,8,18,1,M,3,0.26825733519689815,0.30286029428385786,0.24,0.30286029428385786,0.008770704206193011,0.08118295458386696,0.2569396451084957,0.3142523528094317,0.0,0.0
8012,8,19,1,M,0,0.9087234093343021,0.8331525734667903,0.88,0.8331525734667903,0.002678698180338543,0.08118295458386696,0.9092096668159243,0.8325891297530607,0.0,0.0
8013,8,19,1,M,1,0.13260828268401054,0.11882656698646146,0.12,0.11882656698646146,0.002665362250372255,0.08118295458386696,0.1415485494597722,0.11419382225041752,0.0,0.0
8014,8,19,1,M,2,0.7084132551798613,0.8077963884292299,0.38,0.8077963884292299,0.002740652924147352,0.08118295458386696,0.7091132102302309,0.8086024424684435,0.0,0.0
8015,8,19,1,M,3,0.2569396451084957,0.3142523528094317,0.24,0.3142523528094317,0.008770704206193011,0.08118295458386696,0.24512133586771487,0.3258444932849625,0.0,0.0
8016,8,20,1,M,0,0.9092096668159243,0.8325891297530607,0.88,0.8325891297530607,0.002678698180338543,0.08118295458386696,0.909212279000803,0.8326033177501477,0.0,0.0
8017,8,20,1,M,1,0.1415485494597722,0.11419382225041752,0.12,0.11419382225041752,0.002665362250372255,0.08118295458386696,0.1487181525890874,0.11043120844731098,0.0,0.0
8018,8,20,1,M,2,0.7091132102302309,0.8086024424684435,0.36,0.8086024424684435,0.0025637522902979965,0.08118295458386696,0.7092143212573736,0.8085014808381171,0.0,0.0
8019,8,20,1,M,3,0.24512133586771487,0.3258444932849625,0.24,0.3258444932849625,0.008770704206193011,0.08118295458386696,0.2339901129830153,0.33282227474529075,0.0,0.0
8020,8,21,1,M,0,0.909212279000803,0.8326033177501477,0.88,0.8326033177501477,0.002678698180338543,0.08118295458386696,0.9092120629650116,0.832614306539262,0.0,0.0
8021,8,21,1,M,1,0.1487181525890874,0.11043120844731098,0.12,0.11043120844731098,0.002665362250372255,0.08118295458386696,0.15450668673705723,0.10851300249242525,0.0,0.0
8022,8,21,1,M,2,0.7092143212573736,0.8085014808381171,0.36,0.8085014808381171,0.0025637522902979965,0.08118295458386696,0.7093093906803061,0.808514825292012,0.0,0.0
8023,8,21,1,M,3,0.2339901129830153,0.33282227474529075,0.24,0.33282227474529075,0.008770704206193011,0.08118295458386696,0.22530778240994992,0.33775695142653966,0.0,0.0
8024,8,22,1,M,0,0.9092120629650116,0.832614306539262,0.88,0.832614306539262,0.002678698180338543,0.08118295458386696,0.9092182549355241,0.8325889079050801,0.0,0.0
8025,8,22,1,M,1,0.15450668673705723,0.10851300249242525,0.12,0.10851300249242525,0.002665362250372255,0.08118295458386696,0.1582833282214941,0.10817942162124242,0.0,0.0
8026,8,22,1,M,2,0.7093093906803061,0.808514825292012,0.36,0.808514825292012,0.0025637522902979965,0.08118295458386696,0.7093607711281331,0.8082279331317862,0.0,0.0
8027,8,22,1,M,3,0.22530778240994992,0.33775695142653966,0.24,0.33775695142653966,0.008770704206193011,0.08118295458386696,0.21962418723238814,0.3412967301200488,0.0,0.0
8028,8,23,1,M,0,0.9092182549355241,0.8325889079050801,0.88,0.8325889079050801,0.002678698180338543,0.08118295458386696,0.9092107396389766,0.8326230263343826,0.0,0.0
8029,8,23,1,M,1,0.1582833282214941,0.10817942162124242,0.12,0.10817942162124242,0.002665362250372255,0.08118295458386696,0.16066304631790668,0.10762736157208302,0.0,0.0
8030,8,23,1,M,2,0.7093607711281331,0.8082279331317862,0.36,0.8082279331317862,0.0025637522902979965,0.08118295458386696,0.7092830815503477,0.8080584504893488,0.0,0.0
8031,8,23,1,M,3,0.21962418723238814,0.3412967301200488,0.24,0.3412967301200488,0.008770704206193011,0.08118295458386696,0.21565038802324965,0.34254133057231423,0.0,0.0
8032,8,24,2,M,0,0.9092107396389766,0.8326230263343826,0.88,0.8326230263343826,0.002678698180338543,0.08118295458386696,0.9092107396389765,0.8326230263343825,0.0,0.0
8033,8,24,2,M,1,0.16066304631790668,0.10762736157208302,0.12,0.10762736157208302,0.002665362250372255,0.08118295458386696,0.16213769331215896,0.10738624754447446,0.0,0.0
8034,8,24,2,M,2,0.7092830815503477,0.8080584504893488,0.36,0.8080584504893488,0.0025637522902979965,0.08118295458386696,0.7092858781837469,0.8076357762445532,0.0,0.0
8035,8,24,2,M,3,0.21565038802324965,0.34254133057231423,0.24,0.34254133057231423,0.008770704206193011,0.08118295458386696,0.2128354912485345,0.34334500992220607,0.0,0.0
8036,8,25,2,M,0,0.9092107396389765,0.8326230263343825,0.88,0.8326230263343825,0.0026502074375587825,0.08118295458386696,0.9092205682952587,0.8334767630363087,0.0,0.0
8037,8,25,2,M,1,0.16213769331215896,0.10738624754447446,0.12,0.10738624754447446,0.0025382337372636954,0.08118295458386696,0.16318560444665317,0.10723150077368142,0.0,0.0
8038,8,25,2,M,2,0.7092858781837469,0.8076357762445532,0.86,0.8076357762445532,0.002531535224188336,0.08118295458386696,0.7050093659721655,0.8072453098748998,0.0,0.0
8039,8,25,2,M,3,0.24,0.5,0.12,0.5,0.0025382337372636815,0.08118295458386696,0.20828195876708047,0.3183226127984993,1.0,1.0
8040,8,26,2,M,0,0.9092205682952587,0.8334767630363087,0.88,0.8334767630363087,0.0026502074375587825,0.08118295458386696,0.908648240848996,0.8336996970804382,0.0,0.0
8041,8,26,2,M,1,0.16318560444665317,0.10723150077368142,0.12,0.10723150077368142,0.0025382337372636954,0.08118295458386696,0.16248501362146656,0.10148867000860722,0.0,0.0
8042,8,26,2,M,2,0.7050093659721655,0.8072453098748998,0.86,0.8072453098748998,0.002531535224188336,0.08118295458386696,0.7038746347007563,0.8066174376434595,0.0,0.0
8043,8,26,2,M,3,0.20828195876708047,0.3183226127984993,0.12,0.3183226127984993,0.0025382337372636815,0.08118295458386696,0.20542220847515794,0.3094004457057319,0.0,0.0
8044,8,27,2,M,0,0.908648240848996,0.8336996970804382,0.88,0.8336996970804382,0.0026502074375587825,0.08118295458386696,0.9083252597669916,0.833299938702395,0.0,0.0
8045,8,27,2,M,1,0.16248501362146656,0.10148867000860722,0.12,0.10148867000860722,0.0025382337372636954,0.08118295458386696,0.16276856673599166,0.09810522139029526,0.0,0.0
8046,8,27,2,M,2,0.7038746347007563,0.8066174376434595,0.86,0.8066174376434595,0.002531535224188336,0.08118295458386696,0.702932593606305,0.8070410209163037,0.0,0.0
8047,8,27,2,M,3,0.20542220847515794,0.3094004457057319,0.12,0.3094004457057319,0.0025382337372636815,0.08118295458386696,0.2029558117770605,0.3045802802582876,0.0,0.0
8048,8,28,2,M,0,0.9083252597669916,0.833299938702395,0.88,0.833299938702395,0.0026502074375587825,0.08118295458386696,0.9082639124408444,0.8330525420413323,0.0,0.0
8049,8,28,2,M,1,0.16276856673599166,0.09810522139029526,0.12,0.09810522139029526,0.0025382337372636954,0.08118295458386696,0.16261379542037888,0.0960846394591932,0.0,0.0
8050,8,28,2,M,2,0.702932593606305,0.8070410209163037,0.86,0.8070410209163037,0.002531535224188336,0.08118295458386696,0.7027603316379076,0.8073525754161278,0.0,0.0
8051,8,28,2,M,3,0.2029558117770605,0.3045802802582876,0.12,0.3045802802582876,0.0025382337372636815,0.08118295458386696,0.2020534674958463,0.3017893751127713,0.0,0.0
8052,8,29,2,M,0,0.9082639124408444,0.8330525420413323,0.88,0.8330525420413323,0.0026502074375587825,0.08118295458386696,0.9082639124408443,0.8330525420413322,0.0,0.0
8053,8,29,2,M,1,0.16261379542037888,0.0960846394591932,0.12,0.0960846394591932,0.0025382337372636954,0.08118295458386696,0.16304284892169757,0.09499546170920062,0.0,0.0
8054,8,29,2,M,2,0.7027603316379076,0.8073525754161278,0.86,0.8073525754161278,0.002531535224188336,0.08118295458386696,0.7027603316379075,0.8073525754161278,0.0,0.0
8055,8,29,2,M,3,0.2020534674958463,0.3017893751127713,0.12,0.3017893751127713,0.0025382337372636815,0.08118295458386696,0.20087954085652732,0.3005615722776163,0.0,0.0
8056,8,30,2,M,0,0.9082639124408443,0.8330525420413322,0.88,0.8330525420413322,0.0026502074375587825,0.08118295458386696,0.9082639124408444,0.8330525420413322,0.0,0.0
8057,8,30,2,M,1,0.16304284892169757,0.09499546170920062,0.12,0.09499546170920062,0.0025382337372636954,0.08118295458386696,0.16252114421394592,0.09468774590683769,0.0,0.0
8058,8,30,2,M,2,0.7027603316379075,0.8073525754161278,0.86,0.8073525754161278,0.002531535224188336,0.08118295458386696,0.7027603316379076,0.8073525754161279,0.0,0.0
8059,8,30,2,M,3,0.20087954085652732,0.3005615722776163,0.12,0.3005615722776163,0.0025382337372636815,0.08118295458386696,0.20143077023293818,0.29987336778806595,0.0,0.0
8060,8,31,2,M,0,0.9082639124408444,0.8330525420413322,0.88,0.8330525420413322,0.0026502074375587825,0.08118295458386696,0.9082639124408444,0.8330525420413322,0.0,0.0
8061,8,31,2,M,1,0.16252114421394592,0.09468774590683769,0.12,0.09468774590683769,0.0025382337372636954,0.08118295458386696,0.16221368702118394,0.09456824558114885,0.0,0.0
8062,8,31,2,M,2,0.7027603316379076,0.8073525754161279,0.86,0.8073525754161279,0.002531535224188336,0.08118295458386696,0.7027603316379076,0.8073525754161277,0.0,0.0
8063,8,31,2,M,3,0.20143077023293818,0.29987336778806595,0.12,0.29987336778806595,0.0025382337372636815,0.08118295458386696,0.2017827081622629,0.29954907807873127,0.0,0.0
8064,8,32,2,M,0,0.9082639124408444,0.8330525420413322,0.88,0.8330525420413322,0.0026502074375587825,0.08118295458386696,0.9082639124408443,0.8330525420413322,0.0,0.0
8065,8,32,2,M,1,0.16221368702118394,0.09456824558114885,0.12,0.09456824558114885,0.0025382337372636954,0.08118295458386696,0.1620479479794599,0.09454669379759739,0.0,0.0
8066,8,32,2,M,2,0.7027603316379076,0.8073525754161277,0.86,0.8073525754161277,0.002531535224188336,0.08118295458386696,0.7026771574574465,0.8073752402427016,0.0,0.0
8067,8,32,2,M,3,0.2017827081622629,0.29954907807873127,0.12,0.29954907807873127,0.0025382337372636815,0.08118295458386696,0.20201858944275955,0.29934666340323035,0.0,0.0
8068,8,33,2,M,0,0.9082639124408443,0.8330525420413322,0.88,0.8330525420413322,0.0026502074375587825,0.08118295458386696,0.9082639124408444,0.8330525420413322,0.0,0.0
8069,8,33,2,M,1,0.1620479479794599,0.09454669379759739,0.12,0.09454669379759739,0.0025382337372636954,0.08118295458386696,0.1621611849377367,0.09455088930612612,0.0,0.0
8070,8,33,2,M,2,0.7026771574574465,0.8073752402427016,0.86,0.8073752402427016,0.002531535224188336,0.08118295458386696,0.702707204531674,0.8073683199385479,0.0,0.0
8071,8,33,2,M,3,0.20201858944275955,0.29934666340323035,0.12,0.29934666340323035,0.0025382337372636815,0.08118295458386696,0.20186105660210216,0.2994443655361808,0.0,0.0
8072,8,34,2,M,0,0.9082639124408444,0.8330525420413322,0.88,0.8330525420413322,0.0026502074375587825,0.08118295458386696,0.9082639124408443,0.8330525420413322,0.0,0.0
8073,8,34,2,M,1,0.1621611849377367,0.09455088930612612,0.12,0.09455088930612612,0.0025382337372636954,0.08118295458386696,0.1621075768451555,0.09455032519926111,0.0,0.0
8074,8,34,2,M,2,0.702707204531674,0.8073683199385479,0.86,0.8073683199385479,0.002531535224188336,0.08118295458386696,0.702707204531674,0.8073683199385479,0.0,0.0
8075,8,34,2,M,3,0.20186105660210216,0.2994443655361808,0.12,0.2994443655361808,0.0025382337372636815,0.08118295458386696,0.20193285465417474,0.29941441667478796,0.0,0.0
8076,8,35,2,M,0,0.9082639124408443,0.8330525420413322,0.88,0.8330525420413322,0.0026502074375587825,0.08118295458386696,0.9082639124408443,0.8330525420413321,0.0,0.0
8077,8,35,2,M,1,0.1621075768451555,0.09455032519926111,0.12,0.09455032519926111,0.0025382337372636954,0.08118295458386696,0.16210757684515553,0.09455032519926113,0.0,0.0
8078,8,35,2,M,2,0.702707204531674,0.8073683199385479,0.86,0.8073683199385479,0.002531535224188336,0.08118295458386696,0.702707204531674,0.8073683199385477,0.0,0.0
8079,8,35,2,M,3,0.20193285465417474,0.29941441667478796,0.12,0.29941441667478796,0.0025382337372636815,0.08118295458386696,0.2019328546541747,0.2994144166747879,0.0,0.0
8080,8,36,2,M,0,0.9082639124408443,0.8330525420413321,0.88,0.8330525420413321,0.0026502074375587825,0.08118295458386696,0.9082639124408444,0.8330525420413323,0.0,0.0
8081,8,36,2,M,1,0.16210757684515553,0.09455032519926113,0.12,0.09455032519926113,0.0025382337372636954,0.08118295458386696,0.16210757684515553,0.09455032519926113,0.0,0.0
8082,8,36,2,M,2,0.702707204531674,0.8073683199385477,0.86,0.8073683199385477,0.002531535224188336,0.08118295458386696,0.7027072045316741,0.8073683199385479,0.0,0.0
8083,8,36,2,M,3,0.2019328546541747,0.2994144166747879,0.12,0.2994144166747879,0.0025382337372636815,0.08118295458386696,0.20193285465417476,0.299414416674788,0.0,0.0
8084,8,37,2,M,0,0.9082639124408444,0.8330525420413323,0.88,0.8330525420413323,0.0026502074375587825,0.08118295458386696,0.9082639124408443,0.8330525420413321,0.0,0.0
8085,8,37,2,M,1,0.16210757684515553,0.09455032519926113,0.12,0.09455032519926113,0.0025382337372636954,0.08118295458386696,0.1621075768451555,0.09455032519926111,0.0,0.0
8086,8,37,2,M,2,0.7027072045316741,0.8073683199385479,0.86,0.8073683199385479,0.002531535224188336,0.08118295458386696,0.7027072045316741,0.8073683199385479,0.0,0.0
8087,8,37,2,M,3,0.20193285465417476,0.299414416674788,0.12,0.299414416674788,0.0025382337372636815,0.08118295458386696,0.20193285465417476,0.29941441667478796,0.0,0.0
8088,8,38,2,M,0,0.9082639124408443,0.8330525420413321,0.88,0.8330525420413321,0.0026502074375587825,0.08118295458386696,0.9082639124408444,0.8330525420413323,0.0,0.0
8089,8,38,2,M,1,0.1621075768451555,0.09455032519926111,0.12,0.09455032519926111,0.0025382337372636954,0.08118295458386696,0.1621075768451555,0.09455032519926111,0.0,0.0
8090,8,38,2,M,2,0.7027072045316741,0.8073683199385479,0.86,0.8073683199385479,0.002531535224188336,0.08118295458386696,0.702707204531674,0.8073683199385477,0.0,0.0
8091,8,38,2,M,3,0.20193285465417476,0.29941441667478796,0.12,0.29941441667478796,0.0025382337372636815,0.08118295458386696,0.20193285465417474,0.29941441667478796,0.0,0.0
8092,8,39,2,M,0,0.9082639124408444,0.8330525420413323,0.88,0.8330525420413323,0.0026502074375587825,0.08118295458386696,0.9082639124408443,0.8330525420413322,0.0,0.0
8093,8,39,2,M,1,0.1621075768451555,0.09455032519926111,0.12,0.09455032519926111,0.0025382337372636954,0.08118295458386696,0.16210757684515553,0.09455032519926113,0.0,0.0
8094,8,39,2,M,2,0.702707204531674,0.8073683199385477,0.86,0.8073683199385477,0.002531535224188336,0.08118295458386696,0.702707204531674,0.8073683199385477,0.0,0.0
8095,8,39,2,M,3,0.20193285465417474,0.29941441667478796,0.12,0.29941441667478796,0.0025382337372636815,0.08118295458386696,0.2019328546541747,0.29941441667478796,0.0,0.0
8096,8,40,2,M,0,0.9082639124408443,0.8330525420413322,0.88,0.8330525420413322,0.0026502074375587825,0.08118295458386696,0.9082639124408443,0.8330525420413322,0.0,0.0
8097,8,40,2,M,1,0.16210757684515553,0.09455032519926113,0.12,0.09455032519926113,0.0025382337372636954,0.08118295458386696,0.16210757684515548,0.0945503251992611,0.0,0.0
8098,8,40,2,M,2,0.702707204531674,0.8073683199385477,0.86,0.8073683199385477,0.002531535224188336,0.08118295458386696,0.7027072045316741,0.8073683199385479,0.0,0.0
8099,8,40,2,M,3,0.2019328546541747,0.29941441667478796,0.12,0.29941441667478796,0.0025382337372636815,0.08118295458386696,0.20193285465417476,0.29941441667478796,0.0,0.0
8100,8,41,2,M,0,0.9082639124408443,0.8330525420413322,0.88,0.8330525420413322,0.0026502074375587825,0.08118295458386696,0.9082639124408443,0.8330525420413322,0.0,0.0
8101,8,41,2,M,1,0.16210757684515548,0.0945503251992611,0.12,0.0945503251992611,0.0025382337372636954,0.08118295458386696,0.16210757684515548,0.0945503251992611,0.0,0.0
8102,8,41,2,M,2,0.7027072045316741,0.8073683199385479,0.86,0.8073683199385479,0.002531535224188336,0.08118295458386696,0.7027072045316741,0.8073683199385479,0.0,0.0
8103,8,41,2,M,3,0.20193285465417476,0.29941441667478796,0.12,0.29941441667478796,0.0025382337372636815,0.08118295458386696,0.20193285465417474,0.299414416674788,0.0,0.0
8104,8,42,2,M,0,0.9082639124408443,0.8330525420413322,0.88,0.8330525420413322,0.0026502074375587825,0.08118295458386696,0.9082639124408443,0.8330525420413321,0.0,0.0
8105,8,42,2,M,1,0.16210757684515548,0.0945503251992611,0.12,0.0945503251992611,0.0025382337372636954,0.08118295458386696,0.16210757684515553,0.09455032519926111,0.0,0.0
8106,8,42,2,M,2,0.7027072045316741,0.8073683199385479,0.86,0.8073683199385479,0.002531535224188336,0.08118295458386696,0.7027072045316741,0.8073683199385479,0.0,0.0
8107,8,42,2,M,3,0.20193285465417474,0.299414416674788,0.12,0.299414416674788,0.0025382337372636815,0.08118295458386696,0.20193285465417474,0.299414416674788,0.0,0.0
8108,8,43,2,M,0,0.9082639124408443,0.8330525420413321,0.88,0.8330525420413321,0.0026502074375587825,0.08118295458386696,0.9082639124408444,0.8330525420413323,0.0,0.0
8109,8,43,2,M,1,0.16210757684515553,0.09455032519926111,0.12,0.09455032519926111,0.0025382337372636954,0.08118295458386696,0.16210757684515548,0.0945503251992611,0.0,0.0
8110,8,43,2,M,2,0.7027072045316741,0.8073683199385479,0.86,0.8073683199385479,0.002531535224188336,0.08118295458386696,0.702707204531674,0.8073683199385477,0.0,0.0
8111,8,43,2,M,3,0.20193285465417474,0.299414416674788,0.12,0.299414416674788,0.0025382337372636815,0.08118295458386696,0.2019328546541747,0.2994144166747879,0.0,0.0
8112,8,44,2,M,0,0.9082639124408444,0.8330525420413323,0.88,0.8330525420413323,0.0026502074375587825,0.08118295458386696,0.9082639124408444,0.8330525420413322,0.0,0.0
8113,8,44,2,M,1,0.16210757684515548,0.0945503251992611,0.12,0.0945503251992611,0.0025382337372636954,0.08118295458386696,0.1621075768451555,0.09455032519926111,0.0,0.0
8114,8,44,2,M,2,0.702707204531674,0.8073683199385477,0.86,0.8073683199385477,0.002531535224188336,0.08118295458386696,0.702707204531674,0.8073683199385476,0.0,0.0
8115,8,44,2,M,3,0.2019328546541747,0.2994144166747879,0.12,0.2994144166747879,0.0025382337372636815,0.08118295458386696,0.2019328546541747,0.2994144166747879,0.0,0.0
8116,8,45,2,M,0,0.9082639124408444,0.8330525420413322,0.88,0.8330525420413322,0.0026502074375587825,0.08118295458386696,0.9082639124408443,0.8330525420413322,0.0,0.0
8117,8,45,2,M,1,0.1621075768451555,0.09455032519926111,0.12,0.09455032519926111,0.0025382337372636954,0.08118295458386696,0.1621075768451555,0.09455032519926111,0.0,0.0
8118,8,45,2,M,2,0.702707204531674,0.8073683199385476,0.86,0.8073683199385476,0.002531535224188336,0.08118295458386696,0.702707204531674,0.8073683199385479,0.0,0.0
8119,8,45,2,M,3,0.2019328546541747,0.2994144166747879,0.12,0.2994144166747879,0.0025382337372636815,0.08118295458386696,0.20193285465417476,0.299414416674788,0.0,0.0
8120,8,46,2,M,0,0.9082639124408443,0.8330525420413322,0.88,0.8330525420413322,0.0026502074375587825,0.08118295458386696,0.9082639124408443,0.8330525420413322,0.0,0.0
8121,8,46,2,M,1,0.1621075768451555,0.09455032519926111,0.12,0.09455032519926111,0.0025382337372636954,0.08118295458386696,0.1621075768451555,0.09455032519926111,0.0,0.0
8122,8,46,2,M,2,0.702707204531674,0.8073683199385479,0.86,0.8073683199385479,0.002531535224188336,0.08118295458386696,0.7027072045316741,0.8073683199385479,0.0,0.0
8123,8,46,2,M,3,0.20193285465417476,0.299414416674788,0.12,0.299414416674788,0.0025382337372636815,0.08118295458386696,0.2019328546541747,0.2994144166747879,0.0,0.0
8124,8,47,2,M,0,0.9082639124408443,0.8330525420413322,0.88,0.8330525420413322,0.0026502074375587825,0.08118295458386696,0.9082639124408444,0.8330525420413323,0.0,0.0
8125,8,47,2,M,1,0.1621075768451555,0.09455032519926111,0.12,0.09455032519926111,0.0025382337372636954,0.08118295458386696,0.1621075768451555,0.09455032519926111,0.0,0.0
8126,8,47,2,M,2,0.7027072045316741,0.8073683199385479,0.86,0.8073683199385479,0.002531535224188336,0.08118295458386696,0.702707204531674,0.8073683199385476,0.0,0.0
8127,8,47,2,M,3,0.2019328546541747,0.2994144166747879,0.12,0.2994144166747879,0.0025382337372636815,0.08118295458386696,0.20193285465417474,0.29941441667478796,0.0,0.0
8128,8,48,2,M,0,0.9082639124408444,0.8330525420413323,0.88,0.8330525420413323,0.0026502074375587825,0.08118295458386696,0.9082639124408443,0.8330525420413322,0.0,0.0
8129,8,48,2,M,1,0.1621075768451555,0.09455032519926111,0.12,0.09455032519926111,0.0025382337372636954,0.08118295458386696,0.16210757684515553,0.09455032519926113,0.0,0.0
8130,8,48,2,M,2,0.702707204531674,0.8073683199385476,0.86,0.8073683199385476,0.002531535224188336,0.08118295458386696,0.702707204531674,0.8073683199385477,0.0,0.0
8131,8,48,2,M,3,0.20193285465417474,0.29941441667478796,0.12,0.29941441667478796,0.0025382337372636815,0.08118295458386696,0.20193285465417474,0.29941441667478796,0.0,0.0
8132,8,49,2,M,0,0.9082639124408443,0.8330525420413322,0.88,0.8330525420413322,0.0026502074375587825,0.08118295458386696,0.9082639124408443,0.8330525420413322,0.0,0.0
8133,8,49,2,M,1,0.16210757684515553,0.09455032519926113,0.12,0.09455032519926113,0.0025382337372636954,0.08118295458386696,0.1621075768451555,0.09455032519926111,0.0,0.0
8134,8,49,2,M,2,0.702707204531674,0.8073683199385477,0.86,0.8073683199385477,0.002531535224188336,0.08118295458386696,0.7027072045316741,0.8073683199385479,0.0,0.0
8135,8,49,2,M,3,0.20193285465417474,0.29941441667478796,0.12,0.29941441667478796,0.0025382337372636815,0.08118295458386696,0.20193285465417476,0.29941441667478796,0.0,0.0
8136,8,50,2,M,0,0.9082639124408443,0.8330525420413322,0.88,0.8330525420413322,0.0026502074375587825,0.08118295458386696,0.9082639124408443,0.8330525420413321,0.0,0.0
8137,8,50,2,M,1,0.1621075768451555,0.09455032519926111,0.12,0.09455032519926111,0.0025382337372636954,0.08118295458386696,0.1621075768451555,0.09455032519926113,0.0,0.0
8138,8,50,2,M,2,0.7027072045316741,0.8073683199385479,0.86,0.8073683199385479,0.002531535224188336,0.08118295458386696,0.702707204531674,0.8073683199385477,0.0,0.0
8139,8,50,2,M,3,0.20193285465417476,0.29941441667478796,0.12,0.29941441667478796,0.0025382337372636815,0.08118295458386696,0.2019328546541747,0.29941441667478796,0.0,0.0
8140,8,51,2,M,0,0.9082639124408443,0.8330525420413321,0.88,0.8330525420413321,0.0026502074375587825,0.08118295458386696,0.9082639124408444,0.8330525420413323,0.0,0.0
8141,8,51,2,M,1,0.1621075768451555,0.09455032519926113,0.12,0.09455032519926113,0.0025382337372636954,0.08118295458386696,0.1621075768451555,0.09455032519926111,0.0,0.0
8142,8,51,2,M,2,0.702707204531674,0.8073683199385477,0.86,0.8073683199385477,0.002531535224188336,0.08118295458386696,0.7027072045316741,0.8073683199385479,0.0,0.0
8143,8,51,2,M,3,0.2019328546541747,0.29941441667478796,0.12,0.29941441667478796,0.0025382337372636815,0.08118295458386696,0.2019328546541747,0.29941441667478796,0.0,0.0
8144,8,52,2,M,0,0.9082639124408444,0.8330525420413323,0.88,0.8330525420413323,0.0026502074375587825,0.08118295458386696,0.9082639124408443,0.8330525420413322,0.0,0.0
8145,8,52,2,M,1,0.1621075768451555,0.09455032519926111,0.12,0.09455032519926111,0.0025382337372636954,0.08118295458386696,0.16210757684515548,0.0945503251992611,0.0,0.0
8146,8,52,2,M,2,0.7027072045316741,0.8073683199385479,0.86,0.8073683199385479,0.002531535224188336,0.08118295458386696,0.702707204531674,0.8073683199385476,0.0,0.0
8147,8,52,2,M,3,0.2019328546541747,0.29941441667478796,0.12,0.29941441667478796,0.0025382337372636815,0.08118295458386696,0.20193285465417474,0.29941441667478796,0.0,0.0
8148,8,53,2,M,0,0.9082639124408443,0.8330525420413322,0.88,0.8330525420413322,0.0026502074375587825,0.08118295458386696,0.9082639124408444,0.8330525420413323,0.0,0.0
8149,8,53,2,M,1,0.16210757684515548,0.0945503251992611,0.12,0.0945503251992611,0.0025382337372636954,0.08118295458386696,0.16210757684515548,0.0945503251992611,0.0,0.0
8150,8,53,2,M,2,0.702707204531674,0.8073683199385476,0.86,0.8073683199385476,0.002531535224188336,0.08118295458386696,0.702707204531674,0.8073683199385476,0.0,0.0
8151,8,53,2,M,3,0.20193285465417474,0.29941441667478796,0.12,0.29941441667478796,0.0025382337372636815,0.08118295458386696,0.20193285465417474,0.29941441667478796,0.0,0.0
8152,8,54,2,M,0,0.9082639124408444,0.8330525420413323,0.88,0.8330525420413323,0.0026502074375587825,0.08118295458386696,0.9082639124408444,0.8330525420413323,0.0,0.0
8153,8,54,2,M,1,0.16210757684515548,0.0945503251992611,0.12,0.0945503251992611,0.0025382337372636954,0.08118295458386696,0.16210757684515548,0.0945503251992611,0.0,0.0
8154,8,54,2,M,2,0.702707204531674,0.8073683199385476,0.86,0.8073683199385476,0.002531535224188336,0.08118295458386696,0.7027072045316741,0.8073683199385479,0.0,0.0
8155,8,54,2,M,3,0.20193285465417474,0.29941441667478796,0.12,0.29941441667478796,0.0025382337372636815,0.08118295458386696,0.2019328546541747,0.29941441667478796,0.0,0.0
8156,8,55,2,M,0,0.9082639124408444,0.8330525420413323,0.88,0.8330525420413323,0.0026502074375587825,0.08118295458386696,0.9082639124408444,0.8330525420413323,0.0,0.0
8157,8,55,2,M,1,0.16210757684515548,0.0945503251992611,0.12,0.0945503251992611,0.0025382337372636954,0.08118295458386696,0.1621075768451555,0.09455032519926111,0.0,0.0
8158,8,55,2,M,2,0.7027072045316741,0.8073683199385479,0.86,0.8073683199385479,0.002531535224188336,0.08118295458386696,0.702707204531674,0.8073683199385476,0.0,0.0
8159,8,55,2,M,3,0.2019328546541747,0.29941441667478796,0.12,0.29941441667478796,0.0025382337372636815,0.08118295458386696,0.2019328546541747,0.2994144166747879,0.0,0.0
8160,8,56,3,M,0,0.9082639124408444,0.8330525420413323,0.88,0.8330525420413323,0.0026502074375587825,0.08118295458386696,0.9082639124408444,0.8330525420413323,0.0,0.0
8161,8,56,3,M,1,0.1621075768451555,0.09455032519926111,0.12,0.09455032519926111,0.0025382337372636954,0.08118295458386696,0.1621075768451555,0.09455032519926111,0.0,0.0
8162,8,56,3,M,2,0.702707204531674,0.8073683199385476,0.86,0.8073683199385476,0.002531535224188336,0.08118295458386696,0.702707204531674,0.8073683199385477,0.0,0.0
8163,8,56,3,M,3,0.2019328546541747,0.2994144166747879,0.12,0.2994144166747879,0.0025382337372636815,0.08118295458386696,0.2019328546541747,0.2994144166747879,0.0,0.0
8164,8,57,3,M,0,0.9,0.9,0.9,0.9,0.0023483734767155845,0.08118295458386696,0.9060656788046176,0.8442010432856741,1.0,1.0
8165,8,57,3,M,1,0.62,0.1,0.38,0.1,0.002321222312397689,0.08118295458386696,0.16304029089291247,0.09499298755248202,1.0,1.0
8166,8,57,3,M,2,0.62,0.9,0.88,0.9,0.002203778066833584,0.08118295458386696,0.7044289562877216,0.8101027263351909,1.0,1.0
8167,8,57,3,M,3,0.1,0.62,0.88,0.62,0.0023663740217186313,0.08118295458386696,0.19859416746441214,0.3006899700654352,1.0,1.0
8168,8,58,3,M,0,0.88,0.38,0.9,0.38,0.001989253263538493,0.08118295458386696,0.90489767683495,0.8475021750194918,1.0,1.0
8169,8,58,3,M,1,0.36,0.1,0.12,0.1,0.0018778838748104987,0.08118295458386696,0.15730482325855255,0.09510456358647693,1.0,1.0
8170,8,58,3,M,2,0.36,0.9,0.9,0.9,0.0020906212099926075,0.08118295458386696,0.7077731914798522,0.8090951735859047,1.0,1.0
8171,8,58,3,M,3,0.1,0.38,0.88,0.38,0.0020795929303171062,0.08118295458386696,0.20709207876219965,0.2997607331906229,1.0,1.0
8172,8,59,3,M,0,0.88,0.62,1.0,0.62,0.0004922988269058376,0.08118295458386696,0.90648824749201,0.8412937868391412,1.0,1.0
8173,8,59,3,M,1,0.12,0.12,0.0,0.12,0.00048986355362933,0.08118295458386696,0.15475657482251612,0.09697244573099335,1.0,1.0
8174,8,59,3,M,2,0.12,0.9,0.62,0.9,0.0007649895292151931,0.08118295458386696,0.6957815929427682,0.8014624423397229,1.0,1.0
8175,8,59,3,M,3,0.9,0.1,0.62,0.1,0.0007614532063139751,0.08118295458386696,0.2090917641512734,0.3076823867508936,1.0,1.0
8176,8,60,3,M,0,0.90648824749201,0.8412937868391412,1.0,0.8412937868391412,0.0004922988269058376,0.08118295458386696,0.9036126788103966,0.8406644625470217,0.0,0.0
8177,8,60,3,M,1,0.15475657482251612,0.09697244573099335,0.0,0.09697244573099335,0.00048986355362933,0.08118295458386696,0.15478885080883112,0.09912157152242385,0.0,0.0
8178,8,60,3,M,2,0.6957815929427682,0.8014624423397229,0.62,0.8014624423397229,0.0007649895292151931,0.08118295458386696,0.6904277428324203,0.8004133794656454,0.0,0.0
8179,8,60,3,M,3,0.2090917641512734,0.3076823867508936,0.62,0.3076823867508936,0.0007614532063139751,0.08118295458386696,0.21079581226873764,0.31138111829330994,0.0,0.0
8180,8,61,3,M,0,0.9036126788103966,0.8406644625470217,1.0,0.8406644625470217,0.0004922988269058376,0.08118295458386696,0.9019503847212285,0.8396993828000607,0.0,0.0
8181,8,61,3,M,1,0.15478885080883112,0.09912157152242385,0.0,0.09912157152242385,0.00048986355362933,0.08118295458386696,0.15439844281589352,0.10074434751099794,0.0,0.0
8182,8,61,3,M,2,0.6904277428324203,0.8004133794656454,0.62,0.8004133794656454,0.0007649895292151931,0.08118295458386696,0.6864097309383768,0.8010189438659333,0.0,0.0
8183,8,61,3,M,3,0.21079581226873764,0.31138111829330994,0.62,0.31138111829330994,0.0007614532063139751,0.08118295458386696,0.2130733943734384,0.31333625930233727,0.0,0.0
8184,8,62,3,M,0,0.9019503847212285,0.8396993828000607,1.0,0.8396993828000607,0.0004922988269058376,0.08118295458386696,0.9006548340325127,0.8388461114539068,0.0,0.0
8185,8,62,3,M,1,0.15439844281589352,0.10074434751099794,0.0,0.10074434751099794,0.00048986355362933,0.08118295458386696,0.15401369746468155,0.10159855454810303,0.0,0.0
8186,8,62,3,M,2,0.6864097309383768,0.8010189438659333,0.62,0.8010189438659333,0.0007649895292151931,0.08118295458386696,0.6831768051626538,0.8018563716064302,0.0,0.0
8187,8,62,3,M,3,0.2130733943734384,0.31333625930233727,0.62,0.31333625930233727,0.0007614532063139751,0.08118295458386696,0.2147539209451805,0.31408683571694257,0.0,0.0
8188,8,63,3,M,0,0.9006548340325127,0.8388461114539068,1.0,0.8388461114539068,0.0004922988269058376,0.08118295458386696,0.9000281608801172,0.8377866156600843,0.0,0.0
8189,8,63,3,M,1,0.15401369746468155,0.10159855454810303,0.0,0.10159855454810303,0.00048986355362933,0.08118295458386696,0.1533061231543457,0.10267447022224538,0.0,0.0
8190,8,63,3,M,2,0.6831768051626538,0.8018563716064302,0.62,0.8018563716064302,0.0007649895292151931,0.08118295458386696,0.6810654451067298,0.8036888829489639,0.0,0.0
8191,8,63,3,M,3,0.2147539209451805,0.31408683571694257,0.62,0.31408683571694257,0.0007614532063139751,0.08118295458386696,0.21737304547294334,0.3149229964164498,0.0,0.0
8192,8,64,3,M,0,0.9000281608801172,0.8377866156600843,1.0,0.8377866156600843,0.0004922988269058376,0.08118295458386696,0.8998628200590438,0.8371000948556857,0.0,0.0
8193,8,64,3,M,1,0.1533061231543457,0.10267447022224538,0.0,0.10267447022224538,0.00048986355362933,0.08118295458386696,0.15228400378843507,0.10326739151909381,0.0,0.0
8194,8,64,3,M,2,0.6810654451067298,0.8036888829489639,0.62,0.8036888829489639,0.0007649895292151931,0.08118295458386696,0.6801798972183819,0.8055945606325099,0.0,0.0
8195,8,64,3,M,3,0.21737304547294334,0.3149229964164498,0.62,0.3149229964164498,0.0007614532063139751,0.08118295458386696,0.22044676838181754,0.3146687090877724,0.0,0.0
8196,8,65,3,M,0,0.8998628200590438,0.8371000948556857,1.0,0.8371000948556857,0.0004922988269058376,0.08118295458386696,0.8993668423586563,0.8362846863345321,0.0,0.0
8197,8,65,3,M,1,0.15228400378843507,0.10326739151909381,0.0,0.10326739151909381,0.00048986355362933,0.08118295458386696,0.15072644987447253,0.10349804835058428,0.0,0.0
8198,8,65,3,M,2,0.6801798972183819,0.8055945606325099,0.62,0.8055945606325099,0.0007649895292151931,0.08118295458386696,0.678774829199767,0.8074602028296323,0.0,0.0
8199,8,65,3,M,3,0.22044676838181754,0.3146687090877724,0.62,0.3146687090877724,0.0007614532063139751,0.08118295458386696,0.22378806064027,0.31335927367834304,0.0,0.0
8200,8,66,3,M,0,0.8993668423586563,0.8362846863345321,1.0,0.8362846863345321,0.0004922988269058376,0.08118295458386696,0.898945554289544,0.8355569911026671,0.0,0.0
8201,8,66,3,M,1,0.15072644987447253,0.10349804835058428,0.0,0.10349804835058428,0.00048986355362933,0.08118295458386696,0.1496967755009871,0.10349613842078352,0.0,0.0
8202,8,66,3,M,2,0.678774829199767,0.8074602028296323,0.62,0.8074602028296323,0.0007649895292151931,0.08118295458386696,0.6772548696550136,0.8092984355610665,0.0,0.0
8203,8,66,3,M,3,0.22378806064027,0.31335927367834304,0.62,0.31335927367834304,0.0007614532063139751,0.08118295458386696,0.22601242697187873,0.31189941020164413,0.0,0.0
8204,8,67,3,M,0,0.898945554289544,0.8355569911026671,1.0,0.8355569911026671,0.0004922988269058376,0.08118295458386696,0.8988211014656816,0.8350331924087064,0.0,0.0
8205,8,67,3,M,1,0.1496967755009871,0.10349613842078352,0.0,0.10349613842078352,0.00048986355362933,0.08118295458386696,0.14812465469063593,0.10390942274230706,0.0,0.0
8206,8,67,3,M,2,0.6772548696550136,0.8092984355610665,0.62,0.8092984355610665,0.0007649895292151931,0.08118295458386696,0.6765200681548051,0.8105854017387585,0.0,0.0
8207,8,67,3,M,3,0.22601242697187873,0.31189941020164413,0.62,0.31189941020164413,0.0007614532063139751,0.08118295458386696,0.22919795282500258,0.3104132905038222,0.0,0.0
8208,8,68,3,M,0,0.8988211014656816,0.8350331924087064,1.0,0.8350331924087064,0.0004922988269058376,0.08118295458386696,0.8984961223726176,0.8345540704650891,0.0,0.0
8209,8,68,3,M,1,0.14812465469063593,0.10390942274230706,0.0,0.10390942274230706,0.00048986355362933,0.08118295458386696,0.14599565241453097,0.10471709324252663,0.0,0.0
8210,8,68,3,M,2,0.6765200681548051,0.8105854017387585,0.62,0.8105854017387585,0.0007649895292151931,0.08118295458386696,0.6754328788359718,0.8118500036323124,0.0,0.0
8211,8,68,3,M,3,0.22919795282500258,0.3104132905038222,0.62,0.3104132905038222,0.0007614532063139751,0.08118295458386696,0.233760212310421,0.30865190343621257,0.0,0.0
8212,8,69,3,M,0,0.8984961223726176,0.8345540704650891,1.0,0.8345540704650891,0.0004922988269058376,0.08118295458386696,0.8981999250855182,0.8340752430767486,0.0,0.0
8213,8,69,3,M,1,0.14599565241453097,0.10471709324252663,0.0,0.10471709324252663,0.00048986355362933,0.08118295458386696,0.14403943695109056,0.10522385900594218,0.0,0.0
8214,8,69,3,M,2,0.6754328788359718,0.8118500036323124,0.62,0.8118500036323124,0.0007649895292151931,0.08118295458386696,0.6744220701578714,0.8133850730286666,0.0,0.0
8215,8,69,3,M,3,0.233760212310421,0.30865190343621257,0.62,0.30865190343621257,0.0007614532063139751,0.08118295458386696,0.23775068339553063,0.306530619956949,0.0,0.0
8216,8,70,3,M,0,0.8981999250855182,0.8340752430767486,1.0,0.8340752430767486,0.0004922988269058376,0.08118295458386696,0.8979610604556508,0.8335862054581252,0.0,0.0
8217,8,70,3,M,1,0.14403943695109056,0.10522385900594218,0.0,0.10522385900594218,0.00048986355362933,0.08118295458386696,0.14225477150326904,0.10626391527064605,0.0,0.0
8218,8,70,3,M,2,0.6744220701578714,0.8133850730286666,0.62,0.8133850730286666,0.0007649895292151931,0.08118295458386696,0.6734020677140068,0.8148886049374132,0.0,0.0
8219,8,70,3,M,3,0.23775068339553063,0.306530619956949,0.62,0.306530619956949,0.0007614532063139751,0.08118295458386696,0.24215278197779833,0.3050470204329349,0.0,0.0
8220,8,71,3,M,0,0.8979610604556508,0.8335862054581252,1.0,0.8335862054581252,0.0004922988269058376,0.08118295458386696,0.8977661194181323,0.8332709515176361,0.0,0.0
8221,8,71,3,M,1,0.14225477150326904,0.10626391527064605,0.0,0.10626391527064605,0.00048986355362933,0.08118295458386696,0.14078821422913929,0.10850734677986587,0.0,0.0
8222,8,71,3,M,2,0.6734020677140068,0.8148886049374132,0.62,0.8148886049374132,0.0007649895292151931,0.08118295458386696,0.6726902900133377,0.8161669496541338,0.0,0.0
8223,8,71,3,M,3,0.24215278197779833,0.3050470204329349,0.62,0.3050470204329349,0.0007614532063139751,0.08118295458386696,0.2482447498987639,0.30534454634487856,0.0,0.0
8224,8,72,3,M,0,0.8977661194181323,0.8332709515176361,1.0,0.8332709515176361,0.0004922988269058376,0.08118295458386696,0.8976111177130279,0.8330454719923283,0.0,0.0
8225,8,72,3,M,1,0.14078821422913929,0.10850734677986587,0.0,0.10850734677986587,0.00048986355362933,0.08118295458386696,0.13843074299632996,0.10959578197865183,0.0,0.0
8226,8,72,3,M,2,0.6726902900133377,0.8161669496541338,0.62,0.8161669496541338,0.0007649895292151931,0.08118295458386696,0.672434378575345,0.8175937341033145,0.0,0.0
8227,8,72,3,M,3,0.2482447498987639,0.30534454634487856,0.62,0.30534454634487856,0.0007614532063139751,0.08118295458386696,0.25356598686182596,0.3029090295817156,0.0,0.0
8228,8,73,3,M,0,0.8976111177130279,0.8330454719923283,1.0,0.8330454719923283,0.0004922988269058376,0.08118295458386696,0.8974806480524615,0.8327980449579966,0.0,0.0
8229,8,73,3,M,1,0.13843074299632996,0.10959578197865183,0.0,0.10959578197865183,0.00048986355362933,0.08118295458386696,0.13643989940009674,0.11058835632493974,0.0,0.0
8230,8,73,3,M,2,0.672434378575345,0.8175937341033145,0.62,0.8175937341033145,0.0007649895292151931,0.08118295458386696,0.6717990607189195,0.8187291854952925,0.0,0.0
8231,8,73,3,M,3,0.25356598686182596,0.3029090295817156,0.62,0.3029090295817156,0.0007614532063139751,0.08118295458386696,0.2579207556663507,0.3003254039135835,0.0,0.0
8232,8,74,3,M,0,0.8974806480524615,0.8327980449579966,1.0,0.8327980449579966,0.0004922988269058376,0.08118295458386696,0.8978742645508668,0.8321089325056685,0.0,0.0
8233,8,74,3,M,1,0.13643989940009674,0.11058835632493974,0.0,0.11058835632493974,0.00048986355362933,0.08118295458386696,0.13381735130177178,0.11203104410743314,0.0,0.0
8234,8,74,3,M,2,0.6717990607189195,0.8187291854952925,0.62,0.8187291854952925,0.0007649895292151931,0.08118295458386696,0.6720333975356391,0.8206432613682549,0.0,0.0
8235,8,74,3,M,3,0.2579207556663507,0.3003254039135835,0.62,0.3003254039135835,0.0007614532063139751,0.08118295458386696,0.2632138587622015,0.29665174689434093,0.0,0.0
8236,8,75,3,M,0,0.8978742645508668,0.8321089325056685,1.0,0.8321089325056685,0.0004922988269058376,0.08118295458386696,0.8983356514102506,0.8315592867039283,0.0,0.0
8237,8,75,3,M,1,0.13381735130177178,0.11203104410743314,0.0,0.11203104410743314,0.00048986355362933,0.08118295458386696,0.1313219615185886,0.11358325818854226,0.0,0.0
8238,8,75,3,M,2,0.6720333975356391,0.8206432613682549,0.62,0.8206432613682549,0.0007649895292151931,0.08118295458386696,0.6727929738418363,0.8227380890903702,0.0,0.0
8239,8,75,3,M,3,0.2632138587622015,0.29665174689434093,0.62,0.29665174689434093,0.0007614532063139751,0.08118295458386696,0.2686859123044067,0.293299900980259,0.0,0.0
8240,8,76,3,M,0,0.8983356514102506,0.8315592867039283,1.0,0.8315592867039283,0.0004922988269058376,0.08118295458386696,0.8993148265746314,0.8302387401622984,0.0,0.0
8241,8,76,3,M,1,0.1313219615185886,0.11358325818854226,0.0,0.11358325818854226,0.00048986355362933,0.08118295458386696,0.12920019269203142,0.11508588229612501,0.0,0.0
8242,8,76,3,M,2,0.6727929738418363,0.8227380890903702,0.62,0.8227380890903702,0.0007649895292151931,0.08118295458386696,0.6742578119739728,0.8262865335292858,0.0,0.0
8243,8,76,3,M,3,0.2686859123044067,0.293299900980259,0.62,0.293299900980259,0.0007614532063139751,0.08118295458386696,0.2734967730942842,0.29007745152765674,0.0,0.0
8244,8,77,3,M,0,0.8993148265746314,0.8302387401622984,1.0,0.8302387401622984,0.0004922988269058376,0.08118295458386696,0.9002056783662519,0.8286701695542057,0.0,0.0
8245,8,77,3,M,1,0.12920019269203142,0.11508588229612501,0.0,0.11508588229612501,0.00048986355362933,0.08118295458386696,0.12720671100530773,0.1171870076883871,0.0,0.0
8246,8,77,3,M,2,0.6742578119739728,0.8262865335292858,0.62,0.8262865335292858,0.0007649895292151931,0.08118295458386696,0.675650201124248,0.8301067390635423,0.0,0.0
8247,8,77,3,M,3,0.2734967730942842,0.29007745152765674,0.62,0.29007745152765674,0.0007614532063139751,0.08118295458386696,0.2791385230657996,0.28712321102396526,0.0,0.0
8248,8,78,3,M,0,0.9002056783662519,0.8286701695542057,1.0,0.8286701695542057,0.0004922988269058376,0.08118295458386696,0.9002056869778146,0.8286964913919515,0.0,0.0
8249,8,78,3,M,1,0.12720671100530773,0.1171870076883871,0.0,0.1171870076883871,0.00048986355362933,0.08118295458386696,0.12493185480363682,0.11947180167191973,0.0,0.0
8250,8,78,3,M,2,0.675650201124248,0.8301067390635423,0.62,0.8301067390635423,0.0007649895292151931,0.08118295458386696,0.6756371507187674,0.8307622331928932,0.0,0.0
8251,8,78,3,M,3,0.2791385230657996,0.28712321102396526,0.62,0.28712321102396526,0.0007614532063139751,0.08118295458386696,0.2850012887689087,0.28349657620810315,0.0,0.0
8252,8,79,3,M,0,0.9002056869778146,0.8286964913919515,1.0,0.8286964913919515,0.0004922988269058376,0.08118295458386696,0.9002076501114673,0.8288457186202584,0.0,0.0
8253,8,79,3,M,1,0.12493185480363682,0.11947180167191973,0.0,0.11947180167191973,0.00048986355362933,0.08118295458386696,0.12317075129480128,0.1232409130708239,0.0,0.0
8254,8,79,3,M,2,0.6756371507187674,0.8307622331928932,0.62,0.8307622331928932,0.0007649895292151931,0.08118295458386696,0.6754605502517033,0.8312297820760832,0.0,0.0
8255,8,79,3,M,3,0.2850012887689087,0.28349657620810315,0.62,0.28349657620810315,0.0007614532063139751,0.08118295458386696,0.2939144987921653,0.28021558551416326,0.0,0.0
8256,8,80,3,M,0,0.9002076501114673,0.8288457186202584,1.0,0.8288457186202584,0.0004922988269058376,0.08118295458386696,0.9002075597969214,0.8290253829311115,0.0,0.0
8257,8,80,3,M,1,0.12317075129480128,0.1232409130708239,0.0,0.1232409130708239,0.00048986355362933,0.08118295458386696,0.1213913256698804,0.12529694556911453,0.0,0.0
8258,8,80,3,M,2,0.6754605502517033,0.8312297820760832,0.62,0.8312297820760832,0.0007649895292151931,0.08118295458386696,0.6751285610884992,0.8315801308757873,0.0,0.0
8259,8,80,3,M,3,0.2939144987921653,0.28021558551416326,0.62,0.28021558551416326,0.0007614532063139751,0.08118295458386696,0.29875253473523183,0.27602747335013117,0.0,0.0
8260,8,81,3,M,0,0.9002075597969214,0.8290253829311115,1.0,0.8290253829311115,0.0004922988269058376,0.08118295458386696,0.9002015450641848,0.8291436371247892,0.0,0.0
8261,8,81,3,M,1,0.1213913256698804,0.12529694556911453,0.0,0.12529694556911453,0.00048986355362933,0.08118295458386696,0.11966292110158955,0.12761589545660496,0.0,0.0
8262,8,81,3,M,2,0.6751285610884992,0.8315801308757873,0.62,0.8315801308757873,0.0007649895292151931,0.08118295458386696,0.6747635455849706,0.831580756099536,0.0,0.0
8263,8,81,3,M,3,0.29875253473523183,0.27602747335013117,0.62,0.27602747335013117,0.0007614532063139751,0.08118295458386696,0.30353798192577003,0.27148133107397654,0.0,0.0
8264,8,82,3,M,0,0.9002015450641848,0.8291436371247892,1.0,0.8291436371247892,0.0004922988269058376,0.08118295458386696,0.9001915865829246,0.8292211455209951,0.0,0.0
8265,8,82,3,M,1,0.11966292110158955,0.12761589545660496,0.0,0.12761589545660496,0.00048986355362933,0.08118295458386696,0.11797632687854073,0.1299420173903209,0.0,0.0
8266,8,82,3,M,2,0.6747635455849706,0.831580756099536,0.62,0.831580756099536,0.0007649895292151931,0.08118295458386696,0.6743629313556257,0.8315127819230054,0.0,0.0
8267,8,82,3,M,3,0.30353798192577003,0.27148133107397654,0.62,0.27148133107397654,0.0007614532063139751,0.08118295458386696,0.30789630094981735,0.2665995890956576,0.0,0.0
8268,8,83,3,M,0,0.9001915865829246,0.8292211455209951,1.0,0.8292211455209951,0.0004922988269058376,0.08118295458386696,0.9002070648366277,0.8293052683680674,0.0,0.0
8269,8,83,3,M,1,0.11797632687854073,0.1299420173903209,0.0,0.1299420173903209,0.00048986355362933,0.08118295458386696,0.11666103957265246,0.13237406269846447,0.0,0.0
8270,8,83,3,M,2,0.6743629313556257,0.8315127819230054,0.62,0.8315127819230054,0.0007649895292151931,0.08118295458386696,0.6740231371092172,0.831735849437379,0.0,0.0
8271,8,83,3,M,3,0.30789630094981735,0.2665995890956576,0.62,0.2665995890956576,0.0007614532063139751,0.08118295458386696,0.31265079858530453,0.2622642378695492,0.0,0.0
8272,8,84,3,M,0,0.9002070648366277,0.8293052683680674,1.0,0.8293052683680674,0.0004922988269058376,0.08118295458386696,0.9002100987179282,0.8294503049483223,0.0,0.0
8273,8,84,3,M,1,0.11666103957265246,0.13237406269846447,0.0,0.13237406269846447,0.00048986355362933,0.08118295458386696,0.11457246489848381,0.135191012194613,0.0,0.0
8274,8,84,3,M,2,0.6740231371092172,0.831735849437379,0.62,0.831735849437379,0.0007649895292151931,0.08118295458386696,0.6736623781250806,0.8317320590238287,0.0,0.0
8275,8,84,3,M,3,0.31265079858530453,0.2622642378695492,0.62,0.2622642378695492,0.0007614532063139751,0.08118295458386696,0.3170789303300997,0.25566514897599263,0.0,0.0
8276,8,85,3,M,0,0.9002100987179282,0.8294503049483223,1.0,0.8294503049483223,0.0004922988269058376,0.08118295458386696,0.9001972637802126,0.8295571823923379,0.0,0.0
8277,8,85,3,M,1,0.11457246489848381,0.135191012194613,0.0,0.135191012194613,0.00048986355362933,0.08118295458386696,0.1140560216812672,0.13795166468390216,0.0,0.0
8278,8,85,3,M,2,0.6736623781250806,0.8317320590238287,0.62,0.8317320590238287,0.0007649895292151931,0.08118295458386696,0.673036541706873,0.8315284087226387,0.0,0.0
8279,8,85,3,M,3,0.3170789303300997,0.25566514897599263,0.62,0.25566514897599263,0.0007614532063139751,0.08118295458386696,0.3223806737252139,0.25122300518217217,0.0,0.0
8280,8,86,3,M,0,0.9001972637802126,0.8295571823923379,1.0,0.8295571823923379,0.0004922988269058376,0.08118295458386696,0.9001972637802126,0.8295571823923379,0.0,0.0
8281,8,86,3,M,1,0.1140560216812672,0.13795166468390216,0.0,0.13795166468390216,0.00048986355362933,0.08118295458386696,0.11325918929560504,0.14061202110373439,0.0,0.0
8282,8,86,3,M,2,0.673036541706873,0.8315284087226387,0.62,0.8315284087226387,0.0007649895292151931,0.08118295458386696,0.6727613024724246,0.8315746652734924,0.0,0.0
8283,8,86,3,M,3,0.3223806737252139,0.25122300518217217,0.62,0.25122300518217217,0.0007614532063139751,0.08118295458386696,0.3267922011694749,0.2464283086337502,0.0,0.0
8284,8,87,3,M,0,0.9001972637802126,0.8295571823923379,1.0,0.8295571823923379,0.0004922988269058376,0.08118295458386696,0.9001972637802126,0.8295571823923379,0.0,0.0
8285,8,87,3,M,1,0.11325918929560504,0.14061202110373439,0.0,0.14061202110373439,0.00048986355362933,0.08118295458386696,0.11177429427815831,0.142884382557036,0.0,0.0
8286,8,87,3,M,2,0.6727613024724246,0.8315746652734924,0.62,0.8315746652734924,0.0007649895292151931,0.08118295458386696,0.6722869639516347,0.8315652188358734,0.0,0.0
8287,8,87,3,M,3,0.3267922011694749,0.2464283086337502,0.62,0.2464283086337502,0.0007614532063139751,0.08118295458386696,0.3292988638982032,0.24047686915230612,0.0,0.0
8288,8,88,3,M,0,0.9001972637802126,0.8295571823923379,1.0,0.8295571823923379,0.0004922988269058376,0.08118295458386696,0.9001847333941128,0.8296579972213521,0.0,0.0
8289,8,88,3,M,1,0.11177429427815831,0.142884382557036,0.0,0.142884382557036,0.00048986355362933,0.08118295458386696,0.11099985579793357,0.14600585268112753,0.0,0.0
8290,8,88,3,M,2,0.6722869639516347,0.8315652188358734,0.62,0.8315652188358734,0.0007649895292151931,0.08118295458386696,0.6718506474125275,0.8313627968907125,0.0,0.0
8291,8,88,3,M,3,0.3292988638982032,0.24047686915230612,0.62,0.24047686915230612,0.0007614532063139751,0.08118295458386696,0.3338412531674444,0.23407883055483403,0.0,0.0
8292,8,89,3,M,0,0.9001847333941128,0.8296579972213521,1.0,0.8296579972213521,0.0004922988269058376,0.08118295458386696,0.9001850303294953,0.8297733420354219,0.0,0.0
8293,8,89,3,M,1,0.11099985579793357,0.14600585268112753,0.0,0.14600585268112753,0.00048986355362933,0.08118295458386696,0.11034934488831746,0.14880985535581082,0.0,0.0
8294,8,89,3,M,2,0.6718506474125275,0.8313627968907125,0.62,0.8313627968907125,0.0007649895292151931,0.08118295458386696,0.6712855314191443,0.8311461006155736,0.0,0.0
8295,8,89,3,M,3,0.3338412531674444,0.23407883055483403,0.62,0.23407883055483403,0.0007614532063139751,0.08118295458386696,0.33776171513976394,0.22787750331560722,0.0,0.0
8296,8,90,3,M,0,0.9001850303294953,0.8297733420354219,1.0,0.8297733420354219,0.0004922988269058376,0.08118295458386696,0.9001956281468733,0.8298471061444603,0.0,0.0
8297,8,90,3,M,1,0.11034934488831746,0.14880985535581082,0.0,0.14880985535581082,0.00048986355362933,0.08118295458386696,0.11048270155999755,0.15159169653428248,0.0,0.0
8298,8,90,3,M,2,0.6712855314191443,0.8311461006155736,0.62,0.8311461006155736,0.0007649895292151931,0.08118295458386696,0.6708148294546926,0.8309286041726389,0.0,0.0
8299,8,90,3,M,3,0.33776171513976394,0.22787750331560722,0.62,0.22787750331560722,0.0007614532063139751,0.08118295458386696,0.3425892875031182,0.22250604138032937,0.0,0.0
8300,8,91,3,M,0,0.9001956281468733,0.8298471061444603,1.0,0.8298471061444603,0.0004922988269058376,0.08118295458386696,0.9002065227780314,0.8298981943108499,0.0,0.0
8301,8,91,3,M,1,0.11048270155999755,0.15159169653428248,0.0,0.15159169653428248,0.00048986355362933,0.08118295458386696,0.10998581807419162,0.15437852580592734,0.0,0.0
8302,8,91,3,M,2,0.6708148294546926,0.8309286041726389,0.62,0.8309286041726389,0.0007649895292151931,0.08118295458386696,0.6703341577716165,0.8308175666170796,0.0,0.0
8303,8,91,3,M,3,0.3425892875031182,0.22250604138032937,0.62,0.22250604138032937,0.0007614532063139751,0.08118295458386696,0.345899950046257,0.2159482193855484,0.0,0.0
8304,8,92,3,M,0,0.9002065227780314,0.8298981943108499,1.0,0.8298981943108499,0.0004922988269058376,0.08118295458386696,0.9001968713566771,0.8299666702434784,0.0,0.0
8305,8,92,3,M,1,0.10998581807419162,0.15437852580592734,0.0,0.15437852580592734,0.00048986355362933,0.08118295458386696,0.10956899243811752,0.15684907132285483,0.0,0.0
8306,8,92,3,M,2,0.6703341577716165,0.8308175666170796,0.62,0.8308175666170796,0.0007649895292151931,0.08118295458386696,0.6700153220572153,0.8306388893826646,0.0,0.0
8307,8,92,3,M,3,0.345899950046257,0.2159482193855484,0.62,0.2159482193855484,0.0007614532063139751,0.08118295458386696,0.34836715790626904,0.20993728205151024,0.0,0.0
8308,8,93,3,M,0,0.9001968713566771,0.8299666702434784,1.0,0.8299666702434784,0.0004922988269058376,0.08118295458386696,0.9001941320972889,0.8299946095330413,0.0,0.0
8309,8,93,3,M,1,0.10956899243811752,0.15684907132285483,0.0,0.15684907132285483,0.00048986355362933,0.08118295458386696,0.10981104482218992,0.1588734366380829,0.0,0.0
8310,8,93,3,M,2,0.6700153220572153,0.8306388893826646,0.62,0.8306388893826646,0.0007649895292151931,0.08118295458386696,0.6695217052832677,0.8303037531104215,0.0,0.0
8311,8,93,3,M,3,0.34836715790626904,0.20993728205151024,0.62,0.20993728205151024,0.0007614532063139751,0.08118295458386696,0.35128775960690073,0.20505341052165155,0.0,0.0
8312,8,94,3,M,0,0.9001941320972889,0.8299946095330413,1.0,0.8299946095330413,0.0004922988269058376,0.08118295458386696,0.9001924988535372,0.8300188171451401,0.0,0.0
8313,8,94,3,M,1,0.10981104482218992,0.1588734366380829,0.0,0.1588734366380829,0.00048986355362933,0.08118295458386696,0.10974601712905756,0.16061911654397668,0.0,0.0
8314,8,94,3,M,2,0.6695217052832677,0.8303037531104215,0.62,0.8303037531104215,0.0007649895292151931,0.08118295458386696,0.6693165793088848,0.8303735212713548,0.0,0.0
8315,8,94,3,M,3,0.35128775960690073,0.20505341052165155,0.62,0.20505341052165155,0.0007614532063139751,0.08118295458386696,0.35312206217074515,0.200867780346623,0.0,0.0
8316,8,95,3,M,0,0.9001924988535372,0.8300188171451401,1.0,0.8300188171451401,0.0004922988269058376,0.08118295458386696,0.9001917431696543,0.8300405641605765,0.0,0.0
8317,8,95,3,M,1,0.10974601712905756,0.16061911654397668,0.0,0.16061911654397668,0.00048986355362933,0.08118295458386696,0.1097945511858975,0.16210052439151848,0.0,0.0
8318,8,95,3,M,2,0.6693165793088848,0.8303735212713548,0.62,0.8303735212713548,0.0007649895292151931,0.08118295458386696,0.6694254963456514,0.830382487026257,0.0,0.0
8319,8,95,3,M,3,0.35312206217074515,0.200867780346623,0.62,0.200867780346623,0.0007614532063139751,0.08118295458386696,0.3545436857782347,0.1975586399363122,0.0,0.0
8320,8,96,3,M,0,0.9001917431696543,0.8300405641605765,1.0,0.8300405641605765,0.0004922988269058376,0.08118295458386696,0.9001917431696543,0.8300405641605765,0.0,0.0
8321,8,96,3,M,1,0.1097945511858975,0.16210052439151848,0.0,0.16210052439151848,0.00048986355362933,0.08118295458386696,0.10986445403000816,0.1635463579396525,0.0,0.0
8322,8,96,3,M,2,0.6694254963456514,0.830382487026257,0.62,0.830382487026257,0.0007649895292151931,0.08118295458386696,0.6686531162516872,0.8298486294882306,0.0,0.0
8323,8,96,3,M,3,0.3545436857782347,0.1975586399363122,0.62,0.1975586399363122,0.0007614532063139751,0.08118295458386696,0.3558605259332972,0.19301485738271973,0.0,0.0
8324,8,97,3,M,0,0.9001917431696543,0.8300405641605765,1.0,0.8300405641605765,0.0004922988269058376,0.08118295458386696,0.9001917431696542,0.8300405641605764,0.0,0.0
8325,8,97,3,M,1,0.10986445403000816,0.1635463579396525,0.0,0.1635463579396525,0.00048986355362933,0.08118295458386696,0.10974724577217433,0.1645742361593883,0.0,0.0
8326,8,97,3,M,2,0.6686531162516872,0.8298486294882306,0.62,0.8298486294882306,0.0007649895292151931,0.08118295458386696,0.6686552166135518,0.8290613112535822,0.0,0.0
8327,8,97,3,M,3,0.3558605259332972,0.19301485738271973,0.62,0.19301485738271973,0.0007614532063139751,0.08118295458386696,0.35549225671653145,0.18985417227578252,0.0,0.0
8328,8,98,3,M,0,0.9001917431696542,0.8300405641605764,1.0,0.8300405641605764,0.0004922988269058376,0.08118295458386696,0.9001917431696543,0.8300405641605764,0.0,0.0
8329,8,98,3,M,1,0.10974724577217433,0.1645742361593883,0.0,0.1645742361593883,0.00048986355362933,0.08118295458386696,0.10983074832587088,0.16494141475161772,0.0,0.0
8330,8,98,3,M,2,0.6686552166135518,0.8290613112535822,0.62,0.8290613112535822,0.0007649895292151931,0.08118295458386696,0.6686897997334385,0.8290667275724943,0.0,0.0
8331,8,98,3,M,3,0.35549225671653145,0.18985417227578252,0.62,0.18985417227578252,0.0007614532063139751,0.08118295458386696,0.35589791841948454,0.18902877260547327,0.0,0.0
8332,8,99,3,M,0,0.9001917431696543,0.8300405641605764,1.0,0.8300405641605764,0.0004922988269058376,0.08118295458386696,0.9001917431696543,0.8300405641605765,0.0,0.0
8333,8,99,3,M,1,0.10983074832587088,0.16494141475161772,0.0,0.16494141475161772,0.00048986355362933,0.08118295458386696,0.11007466602937725,0.16529742052063515,0.0,0.0
8334,8,99,3,M,2,0.6686897997334385,0.8290667275724943,0.62,0.8290667275724943,0.0007649895292151931,0.08118295458386696,0.6686897997334385,0.8290667275724943,0.0,0.0
8335,8,99,3,M,3,0.35589791841948454,0.18902877260547327,0.62,0.18902877260547327,0.0007614532063139751,0.08118295458386696,0.35669566234238015,0.18825824826879964,0.0,0.0
8336,8,100,3,M,0,0.9001917431696543,0.8300405641605765,1.0,0.8300405641605765,0.0004922988269058376,0.08118295458386696,0.9001917431696542,0.8300405641605764,0.0,0.0
8337,8,100,3,M,1,0.11007466602937725,0.16529742052063515,0.0,0.16529742052063515,0.00048986355362933,0.08118295458386696,0.11027906148668952,0.1656335275554144,0.0,0.0
8338,8,100,3,M,2,0.6686897997334385,0.8290667275724943,0.62,0.8290667275724943,0.0007649895292151931,0.08118295458386696,0.6686897997334385,0.8290667275724944,0.0,0.0
8339,8,100,3,M,3,0.35669566234238015,0.18825824826879964,0.62,0.18825824826879964,0.0007614532063139751,0.08118295458386696,0.35737401796194046,0.18750574286368765,0.0,0.0
8340,8,101,3,M,0,0.9001917431696542,0.8300405641605764,1.0,0.8300405641605764,0.0004922988269058376,0.08118295458386696,0.9001917431696542,0.8300405641605765,0.0,0.0
8341,8,101,3,M,1,0.11027906148668952,0.1656335275554144,0.0,0.1656335275554144,0.00048986355362933,0.08118295458386696,0.11029551495989878,0.16570218074637397,0.0,0.0
8342,8,101,3,M,2,0.6686897997334385,0.8290667275724944,0.62,0.8290667275724944,0.0007649895292151931,0.08118295458386696,0.6686897997334385,0.8290667275724943,0.0,0.0
8343,8,101,3,M,3,0.35737401796194046,0.18750574286368765,0.62,0.18750574286368765,0.0007614532063139751,0.08118295458386696,0.35744830721156656,0.18733934605817126,0.0,0.0
8344,8,102,3,M,0,0.9001917431696542,0.8300405641605765,1.0,0.8300405641605765,0.0004922988269058376,0.08118295458386696,0.9001917431696543,0.8300405641605764,0.0,0.0
8345,8,102,3,M,1,0.11029551495989878,0.16570218074637397,0.0,0.16570218074637397,0.00048986355362933,0.08118295458386696,0.11031008033108844,0.16576620312044052,0.0,0.0
8346,8,102,3,M,2,0.6686897997334385,0.8290667275724943,0.62,0.8290667275724943,0.0007649895292151931,0.08118295458386696,0.6686897997334385,0.8290667275724943,0.0,0.0
8347,8,102,3,M,3,0.35744830721156656,0.18733934605817126,0.62,0.18733934605817126,0.0007614532063139751,0.08118295458386696,0.3575141527967217,0.187183497708591,0.0,0.0
8348,8,103,3,M,0,0.9001917431696543,0.8300405641605764,1.0,0.8300405641605764,0.0004922988269058376,0.08118295458386696,0.9001917431696543,0.8300405641605764,0.0,0.0
8349,8,103,3,M,1,0.11031008033108844,0.16576620312044052,0.0,0.16576620312044052,0.00048986355362933,0.08118295458386696,0.11031008033108841,0.16576620312044052,0.0,0.0
8350,8,103,3,M,2,0.6686897997334385,0.8290667275724943,0.62,0.8290667275724943,0.0007649895292151931,0.08118295458386696,0.6685962386289799,0.8290329780226474,0.0,0.0
8351,8,103,3,M,3,0.3575141527967217,0.187183497708591,0.62,0.187183497708591,0.0007614532063139751,0.08118295458386696,0.35755207111281634,0.18706967678983347,0.0,0.0
8352,8,104,3,M,0,0.9001917431696543,0.8300405641605764,1.0,0.8300405641605764,0.0004922988269058376,0.08118295458386696,0.9001917431696543,0.8300405641605766,0.0,0.0
8353,8,104,3,M,1,0.11031008033108841,0.16576620312044052,0.0,0.16576620312044052,0.00048986355362933,0.08118295458386696,0.11031008033108843,0.1657662031204405,0.0,0.0
8354,8,104,3,M,2,0.6685962386289799,0.8290329780226474,0.62,0.8290329780226474,0.0007649895292151931,0.08118295458386696,0.6685962386289798,0.8290329780226473,0.0,0.0
8355,8,104,3,M,3,0.35755207111281634,0.18706967678983347,0.62,0.18706967678983347,0.0007614532063139751,0.08118295458386696,0.35755207111281634,0.1870696767898335,0.0,0.0
8356,8,105,3,M,0,0.9001917431696543,0.8300405641605766,1.0,0.8300405641605766,0.0004922988269058376,0.08118295458386696,0.9001917431696542,0.8300405641605766,0.0,0.0
8357,8,105,3,M,1,0.11031008033108843,0.1657662031204405,0.0,0.1657662031204405,0.00048986355362933,0.08118295458386696,0.11031008033108841,0.1657662031204405,0.0,0.0
8358,8,105,3,M,2,0.6685962386289798,0.8290329780226473,0.62,0.8290329780226473,0.0007649895292151931,0.08118295458386696,0.6685962386289798,0.8290329780226473,0.0,0.0
8359,8,105,3,M,3,0.35755207111281634,0.1870696767898335,0.62,0.1870696767898335,0.0007614532063139751,0.08118295458386696,0.35755207111281634,0.1870696767898335,0.0,0.0
8360,8,106,3,M,0,0.9001917431696542,0.8300405641605766,1.0,0.8300405641605766,0.0004922988269058376,0.08118295458386696,0.9001917431696543,0.8300405641605766,0.0,0.0
8361,8,106,3,M,1,0.11031008033108841,0.1657662031204405,0.0,0.1657662031204405,0.00048986355362933,0.08118295458386696,0.11031008033108841,0.1657662031204405,0.0,0.0
8362,8,106,3,M,2,0.6685962386289798,0.8290329780226473,0.62,0.8290329780226473,0.0007649895292151931,0.08118295458386696,0.6685962386289798,0.8290329780226475,0.0,0.0
8363,8,106,3,M,3,0.35755207111281634,0.1870696767898335,0.62,0.1870696767898335,0.0007614532063139751,0.08118295458386696,0.35755207111281634,0.18706967678983347,0.0,0.0
8364,8,107,3,M,0,0.9001917431696543,0.8300405641605766,1.0,0.8300405641605766,0.0004922988269058376,0.08118295458386696,0.9001917431696542,0.8300405641605766,0.0,0.0
8365,8,107,3,M,1,0.11031008033108841,0.1657662031204405,0.0,0.1657662031204405,0.00048986355362933,0.08118295458386696,0.11031008033108841,0.1657662031204405,0.0,0.0
8366,8,107,3,M,2,0.6685962386289798,0.8290329780226475,0.62,0.8290329780226475,0.0007649895292151931,0.08118295458386696,0.6685962386289798,0.8290329780226475,0.0,0.0
8367,8,107,3,M,3,0.35755207111281634,0.18706967678983347,0.62,0.18706967678983347,0.0007614532063139751,0.08118295458386696,0.35755207111281634,0.1870696767898335,0.0,0.0
8368,8,108,3,M,0,0.9001917431696542,0.8300405641605766,1.0,0.8300405641605766,0.0004922988269058376,0.08118295458386696,0.9001917431696543,0.8300405641605766,0.0,0.0
8369,8,108,3,M,1,0.11031008033108841,0.1657662031204405,0.0,0.1657662031204405,0.00048986355362933,0.08118295458386696,0.11031008033108841,0.1657662031204405,0.0,0.0
8370,8,108,3,M,2,0.6685962386289798,0.8290329780226475,0.62,0.8290329780226475,0.0007649895292151931,0.08118295458386696,0.6685962386289798,0.8290329780226475,0.0,0.0
8371,8,108,3,M,3,0.35755207111281634,0.1870696767898335,0.62,0.1870696767898335,0.0007614532063139751,0.08118295458386696,0.35755207111281634,0.1870696767898335,0.0,0.0
8372,8,109,3,M,0,0.9001917431696543,0.8300405641605766,1.0,0.8300405641605766,0.0004922988269058376,0.08118295458386696,0.9001917431696542,0.8300405641605766,0.0,0.0
8373,8,109,3,M,1,0.11031008033108841,0.1657662031204405,0.0,0.1657662031204405,0.00048986355362933,0.08118295458386696,0.11031008033108843,0.16576620312044052,0.0,0.0
8374,8,109,3,M,2,0.6685962386289798,0.8290329780226475,0.62,0.8290329780226475,0.0007649895292151931,0.08118295458386696,0.6685962386289798,0.8290329780226475,0.0,0.0
8375,8,109,3,M,3,0.35755207111281634,0.1870696767898335,0.62,0.1870696767898335,0.0007614532063139751,0.08118295458386696,0.35755207111281634,0.1870696767898335,0.0,0.0
8376,8,110,3,M,0,0.9001917431696542,0.8300405641605766,1.0,0.8300405641605766,0.0004922988269058376,0.08118295458386696,0.9001917431696543,0.8300405641605766,0.0,0.0
8377,8,110,3,M,1,0.11031008033108843,0.16576620312044052,0.0,0.16576620312044052,0.00048986355362933,0.08118295458386696,0.11031008033108843,0.16576620312044052,0.0,0.0
8378,8,110,3,M,2,0.6685962386289798,0.8290329780226475,0.62,0.8290329780226475,0.0007649895292151931,0.08118295458386696,0.6685962386289798,0.8290329780226475,0.0,0.0
8379,8,110,3,M,3,0.35755207111281634,0.1870696767898335,0.62,0.1870696767898335,0.0007614532063139751,0.08118295458386696,0.35755207111281634,0.1870696767898335,0.0,0.0
8380,8,111,3,M,0,0.9001917431696543,0.8300405641605766,1.0,0.8300405641605766,0.0004922988269058376,0.08118295458386696,0.9001917431696542,0.8300405641605766,0.0,0.0
8381,8,111,3,M,1,0.11031008033108843,0.16576620312044052,0.0,0.16576620312044052,0.00048986355362933,0.08118295458386696,0.11031008033108843,0.16576620312044052,0.0,0.0
8382,8,111,3,M,2,0.6685962386289798,0.8290329780226475,0.62,0.8290329780226475,0.0007649895292151931,0.08118295458386696,0.6685962386289798,0.8290329780226475,0.0,0.0
8383,8,111,3,M,3,0.35755207111281634,0.1870696767898335,0.62,0.1870696767898335,0.0007614532063139751,0.08118295458386696,0.35755207111281634,0.1870696767898335,0.0,0.0
8384,8,112,3,M,0,0.9001917431696542,0.8300405641605766,1.0,0.8300405641605766,0.0004922988269058376,0.08118295458386696,0.9001917431696543,0.8300405641605766,0.0,0.0
8385,8,112,3,M,1,0.11031008033108843,0.16576620312044052,0.0,0.16576620312044052,0.00048986355362933,0.08118295458386696,0.11031008033108843,0.16576620312044052,0.0,0.0
8386,8,112,3,M,2,0.6685962386289798,0.8290329780226475,0.62,0.8290329780226475,0.0007649895292151931,0.08118295458386696,0.6685962386289798,0.8290329780226475,0.0,0.0
8387,8,112,3,M,3,0.35755207111281634,0.1870696767898335,0.62,0.1870696767898335,0.0007614532063139751,0.08118295458386696,0.35755207111281634,0.1870696767898335,0.0,0.0
8388,8,113,3,M,0,0.9001917431696543,0.8300405641605766,1.0,0.8300405641605766,0.0004922988269058376,0.08118295458386696,0.9001917431696542,0.8300405641605766,0.0,0.0
8389,8,113,3,M,1,0.11031008033108843,0.16576620312044052,0.0,0.16576620312044052,0.00048986355362933,0.08118295458386696,0.11031008033108843,0.16576620312044052,0.0,0.0
8390,8,113,3,M,2,0.6685962386289798,0.8290329780226475,0.62,0.8290329780226475,0.0007649895292151931,0.08118295458386696,0.6685962386289798,0.8290329780226475,0.0,0.0
8391,8,113,3,M,3,0.35755207111281634,0.1870696767898335,0.62,0.1870696767898335,0.0007614532063139751,0.08118295458386696,0.35755207111281634,0.1870696767898335,0.0,0.0
8392,8,114,3,M,0,0.9001917431696542,0.8300405641605766,1.0,0.8300405641605766,0.0004922988269058376,0.08118295458386696,0.9001917431696543,0.8300405641605766,0.0,0.0
8393,8,114,3,M,1,0.11031008033108843,0.16576620312044052,0.0,0.16576620312044052,0.00048986355362933,0.08118295458386696,0.11031008033108843,0.16576620312044052,0.0,0.0
8394,8,114,3,M,2,0.6685962386289798,0.8290329780226475,0.62,0.8290329780226475,0.0007649895292151931,0.08118295458386696,0.6685962386289798,0.8290329780226475,0.0,0.0
8395,8,114,3,M,3,0.35755207111281634,0.1870696767898335,0.62,0.1870696767898335,0.0007614532063139751,0.08118295458386696,0.35755207111281634,0.1870696767898335,0.0,0.0
8396,8,115,3,M,0,0.9001917431696543,0.8300405641605766,1.0,0.8300405641605766,0.0004922988269058376,0.08118295458386696,0.9001917431696542,0.8300405641605766,0.0,0.0
8397,8,115,3,M,1,0.11031008033108843,0.16576620312044052,0.0,0.16576620312044052,0.00048986355362933,0.08118295458386696,0.11031008033108843,0.16576620312044052,0.0,0.0
8398,8,115,3,M,2,0.6685962386289798,0.8290329780226475,0.62,0.8290329780226475,0.0007649895292151931,0.08118295458386696,0.6685962386289798,0.8290329780226475,0.0,0.0
8399,8,115,3,M,3,0.35755207111281634,0.1870696767898335,0.62,0.1870696767898335,0.0007614532063139751,0.08118295458386696,0.35755207111281634,0.1870696767898335,0.0,0.0
8400,8,116,3,M,0,0.9001917431696542,0.8300405641605766,1.0,0.8300405641605766,0.0004922988269058376,0.08118295458386696,0.9001917431696543,0.8300405641605766,0.0,0.0
8401,8,116,3,M,1,0.11031008033108843,0.16576620312044052,0.0,0.16576620312044052,0.00048986355362933,0.08118295458386696,0.11031008033108843,0.16576620312044052,0.0,0.0
8402,8,116,3,M,2,0.6685962386289798,0.8290329780226475,0.62,0.8290329780226475,0.0007649895292151931,0.08118295458386696,0.6685962386289798,0.8290329780226475,0.0,0.0
8403,8,116,3,M,3,0.35755207111281634,0.1870696767898335,0.62,0.1870696767898335,0.0007614532063139751,0.08118295458386696,0.35755207111281634,0.1870696767898335,0.0,0.0
8404,8,117,3,M,0,0.9001917431696543,0.8300405641605766,1.0,0.8300405641605766,0.0004922988269058376,0.08118295458386696,0.9001917431696542,0.8300405641605766,0.0,0.0
8405,8,117,3,M,1,0.11031008033108843,0.16576620312044052,0.0,0.16576620312044052,0.00048986355362933,0.08118295458386696,0.11031008033108843,0.16576620312044052,0.0,0.0
8406,8,117,3,M,2,0.6685962386289798,0.8290329780226475,0.62,0.8290329780226475,0.0007649895292151931,0.08118295458386696,0.6685962386289798,0.8290329780226475,0.0,0.0
8407,8,117,3,M,3,0.35755207111281634,0.1870696767898335,0.62,0.1870696767898335,0.0007614532063139751,0.08118295458386696,0.35755207111281634,0.1870696767898335,0.0,0.0
8408,8,118,3,M,0,0.9001917431696542,0.8300405641605766,1.0,0.8300405641605766,0.0004922988269058376,0.08118295458386696,0.9001917431696543,0.8300405641605766,0.0,0.0
8409,8,118,3,M,1,0.11031008033108843,0.16576620312044052,0.0,0.16576620312044052,0.00048986355362933,0.08118295458386696,0.11031008033108843,0.16576620312044052,0.0,0.0
8410,8,118,3,M,2,0.6685962386289798,0.8290329780226475,0.62,0.8290329780226475,0.0007649895292151931,0.08118295458386696,0.6685962386289798,0.8290329780226475,0.0,0.0
8411,8,118,3,M,3,0.35755207111281634,0.1870696767898335,0.62,0.1870696767898335,0.0007614532063139751,0.08118295458386696,0.35755207111281634,0.1870696767898335,0.0,0.0
8412,8,119,3,M,0,0.9001917431696543,0.8300405641605766,1.0,0.8300405641605766,0.0004922988269058376,0.08118295458386696,0.9001917431696542,0.8300405641605766,0.0,0.0
8413,8,119,3,M,1,0.11031008033108843,0.16576620312044052,0.0,0.16576620312044052,0.00048986355362933,0.08118295458386696,0.11031008033108843,0.16576620312044052,0.0,0.0
8414,8,119,3,M,2,0.6685962386289798,0.8290329780226475,0.62,0.8290329780226475,0.0007649895292151931,0.08118295458386696,0.6685962386289798,0.8290329780226475,0.0,0.0
8415,8,119,3,M,3,0.35755207111281634,0.1870696767898335,0.62,0.1870696767898335,0.0007614532063139751,0.08118295458386696,0.35755207111281634,0.1870696767898335,0.0,0.0
8416,8,120,4,M,0,0.9001917431696542,0.8300405641605766,1.0,0.8300405641605766,0.0004922988269058376,0.08118295458386696,0.9001917431696543,0.8300405641605766,0.0,0.0
8417,8,120,4,M,1,0.11031008033108843,0.16576620312044052,0.0,0.16576620312044052,0.00048986355362933,0.08118295458386696,0.11031008033108843,0.16576620312044052,0.0,0.0
8418,8,120,4,M,2,0.6685962386289798,0.8290329780226475,0.62,0.8290329780226475,0.0007649895292151931,0.08118295458386696,0.6685962386289798,0.8290329780226475,0.0,0.0
8419,8,120,4,M,3,0.35755207111281634,0.1870696767898335,0.62,0.1870696767898335,0.0007614532063139751,0.08118295458386696,0.35755207111281634,0.1870696767898335,0.0,0.0
8420,8,121,4,M,0,1.0,0.9,0.9,0.9,0.00026437814996371767,0.08118295458386696,0.9002660429724766,0.8302092906569908,1.0,1.0
8421,8,121,4,M,1,0.0,0.1,0.1,0.1,0.000349699153363775,0.08118295458386696,0.11037212184528436,0.16573475811052546,1.0,1.0
8422,8,121,4,M,2,0.62,0.64,0.38,0.64,0.0006486429495945328,0.08118295458386696,0.6690167294320992,0.8254926851467652,1.0,1.0
8423,8,121,4,M,3,1.0,0.1,0.38,0.1,0.0006946347468061581,0.08118295458386696,0.3555572397300029,0.18339837170754789,1.0,1.0
8424,8,122,4,M,0,0.9002660429724766,0.8302092906569908,0.9,0.8302092906569908,0.00025756846464335126,0.08118295458386696,0.9002353503500424,0.8303198056874408,0.0,0.0
8425,8,122,4,M,1,0.11037212184528436,0.16573475811052546,0.1,0.16573475811052546,0.0003174287658887359,0.08118295458386696,0.10935094645928731,0.16655659599696407,0.0,0.0
8426,8,122,4,M,2,0.0,0.9,0.38,0.9,0.0005316684772149888,0.08118295458386696,0.671533220779136,0.8282165288820557,1.0,1.0
8427,8,122,4,M,3,0.36,0.36,0.6,0.36,0.0004659399013470511,0.08118295458386696,0.3517138567634259,0.1845523841787734,1.0,1.0
8428,8,123,4,M,0,0.9002353503500424,0.8303198056874408,0.9,0.8303198056874408,0.00025334977477257936,0.08118295458386696,0.9002213721815996,0.8302413014610225,0.0,0.0
8429,8,123,4,M,1,0.10935094645928731,0.16655659599696407,0.1,0.16655659599696407,0.0003151008195702021,0.08118295458386696,0.10845305738659472,0.16640398406088008,0.0,0.0
8430,8,123,4,M,2,0.38,0.62,0.1,0.62,0.0002634139370683575,0.08118295458386696,0.6717242320602307,0.8283444542829815,1.0,1.0
8431,8,123,4,M,3,0.3517138567634259,0.1845523841787734,0.64,0.1845523841787734,0.0002815684999490642,0.08118295458386696,0.3490958718477738,0.1852158908732486,0.0,0.0
8432,8,124,4,M,0,0.9002213721815996,0.8302413014610225,0.9,0.8302413014610225,0.00025334977477257936,0.08118295458386696,0.900223919637696,0.8302035019218199,0.0,0.0
8433,8,124,4,M,1,0.10845305738659472,0.16640398406088008,0.1,0.16640398406088008,0.0003151008195702021,0.08118295458386696,0.10769686580671438,0.1665107179259106,0.0,0.0
8434,8,124,4,M,2,0.6717242320602307,0.8283444542829815,0.1,0.8283444542829815,0.0002634139370683575,0.08118295458386696,0.6717242320602308,0.8283444542829818,0.0,0.0
8435,8,124,4,M,3,0.3490958718477738,0.1852158908732486,0.64,0.1852158908732486,0.0002815684999490642,0.08118295458386696,0.3472975798620891,0.18467973679833585,0.0,0.0
8436,8,125,4,M,0,0.900223919637696,0.8302035019218199,0.9,0.8302035019218199,0.00025334977477257936,0.08118295458386696,0.9002209365747189,0.8301244774959429,0.0,0.0
8437,8,125,4,M,1,0.10769686580671438,0.1665107179259106,0.1,0.1665107179259106,0.0003151008195702021,0.08118295458386696,0.10693068501368594,0.16670949299860796,0.0,0.0
8438,8,125,4,M,2,0.6717242320602308,0.8283444542829818,0.1,0.8283444542829818,0.0002634139370683575,0.08118295458386696,0.6717242320602308,0.8283444542829816,0.0,0.0
8439,8,125,4,M,3,0.3472975798620891,0.18467973679833585,0.64,0.18467973679833585,0.0002815684999490642,0.08118295458386696,0.345449423615752,0.1839207983919235,0.0,0.0
8440,8,126,4,M,0,0.9002209365747189,0.8301244774959429,0.9,0.8301244774959429,0.00025334977477257936,0.08118295458386696,0.900220936574719,0.8301244774959431,0.0,0.0
8441,8,126,4,M,1,0.10693068501368594,0.16670949299860796,0.1,0.16670949299860796,0.0003151008195702021,0.08118295458386696,0.10648068749479632,0.16727325075322202,0.0,0.0
8442,8,126,4,M,2,0.6717242320602308,0.8283444542829816,0.1,0.8283444542829816,0.0002634139370683575,0.08118295458386696,0.6717328346309546,0.8279742641759923,0.0,0.0
8443,8,126,4,M,3,0.345449423615752,0.1839207983919235,0.64,0.1839207983919235,0.0002815684999490642,0.08118295458386696,0.3442874182316777,0.18224829558377922,0.0,0.0
8444,8,127,4,M,0,0.900220936574719,0.8301244774959431,0.9,0.8301244774959431,0.00025334977477257936,0.08118295458386696,0.9002211387272914,0.8300447695511057,0.0,0.0
8445,8,127,4,M,1,0.10648068749479632,0.16727325075322202,0.1,0.16727325075322202,0.0003151008195702021,0.08118295458386696,0.10650885126623635,0.16738824474689284,0.0,0.0
8446,8,127,4,M,2,0.6717328346309546,0.8279742641759923,0.1,0.8279742641759923,0.0002634139370683575,0.08118295458386696,0.6715698512344875,0.8277156460741318,0.0,0.0
8447,8,127,4,M,3,0.3442874182316777,0.18224829558377922,0.64,0.18224829558377922,0.0002815684999490642,0.08118295458386696,0.34408962540327065,0.18164715884599753,0.0,0.0
8448,8,128,4,M,0,0.9002211387272914,0.8300447695511057,0.9,0.8300447695511057,0.00025334977477257936,0.08118295458386696,0.9002211387272915,0.8300447695511058,0.0,0.0
8449,8,128,4,M,1,0.10650885126623635,0.16738824474689284,0.1,0.16738824474689284,0.0003151008195702021,0.08118295458386696,0.10651989272777222,0.1674369748875168,0.0,0.0
8450,8,128,4,M,2,0.6715698512344875,0.8277156460741318,0.1,0.8277156460741318,0.0002634139370683575,0.08118295458386696,0.6714490955157296,0.8276290566908413,0.0,0.0
8451,8,128,4,M,3,0.34408962540327065,0.18164715884599753,0.64,0.18164715884599753,0.0002815684999490642,0.08118295458386696,0.3441306464187357,0.18137149693167404,0.0,0.0
8452,8,129,4,M,0,0.9002211387272915,0.8300447695511058,0.9,0.8300447695511058,0.00025334977477257936,0.08118295458386696,0.9002211387272914,0.8300447695511058,0.0,0.0
8453,8,129,4,M,1,0.10651989272777222,0.1674369748875168,0.1,0.1674369748875168,0.0003151008195702021,0.08118295458386696,0.10652962736462274,0.1674820202355303,0.0,0.0
8454,8,129,4,M,2,0.6714490955157296,0.8276290566908413,0.1,0.8276290566908413,0.0002634139370683575,0.08118295458386696,0.671379547403299,0.8275921675802418,0.0,0.0
8455,8,129,4,M,3,0.3441306464187357,0.18137149693167404,0.64,0.18137149693167404,0.0002815684999490642,0.08118295458386696,0.3441781732059103,0.18118312861038324,0.0,0.0
8456,8,130,4,M,0,0.9002211387272914,0.8300447695511058,0.9,0.8300447695511058,0.00025334977477257936,0.08118295458386696,0.9002211387272916,0.830044769551106,0.0,0.0
8457,8,130,4,M,1,0.10652962736462274,0.1674820202355303,0.1,0.1674820202355303,0.0003151008195702021,0.08118295458386696,0.10652962736462274,0.1674820202355303,0.0,0.0
8458,8,130,4,M,2,0.671379547403299,0.8275921675802418,0.1,0.8275921675802418,0.0002634139370683575,0.08118295458386696,0.6713054125852701,0.8275599288909232,0.0,0.0
8459,8,130,4,M,3,0.3441781732059103,0.18118312861038324,0.64,0.18118312861038324,0.0002815684999490642,0.08118295458386696,0.34419827627500155,0.18109459156867952,0.0,0.0
8460,8,131,4,M,0,0.9002211387272916,0.830044769551106,0.9,0.830044769551106,0.00025334977477257936,0.08118295458386696,0.9002211387272914,0.8300447695511058,0.0,0.0
8461,8,131,4,M,1,0.10652962736462274,0.1674820202355303,0.1,0.1674820202355303,0.0003151008195702021,0.08118295458386696,0.10652962736462274,0.1674820202355303,0.0,0.0
8462,8,131,4,M,2,0.6713054125852701,0.8275599288909232,0.1,0.8275599288909232,0.0002634139370683575,0.08118295458386696,0.67130541258527,0.8275599288909231,0.0,0.0
8463,8,131,4,M,3,0.34419827627500155,0.18109459156867952,0.64,0.18109459156867952,0.0002815684999490642,0.08118295458386696,0.34419827627500155,0.18109459156867952,0.0,0.0
8464,8,132,4,M,0,0.9002211387272914,0.8300447695511058,0.9,0.8300447695511058,0.00025334977477257936,0.08118295458386696,0.9002211387272915,0.8300447695511058,0.0,0.0
8465,8,132,4,M,1,0.10652962736462274,0.1674820202355303,0.1,0.1674820202355303,0.0003151008195702021,0.08118295458386696,0.10652962736462275,0.1674820202355303,0.0,0.0
8466,8,132,4,M,2,0.67130541258527,0.8275599288909231,0.1,0.8275599288909231,0.0002634139370683575,0.08118295458386696,0.6713054125852702,0.8275599288909232,0.0,0.0
8467,8,132,4,M,3,0.34419827627500155,0.18109459156867952,0.64,0.18109459156867952,0.0002815684999490642,0.08118295458386696,0.34419827627500155,0.18109459156867952,0.0,0.0
8468,8,133,4,M,0,0.9002211387272915,0.8300447695511058,0.9,0.8300447695511058,0.00025334977477257936,0.08118295458386696,0.9002211387272915,0.8300447695511058,0.0,0.0
8469,8,133,4,M,1,0.10652962736462275,0.1674820202355303,0.1,0.1674820202355303,0.0003151008195702021,0.08118295458386696,0.10652962736462275,0.1674820202355303,0.0,0.0
8470,8,133,4,M,2,0.6713054125852702,0.8275599288909232,0.1,0.8275599288909232,0.0002634139370683575,0.08118295458386696,0.6713054125852702,0.8275599288909232,0.0,0.0
8471,8,133,4,M,3,0.34419827627500155,0.18109459156867952,0.64,0.18109459156867952,0.0002815684999490642,0.08118295458386696,0.34419827627500155,0.1810945915686795,0.0,0.0
8472,8,134,4,M,0,0.9002211387272915,0.8300447695511058,0.9,0.8300447695511058,0.00025334977477257936,0.08118295458386696,0.9002211387272915,0.8300447695511058,0.0,0.0
8473,8,134,4,M,1,0.10652962736462275,0.1674820202355303,0.1,0.1674820202355303,0.0003151008195702021,0.08118295458386696,0.10652962736462275,0.1674820202355303,0.0,0.0
8474,8,134,4,M,2,0.6713054125852702,0.8275599288909232,0.1,0.8275599288909232,0.0002634139370683575,0.08118295458386696,0.6713054125852702,0.8275599288909232,0.0,0.0
8475,8,134,4,M,3,0.34419827627500155,0.1810945915686795,0.64,0.1810945915686795,0.0002815684999490642,0.08118295458386696,0.34419827627500155,0.18109459156867952,0.0,0.0
8476,8,135,4,M,0,0.9002211387272915,0.8300447695511058,0.9,0.8300447695511058,0.00025334977477257936,0.08118295458386696,0.9002211387272915,0.8300447695511058,0.0,0.0
8477,8,135,4,M,1,0.10652962736462275,0.1674820202355303,0.1,0.1674820202355303,0.0003151008195702021,0.08118295458386696,0.10652962736462275,0.1674820202355303,0.0,0.0
8478,8,135,4,M,2,0.6713054125852702,0.8275599288909232,0.1,0.8275599288909232,0.0002634139370683575,0.08118295458386696,0.6713054125852702,0.8275599288909232,0.0,0.0
8479,8,135,4,M,3,0.34419827627500155,0.18109459156867952,0.64,0.18109459156867952,0.0002815684999490642,0.08118295458386696,0.34419827627500155,0.1810945915686795,0.0,0.0
8480,8,136,4,M,0,0.9002211387272915,0.8300447695511058,0.9,0.8300447695511058,0.00025334977477257936,0.08118295458386696,0.9002211387272915,0.8300447695511058,0.0,0.0
8481,8,136,4,M,1,0.10652962736462275,0.1674820202355303,0.1,0.1674820202355303,0.0003151008195702021,0.08118295458386696,0.10652962736462275,0.1674820202355303,0.0,0.0
8482,8,136,4,M,2,0.6713054125852702,0.8275599288909232,0.1,0.8275599288909232,0.0002634139370683575,0.08118295458386696,0.6713054125852702,0.8275599288909232,0.0,0.0
8483,8,136,4,M,3,0.34419827627500155,0.1810945915686795,0.64,0.1810945915686795,0.0002815684999490642,0.08118295458386696,0.34419827627500155,0.18109459156867952,0.0,0.0
8484,8,137,4,M,0,0.9002211387272915,0.8300447695511058,0.9,0.8300447695511058,0.00025334977477257936,0.08118295458386696,0.9002211387272915,0.8300447695511058,0.0,0.0
8485,8,137,4,M,1,0.10652962736462275,0.1674820202355303,0.1,0.1674820202355303,0.0003151008195702021,0.08118295458386696,0.10652962736462275,0.1674820202355303,0.0,0.0
8486,8,137,4,M,2,0.6713054125852702,0.8275599288909232,0.1,0.8275599288909232,0.0002634139370683575,0.08118295458386696,0.6713054125852702,0.8275599288909232,0.0,0.0
8487,8,137,4,M,3,0.34419827627500155,0.18109459156867952,0.64,0.18109459156867952,0.0002815684999490642,0.08118295458386696,0.34419827627500155,0.1810945915686795,0.0,0.0
8488,8,138,4,M,0,0.9002211387272915,0.8300447695511058,0.9,0.8300447695511058,0.00025334977477257936,0.08118295458386696,0.9002211387272915,0.8300447695511058,0.0,0.0
8489,8,138,4,M,1,0.10652962736462275,0.1674820202355303,0.1,0.1674820202355303,0.0003151008195702021,0.08118295458386696,0.10652962736462275,0.1674820202355303,0.0,0.0
8490,8,138,4,M,2,0.6713054125852702,0.8275599288909232,0.1,0.8275599288909232,0.0002634139370683575,0.08118295458386696,0.6713054125852702,0.8275599288909232,0.0,0.0
8491,8,138,4,M,3,0.34419827627500155,0.1810945915686795,0.64,0.1810945915686795,0.0002815684999490642,0.08118295458386696,0.34419827627500155,0.18109459156867952,0.0,0.0
8492,8,139,4,M,0,0.9002211387272915,0.8300447695511058,0.9,0.8300447695511058,0.00025334977477257936,0.08118295458386696,0.9002211387272915,0.8300447695511058,0.0,0.0
8493,8,139,4,M,1,0.10652962736462275,0.1674820202355303,0.1,0.1674820202355303,0.0003151008195702021,0.08118295458386696,0.10652962736462275,0.1674820202355303,0.0,0.0
8494,8,139,4,M,2,0.6713054125852702,0.8275599288909232,0.1,0.8275599288909232,0.0002634139370683575,0.08118295458386696,0.6713054125852702,0.8275599288909232,0.0,0.0
8495,8,139,4,M,3,0.34419827627500155,0.18109459156867952,0.64,0.18109459156867952,0.0002815684999490642,0.08118295458386696,0.34419827627500155,0.1810945915686795,0.0,0.0
8496,8,140,4,M,0,0.9002211387272915,0.8300447695511058,0.9,0.8300447695511058,0.00025334977477257936,0.08118295458386696,0.9002211387272915,0.8300447695511058,0.0,0.0
8497,8,140,4,M,1,0.10652962736462275,0.1674820202355303,0.1,0.1674820202355303,0.0003151008195702021,0.08118295458386696,0.10652962736462275,0.1674820202355303,0.0,0.0
8498,8,140,4,M,2,0.6713054125852702,0.8275599288909232,0.1,0.8275599288909232,0.0002634139370683575,0.08118295458386696,0.6713054125852702,0.8275599288909232,0.0,0.0
8499,8,140,4,M,3,0.34419827627500155,0.1810945915686795,0.64,0.1810945915686795,0.0002815684999490642,0.08118295458386696,0.34419827627500155,0.18109459156867952,0.0,0.0
8500,8,141,4,M,0,0.9002211387272915,0.8300447695511058,0.9,0.8300447695511058,0.00025334977477257936,0.08118295458386696,0.9002211387272915,0.8300447695511058,0.0,0.0
8501,8,141,4,M,1,0.10652962736462275,0.1674820202355303,0.1,0.1674820202355303,0.0003151008195702021,0.08118295458386696,0.10652962736462275,0.1674820202355303,0.0,0.0
8502,8,141,4,M,2,0.6713054125852702,0.8275599288909232,0.1,0.8275599288909232,0.0002634139370683575,0.08118295458386696,0.6713054125852702,0.8275599288909232,0.0,0.0
8503,8,141,4,M,3,0.34419827627500155,0.18109459156867952,0.64,0.18109459156867952,0.0002815684999490642,0.08118295458386696,0.34419827627500155,0.1810945915686795,0.0,0.0
8504,8,142,4,M,0,0.9002211387272915,0.8300447695511058,0.9,0.8300447695511058,0.00025334977477257936,0.08118295458386696,0.9002211387272915,0.8300447695511058,0.0,0.0
8505,8,142,4,M,1,0.10652962736462275,0.1674820202355303,0.1,0.1674820202355303,0.0003151008195702021,0.08118295458386696,0.10652962736462275,0.1674820202355303,0.0,0.0
8506,8,142,4,M,2,0.6713054125852702,0.8275599288909232,0.1,0.8275599288909232,0.0002634139370683575,0.08118295458386696,0.6713054125852702,0.8275599288909232,0.0,0.0
8507,8,142,4,M,3,0.34419827627500155,0.1810945915686795,0.64,0.1810945915686795,0.0002815684999490642,0.08118295458386696,0.34419827627500155,0.18109459156867952,0.0,0.0
8508,8,143,4,M,0,0.9002211387272915,0.8300447695511058,0.9,0.8300447695511058,0.00025334977477257936,0.08118295458386696,0.9002211387272915,0.8300447695511058,0.0,0.0
8509,8,143,4,M,1,0.10652962736462275,0.1674820202355303,0.1,0.1674820202355303,0.0003151008195702021,0.08118295458386696,0.10652962736462275,0.1674820202355303,0.0,0.0
8510,8,143,4,M,2,0.6713054125852702,0.8275599288909232,0.1,0.8275599288909232,0.0002634139370683575,0.08118295458386696,0.6713054125852702,0.8275599288909232,0.0,0.0
8511,8,143,4,M,3,0.34419827627500155,0.18109459156867952,0.64,0.18109459156867952,0.0002815684999490642,0.08118295458386696,0.34419827627500155,0.1810945915686795,0.0,0.0
8512,8,144,4,M,0,0.9002211387272915,0.8300447695511058,0.9,0.8300447695511058,0.00025334977477257936,0.08118295458386696,0.9002211387272915,0.8300447695511058,0.0,0.0
8513,8,144,4,M,1,0.10652962736462275,0.1674820202355303,0.1,0.1674820202355303,0.0003151008195702021,0.08118295458386696,0.10652962736462275,0.1674820202355303,0.0,0.0
8514,8,144,4,M,2,0.6713054125852702,0.8275599288909232,0.1,0.8275599288909232,0.0002634139370683575,0.08118295458386696,0.6713054125852702,0.8275599288909232,0.0,0.0
8515,8,144,4,M,3,0.34419827627500155,0.1810945915686795,0.64,0.1810945915686795,0.0002815684999490642,0.08118295458386696,0.34419827627500155,0.18109459156867952,0.0,0.0
8516,8,145,4,M,0,0.9002211387272915,0.8300447695511058,0.9,0.8300447695511058,0.00025334977477257936,0.08118295458386696,0.9002211387272915,0.8300447695511058,0.0,0.0
8517,8,145,4,M,1,0.10652962736462275,0.1674820202355303,0.1,0.1674820202355303,0.0003151008195702021,0.08118295458386696,0.10652962736462275,0.1674820202355303,0.0,0.0
8518,8,145,4,M,2,0.6713054125852702,0.8275599288909232,0.1,0.8275599288909232,0.0002634139370683575,0.08118295458386696,0.6713054125852702,0.8275599288909232,0.0,0.0
8519,8,145,4,M,3,0.34419827627500155,0.18109459156867952,0.64,0.18109459156867952,0.0002815684999490642,0.08118295458386696,0.34419827627500155,0.1810945915686795,0.0,0.0
8520,8,146,4,M,0,0.9002211387272915,0.8300447695511058,0.9,0.8300447695511058,0.00025334977477257936,0.08118295458386696,0.9002211387272915,0.8300447695511058,0.0,0.0
8521,8,146,4,M,1,0.10652962736462275,0.1674820202355303,0.1,0.1674820202355303,0.0003151008195702021,0.08118295458386696,0.10652962736462275,0.1674820202355303,0.0,0.0
8522,8,146,4,M,2,0.6713054125852702,0.8275599288909232,0.1,0.8275599288909232,0.0002634139370683575,0.08118295458386696,0.6713054125852702,0.8275599288909232,0.0,0.0
8523,8,146,4,M,3,0.34419827627500155,0.1810945915686795,0.64,0.1810945915686795,0.0002815684999490642,0.08118295458386696,0.34419827627500155,0.18109459156867952,0.0,0.0
8524,8,147,4,M,0,0.9002211387272915,0.8300447695511058,0.9,0.8300447695511058,0.00025334977477257936,0.08118295458386696,0.9002211387272915,0.8300447695511058,0.0,0.0
8525,8,147,4,M,1,0.10652962736462275,0.1674820202355303,0.1,0.1674820202355303,0.0003151008195702021,0.08118295458386696,0.10652962736462275,0.1674820202355303,0.0,0.0
8526,8,147,4,M,2,0.6713054125852702,0.8275599288909232,0.1,0.8275599288909232,0.0002634139370683575,0.08118295458386696,0.6713054125852702,0.8275599288909232,0.0,0.0
8527,8,147,4,M,3,0.34419827627500155,0.18109459156867952,0.64,0.18109459156867952,0.0002815684999490642,0.08118295458386696,0.34419827627500155,0.1810945915686795,0.0,0.0
8528,8,148,4,M,0,0.9002211387272915,0.8300447695511058,0.9,0.8300447695511058,0.00025334977477257936,0.08118295458386696,0.9002211387272915,0.8300447695511058,0.0,0.0
8529,8,148,4,M,1,0.10652962736462275,0.1674820202355303,0.1,0.1674820202355303,0.0003151008195702021,0.08118295458386696,0.10652962736462275,0.1674820202355303,0.0,0.0
8530,8,148,4,M,2,0.6713054125852702,0.8275599288909232,0.1,0.8275599288909232,0.0002634139370683575,0.08118295458386696,0.6713054125852702,0.8275599288909232,0.0,0.0
8531,8,148,4,M,3,0.34419827627500155,0.1810945915686795,0.64,0.1810945915686795,0.0002815684999490642,0.08118295458386696,0.34419827627500155,0.18109459156867952,0.0,0.0
8532,8,149,4,M,0,0.9002211387272915,0.8300447695511058,0.9,0.8300447695511058,0.00025334977477257936,0.08118295458386696,0.9002211387272915,0.8300447695511058,0.0,0.0
8533,8,149,4,M,1,0.10652962736462275,0.1674820202355303,0.1,0.1674820202355303,0.0003151008195702021,0.08118295458386696,0.10652962736462275,0.1674820202355303,0.0,0.0
8534,8,149,4,M,2,0.6713054125852702,0.8275599288909232,0.1,0.8275599288909232,0.0002634139370683575,0.08118295458386696,0.6713054125852702,0.8275599288909232,0.0,0.0
8535,8,149,4,M,3,0.34419827627500155,0.18109459156867952,0.64,0.18109459156867952,0.0002815684999490642,0.08118295458386696,0.34419827627500155,0.1810945915686795,0.0,0.0
8536,8,150,4,M,0,0.9002211387272915,0.8300447695511058,0.9,0.8300447695511058,0.00025334977477257936,0.08118295458386696,0.9002211387272915,0.8300447695511058,0.0,0.0
8537,8,150,4,M,1,0.10652962736462275,0.1674820202355303,0.1,0.1674820202355303,0.0003151008195702021,0.08118295458386696,0.10652962736462275,0.1674820202355303,0.0,0.0
8538,8,150,4,M,2,0.6713054125852702,0.8275599288909232,0.1,0.8275599288909232,0.0002634139370683575,0.08118295458386696,0.6713054125852702,0.8275599288909232,0.0,0.0
8539,8,150,4,M,3,0.34419827627500155,0.1810945915686795,0.64,0.1810945915686795,0.0002815684999490642,0.08118295458386696,0.34419827627500155,0.18109459156867952,0.0,0.0
8540,8,151,4,M,0,0.9002211387272915,0.8300447695511058,0.9,0.8300447695511058,0.00025334977477257936,0.08118295458386696,0.9002211387272915,0.8300447695511058,0.0,0.0
8541,8,151,4,M,1,0.10652962736462275,0.1674820202355303,0.1,0.1674820202355303,0.0003151008195702021,0.08118295458386696,0.10652962736462275,0.1674820202355303,0.0,0.0
8542,8,151,4,M,2,0.6713054125852702,0.8275599288909232,0.1,0.8275599288909232,0.0002634139370683575,0.08118295458386696,0.6713054125852702,0.8275599288909232,0.0,0.0
8543,8,151,4,M,3,0.34419827627500155,0.18109459156867952,0.64,0.18109459156867952,0.0002815684999490642,0.08118295458386696,0.34419827627500155,0.1810945915686795,0.0,0.0
8544,8,152,4,M,0,0.9002211387272915,0.8300447695511058,0.9,0.8300447695511058,0.00025334977477257936,0.08118295458386696,0.9002211387272915,0.8300447695511058,0.0,0.0
8545,8,152,4,M,1,0.10652962736462275,0.1674820202355303,0.1,0.1674820202355303,0.0003151008195702021,0.08118295458386696,0.10652962736462275,0.1674820202355303,0.0,0.0
8546,8,152,4,M,2,0.6713054125852702,0.8275599288909232,0.1,0.8275599288909232,0.0002634139370683575,0.08118295458386696,0.6713054125852702,0.8275599288909232,0.0,0.0
8547,8,152,4,M,3,0.34419827627500155,0.1810945915686795,0.64,0.1810945915686795,0.0002815684999490642,0.08118295458386696,0.34419827627500155,0.18109459156867952,0.0,0.0
8548,8,153,4,M,0,0.9002211387272915,0.8300447695511058,0.9,0.8300447695511058,0.00025334977477257936,0.08118295458386696,0.9002211387272915,0.8300447695511058,0.0,0.0
8549,8,153,4,M,1,0.10652962736462275,0.1674820202355303,0.1,0.1674820202355303,0.0003151008195702021,0.08118295458386696,0.10652962736462275,0.1674820202355303,0.0,0.0
8550,8,153,4,M,2,0.6713054125852702,0.8275599288909232,0.1,0.8275599288909232,0.0002634139370683575,0.08118295458386696,0.6713054125852702,0.8275599288909232,0.0,0.0
8551,8,153,4,M,3,0.34419827627500155,0.18109459156867952,0.64,0.18109459156867952,0.0002815684999490642,0.08118295458386696,0.34419827627500155,0.1810945915686795,0.0,0.0
8552,8,154,4,M,0,0.9002211387272915,0.8300447695511058,0.9,0.8300447695511058,0.00025334977477257936,0.08118295458386696,0.9002211387272915,0.8300447695511058,0.0,0.0
8553,8,154,4,M,1,0.10652962736462275,0.1674820202355303,0.1,0.1674820202355303,0.0003151008195702021,0.08118295458386696,0.10652962736462275,0.1674820202355303,0.0,0.0
8554,8,154,4,M,2,0.6713054125852702,0.8275599288909232,0.1,0.8275599288909232,0.0002634139370683575,0.08118295458386696,0.6713054125852702,0.8275599288909232,0.0,0.0
8555,8,154,4,M,3,0.34419827627500155,0.1810945915686795,0.64,0.1810945915686795,0.0002815684999490642,0.08118295458386696,0.34419827627500155,0.18109459156867952,0.0,0.0
8556,8,155,4,M,0,0.9002211387272915,0.8300447695511058,0.9,0.8300447695511058,0.00025334977477257936,0.08118295458386696,0.9002211387272915,0.8300447695511058,0.0,0.0
8557,8,155,4,M,1,0.10652962736462275,0.1674820202355303,0.1,0.1674820202355303,0.0003151008195702021,0.08118295458386696,0.10652962736462275,0.1674820202355303,0.0,0.0
8558,8,155,4,M,2,0.6713054125852702,0.8275599288909232,0.1,0.8275599288909232,0.0002634139370683575,0.08118295458386696,0.6713054125852702,0.8275599288909232,0.0,0.0
8559,8,155,4,M,3,0.34419827627500155,0.18109459156867952,0.64,0.18109459156867952,0.0002815684999490642,0.08118295458386696,0.34419827627500155,0.1810945915686795,0.0,0.0
8560,8,156,4,M,0,0.9002211387272915,0.8300447695511058,0.9,0.8300447695511058,0.00025334977477257936,0.08118295458386696,0.9002211387272915,0.8300447695511058,0.0,0.0
8561,8,156,4,M,1,0.10652962736462275,0.1674820202355303,0.1,0.1674820202355303,0.0003151008195702021,0.08118295458386696,0.10652962736462275,0.1674820202355303,0.0,0.0
8562,8,156,4,M,2,0.6713054125852702,0.8275599288909232,0.1,0.8275599288909232,0.0002634139370683575,0.08118295458386696,0.6713054125852702,0.8275599288909232,0.0,0.0
8563,8,156,4,M,3,0.34419827627500155,0.1810945915686795,0.64,0.1810945915686795,0.0002815684999490642,0.08118295458386696,0.34419827627500155,0.18109459156867952,0.0,0.0
8564,8,157,4,M,0,0.9002211387272915,0.8300447695511058,0.9,0.8300447695511058,0.00025334977477257936,0.08118295458386696,0.9002211387272915,0.8300447695511058,0.0,0.0
8565,8,157,4,M,1,0.10652962736462275,0.1674820202355303,0.1,0.1674820202355303,0.0003151008195702021,0.08118295458386696,0.10652962736462275,0.1674820202355303,0.0,0.0
8566,8,157,4,M,2,0.6713054125852702,0.8275599288909232,0.1,0.8275599288909232,0.0002634139370683575,0.08118295458386696,0.6713054125852702,0.8275599288909232,0.0,0.0
8567,8,157,4,M,3,0.34419827627500155,0.18109459156867952,0.64,0.18109459156867952,0.0002815684999490642,0.08118295458386696,0.34419827627500155,0.1810945915686795,0.0,0.0
8568,8,158,4,M,0,0.9002211387272915,0.8300447695511058,0.9,0.8300447695511058,0.00025334977477257936,0.08118295458386696,0.9002211387272915,0.8300447695511058,0.0,0.0
8569,8,158,4,M,1,0.10652962736462275,0.1674820202355303,0.1,0.1674820202355303,0.0003151008195702021,0.08118295458386696,0.10652962736462275,0.1674820202355303,0.0,0.0
8570,8,158,4,M,2,0.6713054125852702,0.8275599288909232,0.1,0.8275599288909232,0.0002634139370683575,0.08118295458386696,0.6713054125852702,0.8275599288909232,0.0,0.0
8571,8,158,4,M,3,0.34419827627500155,0.1810945915686795,0.64,0.1810945915686795,0.0002815684999490642,0.08118295458386696,0.34419827627500155,0.18109459156867952,0.0,0.0
8572,8,159,4,M,0,0.9002211387272915,0.8300447695511058,0.9,0.8300447695511058,0.00025334977477257936,0.08118295458386696,0.9002211387272915,0.8300447695511058,0.0,0.0
8573,8,159,4,M,1,0.10652962736462275,0.1674820202355303,0.1,0.1674820202355303,0.0003151008195702021,0.08118295458386696,0.10652962736462275,0.1674820202355303,0.0,0.0
8574,8,159,4,M,2,0.6713054125852702,0.8275599288909232,0.1,0.8275599288909232,0.0002634139370683575,0.08118295458386696,0.6713054125852702,0.8275599288909232,0.0,0.0
8575,8,159,4,M,3,0.34419827627500155,0.18109459156867952,0.64,0.18109459156867952,0.0002815684999490642,0.08118295458386696,0.34419827627500155,0.1810945915686795,0.0,0.0
8576,8,160,4,M,0,0.9002211387272915,0.8300447695511058,0.9,0.8300447695511058,0.00025334977477257936,0.08118295458386696,0.9002211387272915,0.8300447695511058,0.0,0.0
8577,8,160,4,M,1,0.10652962736462275,0.1674820202355303,0.1,0.1674820202355303,0.0003151008195702021,0.08118295458386696,0.10652962736462275,0.1674820202355303,0.0,0.0
8578,8,160,4,M,2,0.6713054125852702,0.8275599288909232,0.1,0.8275599288909232,0.0002634139370683575,0.08118295458386696,0.6713054125852702,0.8275599288909232,0.0,0.0
8579,8,160,4,M,3,0.34419827627500155,0.1810945915686795,0.64,0.1810945915686795,0.0002815684999490642,0.08118295458386696,0.34419827627500155,0.18109459156867952,0.0,0.0
8580,8,161,4,M,0,0.9002211387272915,0.8300447695511058,0.9,0.8300447695511058,0.00025334977477257936,0.08118295458386696,0.9002211387272915,0.8300447695511058,0.0,0.0
8581,8,161,4,M,1,0.10652962736462275,0.1674820202355303,0.1,0.1674820202355303,0.0003151008195702021,0.08118295458386696,0.10652962736462275,0.1674820202355303,0.0,0.0
8582,8,161,4,M,2,0.6713054125852702,0.8275599288909232,0.1,0.8275599288909232,0.0002634139370683575,0.08118295458386696,0.6713054125852702,0.8275599288909232,0.0,0.0
8583,8,161,4,M,3,0.34419827627500155,0.18109459156867952,0.64,0.18109459156867952,0.0002815684999490642,0.08118295458386696,0.34419827627500155,0.1810945915686795,0.0,0.0
8584,8,162,4,M,0,0.9002211387272915,0.8300447695511058,0.9,0.8300447695511058,0.00025334977477257936,0.08118295458386696,0.9002211387272915,0.8300447695511058,0.0,0.0
8585,8,162,4,M,1,0.10652962736462275,0.1674820202355303,0.1,0.1674820202355303,0.0003151008195702021,0.08118295458386696,0.10652962736462275,0.1674820202355303,0.0,0.0
8586,8,162,4,M,2,0.6713054125852702,0.8275599288909232,0.1,0.8275599288909232,0.0002634139370683575,0.08118295458386696,0.6713054125852702,0.8275599288909232,0.0,0.0
8587,8,162,4,M,3,0.34419827627500155,0.1810945915686795,0.64,0.1810945915686795,0.0002815684999490642,0.08118295458386696,0.34419827627500155,0.18109459156867952,0.0,0.0
8588,8,163,4,M,0,0.9002211387272915,0.8300447695511058,0.9,0.8300447695511058,0.00025334977477257936,0.08118295458386696,0.9002211387272915,0.8300447695511058,0.0,0.0
8589,8,163,4,M,1,0.10652962736462275,0.1674820202355303,0.1,0.1674820202355303,0.0003151008195702021,0.08118295458386696,0.10652962736462275,0.1674820202355303,0.0,0.0
8590,8,163,4,M,2,0.6713054125852702,0.8275599288909232,0.1,0.8275599288909232,0.0002634139370683575,0.08118295458386696,0.6713054125852702,0.8275599288909232,0.0,0.0
8591,8,163,4,M,3,0.34419827627500155,0.18109459156867952,0.64,0.18109459156867952,0.0002815684999490642,0.08118295458386696,0.34419827627500155,0.1810945915686795,0.0,0.0
8592,8,164,4,M,0,0.9002211387272915,0.8300447695511058,0.9,0.8300447695511058,0.00025334977477257936,0.08118295458386696,0.9002211387272915,0.8300447695511058,0.0,0.0
8593,8,164,4,M,1,0.10652962736462275,0.1674820202355303,0.1,0.1674820202355303,0.0003151008195702021,0.08118295458386696,0.10652962736462275,0.1674820202355303,0.0,0.0
8594,8,164,4,M,2,0.6713054125852702,0.8275599288909232,0.1,0.8275599288909232,0.0002634139370683575,0.08118295458386696,0.6713054125852702,0.8275599288909232,0.0,0.0
8595,8,164,4,M,3,0.34419827627500155,0.1810945915686795,0.64,0.1810945915686795,0.0002815684999490642,0.08118295458386696,0.34419827627500155,0.18109459156867952,0.0,0.0
8596,8,165,4,M,0,0.9002211387272915,0.8300447695511058,0.9,0.8300447695511058,0.00025334977477257936,0.08118295458386696,0.9002211387272915,0.8300447695511058,0.0,0.0
8597,8,165,4,M,1,0.10652962736462275,0.1674820202355303,0.1,0.1674820202355303,0.0003151008195702021,0.08118295458386696,0.10652962736462275,0.1674820202355303,0.0,0.0
8598,8,165,4,M,2,0.6713054125852702,0.8275599288909232,0.1,0.8275599288909232,0.0002634139370683575,0.08118295458386696,0.6713054125852702,0.8275599288909232,0.0,0.0
8599,8,165,4,M,3,0.34419827627500155,0.18109459156867952,0.64,0.18109459156867952,0.0002815684999490642,0.08118295458386696,0.34419827627500155,0.1810945915686795,0.0,0.0
8600,8,166,4,M,0,0.9002211387272915,0.8300447695511058,0.9,0.8300447695511058,0.00025334977477257936,0.08118295458386696,0.9002211387272915,0.8300447695511058,0.0,0.0
8601,8,166,4,M,1,0.10652962736462275,0.1674820202355303,0.1,0.1674820202355303,0.0003151008195702021,0.08118295458386696,0.10652962736462275,0.1674820202355303,0.0,0.0
8602,8,166,4,M,2,0.6713054125852702,0.8275599288909232,0.1,0.8275599288909232,0.0002634139370683575,0.08118295458386696,0.6713054125852702,0.8275599288909232,0.0,0.0
8603,8,166,4,M,3,0.34419827627500155,0.1810945915686795,0.64,0.1810945915686795,0.0002815684999490642,0.08118295458386696,0.34419827627500155,0.18109459156867952,0.0,0.0
8604,8,167,4,M,0,0.9002211387272915,0.8300447695511058,0.9,0.8300447695511058,0.00025334977477257936,0.08118295458386696,0.9002211387272915,0.8300447695511058,0.0,0.0
8605,8,167,4,M,1,0.10652962736462275,0.1674820202355303,0.1,0.1674820202355303,0.0003151008195702021,0.08118295458386696,0.10652962736462275,0.1674820202355303,0.0,0.0
8606,8,167,4,M,2,0.6713054125852702,0.8275599288909232,0.1,0.8275599288909232,0.0002634139370683575,0.08118295458386696,0.6713054125852702,0.8275599288909232,0.0,0.0
8607,8,167,4,M,3,0.34419827627500155,0.18109459156867952,0.64,0.18109459156867952,0.0002815684999490642,0.08118295458386696,0.34419827627500155,0.1810945915686795,0.0,0.0
8608,8,168,4,M,0,0.9002211387272915,0.8300447695511058,0.9,0.8300447695511058,0.00025334977477257936,0.08118295458386696,0.9002211387272915,0.8300447695511058,0.0,0.0
8609,8,168,4,M,1,0.10652962736462275,0.1674820202355303,0.1,0.1674820202355303,0.0003151008195702021,0.08118295458386696,0.10652962736462275,0.1674820202355303,0.0,0.0
8610,8,168,4,M,2,0.6713054125852702,0.8275599288909232,0.1,0.8275599288909232,0.0002634139370683575,0.08118295458386696,0.6713054125852702,0.8275599288909232,0.0,0.0
8611,8,168,4,M,3,0.34419827627500155,0.1810945915686795,0.64,0.1810945915686795,0.0002815684999490642,0.08118295458386696,0.34419827627500155,0.18109459156867952,0.0,0.0
8612,8,169,4,M,0,0.9002211387272915,0.8300447695511058,0.9,0.8300447695511058,0.00025334977477257936,0.08118295458386696,0.9002211387272915,0.8300447695511058,0.0,0.0
8613,8,169,4,M,1,0.10652962736462275,0.1674820202355303,0.1,0.1674820202355303,0.0003151008195702021,0.08118295458386696,0.10652962736462275,0.1674820202355303,0.0,0.0
8614,8,169,4,M,2,0.6713054125852702,0.8275599288909232,0.1,0.8275599288909232,0.0002634139370683575,0.08118295458386696,0.6713054125852702,0.8275599288909232,0.0,0.0
8615,8,169,4,M,3,0.34419827627500155,0.18109459156867952,0.64,0.18109459156867952,0.0002815684999490642,0.08118295458386696,0.34419827627500155,0.1810945915686795,0.0,0.0
8616,8,170,4,M,0,0.9002211387272915,0.8300447695511058,0.9,0.8300447695511058,0.00025334977477257936,0.08118295458386696,0.9002211387272915,0.8300447695511058,0.0,0.0
8617,8,170,4,M,1,0.10652962736462275,0.1674820202355303,0.1,0.1674820202355303,0.0003151008195702021,0.08118295458386696,0.10652962736462275,0.1674820202355303,0.0,0.0
8618,8,170,4,M,2,0.6713054125852702,0.8275599288909232,0.1,0.8275599288909232,0.0002634139370683575,0.08118295458386696,0.6713054125852702,0.8275599288909232,0.0,0.0
8619,8,170,4,M,3,0.34419827627500155,0.1810945915686795,0.64,0.1810945915686795,0.0002815684999490642,0.08118295458386696,0.34419827627500155,0.18109459156867952,0.0,0.0
8620,8,171,4,M,0,0.9002211387272915,0.8300447695511058,0.9,0.8300447695511058,0.00025334977477257936,0.08118295458386696,0.9002211387272915,0.8300447695511058,0.0,0.0
8621,8,171,4,M,1,0.10652962736462275,0.1674820202355303,0.1,0.1674820202355303,0.0003151008195702021,0.08118295458386696,0.10652962736462275,0.1674820202355303,0.0,0.0
8622,8,171,4,M,2,0.6713054125852702,0.8275599288909232,0.1,0.8275599288909232,0.0002634139370683575,0.08118295458386696,0.6713054125852702,0.8275599288909232,0.0,0.0
8623,8,171,4,M,3,0.34419827627500155,0.18109459156867952,0.64,0.18109459156867952,0.0002815684999490642,0.08118295458386696,0.34419827627500155,0.1810945915686795,0.0,0.0
8624,8,172,4,M,0,0.9002211387272915,0.8300447695511058,0.9,0.8300447695511058,0.00025334977477257936,0.08118295458386696,0.9002211387272915,0.8300447695511058,0.0,0.0
8625,8,172,4,M,1,0.10652962736462275,0.1674820202355303,0.1,0.1674820202355303,0.0003151008195702021,0.08118295458386696,0.10652962736462275,0.1674820202355303,0.0,0.0
8626,8,172,4,M,2,0.6713054125852702,0.8275599288909232,0.1,0.8275599288909232,0.0002634139370683575,0.08118295458386696,0.6713054125852702,0.8275599288909232,0.0,0.0
8627,8,172,4,M,3,0.34419827627500155,0.1810945915686795,0.64,0.1810945915686795,0.0002815684999490642,0.08118295458386696,0.34419827627500155,0.18109459156867952,0.0,0.0
8628,8,173,4,M,0,0.9002211387272915,0.8300447695511058,0.9,0.8300447695511058,0.00025334977477257936,0.08118295458386696,0.9002211387272915,0.8300447695511058,0.0,0.0
8629,8,173,4,M,1,0.10652962736462275,0.1674820202355303,0.1,0.1674820202355303,0.0003151008195702021,0.08118295458386696,0.10652962736462275,0.1674820202355303,0.0,0.0
8630,8,173,4,M,2,0.6713054125852702,0.8275599288909232,0.1,0.8275599288909232,0.0002634139370683575,0.08118295458386696,0.6713054125852702,0.8275599288909232,0.0,0.0
8631,8,173,4,M,3,0.34419827627500155,0.18109459156867952,0.64,0.18109459156867952,0.0002815684999490642,0.08118295458386696,0.34419827627500155,0.1810945915686795,0.0,0.0
8632,8,174,4,M,0,0.9002211387272915,0.8300447695511058,0.9,0.8300447695511058,0.00025334977477257936,0.08118295458386696,0.9002211387272915,0.8300447695511058,0.0,0.0
8633,8,174,4,M,1,0.10652962736462275,0.1674820202355303,0.1,0.1674820202355303,0.0003151008195702021,0.08118295458386696,0.10652962736462275,0.1674820202355303,0.0,0.0
8634,8,174,4,M,2,0.6713054125852702,0.8275599288909232,0.1,0.8275599288909232,0.0002634139370683575,0.08118295458386696,0.6713054125852702,0.8275599288909232,0.0,0.0
8635,8,174,4,M,3,0.34419827627500155,0.1810945915686795,0.64,0.1810945915686795,0.0002815684999490642,0.08118295458386696,0.34419827627500155,0.18109459156867952,0.0,0.0
8636,8,175,4,M,0,0.9002211387272915,0.8300447695511058,0.9,0.8300447695511058,0.00025334977477257936,0.08118295458386696,0.9002211387272915,0.8300447695511058,0.0,0.0
8637,8,175,4,M,1,0.10652962736462275,0.1674820202355303,0.1,0.1674820202355303,0.0003151008195702021,0.08118295458386696,0.10652962736462275,0.1674820202355303,0.0,0.0
8638,8,175,4,M,2,0.6713054125852702,0.8275599288909232,0.1,0.8275599288909232,0.0002634139370683575,0.08118295458386696,0.6713054125852702,0.8275599288909232,0.0,0.0
8639,8,175,4,M,3,0.34419827627500155,0.18109459156867952,0.64,0.18109459156867952,0.0002815684999490642,0.08118295458386696,0.34419827627500155,0.1810945915686795,0.0,0.0
8640,8,176,4,M,0,0.9002211387272915,0.8300447695511058,0.9,0.8300447695511058,0.00025334977477257936,0.08118295458386696,0.9002211387272915,0.8300447695511058,0.0,0.0
8641,8,176,4,M,1,0.10652962736462275,0.1674820202355303,0.1,0.1674820202355303,0.0003151008195702021,0.08118295458386696,0.10652962736462275,0.1674820202355303,0.0,0.0
8642,8,176,4,M,2,0.6713054125852702,0.8275599288909232,0.1,0.8275599288909232,0.0002634139370683575,0.08118295458386696,0.6713054125852702,0.8275599288909232,0.0,0.0
8643,8,176,4,M,3,0.34419827627500155,0.1810945915686795,0.64,0.1810945915686795,0.0002815684999490642,0.08118295458386696,0.34419827627500155,0.18109459156867952,0.0,0.0
8644,8,177,4,M,0,0.9002211387272915,0.8300447695511058,0.9,0.8300447695511058,0.00025334977477257936,0.08118295458386696,0.9002211387272915,0.8300447695511058,0.0,0.0
8645,8,177,4,M,1,0.10652962736462275,0.1674820202355303,0.1,0.1674820202355303,0.0003151008195702021,0.08118295458386696,0.10652962736462275,0.1674820202355303,0.0,0.0
8646,8,177,4,M,2,0.6713054125852702,0.8275599288909232,0.1,0.8275599288909232,0.0002634139370683575,0.08118295458386696,0.6713054125852702,0.8275599288909232,0.0,0.0
8647,8,177,4,M,3,0.34419827627500155,0.18109459156867952,0.64,0.18109459156867952,0.0002815684999490642,0.08118295458386696,0.34419827627500155,0.1810945915686795,0.0,0.0
8648,8,178,4,M,0,0.9002211387272915,0.8300447695511058,0.9,0.8300447695511058,0.00025334977477257936,0.08118295458386696,0.9002211387272915,0.8300447695511058,0.0,0.0
8649,8,178,4,M,1,0.10652962736462275,0.1674820202355303,0.1,0.1674820202355303,0.0003151008195702021,0.08118295458386696,0.10652962736462275,0.1674820202355303,0.0,0.0
8650,8,178,4,M,2,0.6713054125852702,0.8275599288909232,0.1,0.8275599288909232,0.0002634139370683575,0.08118295458386696,0.6713054125852702,0.8275599288909232,0.0,0.0
8651,8,178,4,M,3,0.34419827627500155,0.1810945915686795,0.64,0.1810945915686795,0.0002815684999490642,0.08118295458386696,0.34419827627500155,0.18109459156867952,0.0,0.0
8652,8,179,4,M,0,0.9002211387272915,0.8300447695511058,0.9,0.8300447695511058,0.00025334977477257936,0.08118295458386696,0.9002211387272915,0.8300447695511058,0.0,0.0
8653,8,179,4,M,1,0.10652962736462275,0.1674820202355303,0.1,0.1674820202355303,0.0003151008195702021,0.08118295458386696,0.10652962736462275,0.1674820202355303,0.0,0.0
8654,8,179,4,M,2,0.6713054125852702,0.8275599288909232,0.1,0.8275599288909232,0.0002634139370683575,0.08118295458386696,0.6713054125852702,0.8275599288909232,0.0,0.0
8655,8,179,4,M,3,0.34419827627500155,0.18109459156867952,0.64,0.18109459156867952,0.0002815684999490642,0.08118295458386696,0.34419827627500155,0.1810945915686795,0.0,0.0
8656,8,180,4,M,0,0.9002211387272915,0.8300447695511058,0.9,0.8300447695511058,0.00025334977477257936,0.08118295458386696,0.9002211387272915,0.8300447695511058,0.0,0.0
8657,8,180,4,M,1,0.10652962736462275,0.1674820202355303,0.1,0.1674820202355303,0.0003151008195702021,0.08118295458386696,0.10652962736462275,0.1674820202355303,0.0,0.0
8658,8,180,4,M,2,0.6713054125852702,0.8275599288909232,0.1,0.8275599288909232,0.0002634139370683575,0.08118295458386696,0.6713054125852702,0.8275599288909232,0.0,0.0
8659,8,180,4,M,3,0.34419827627500155,0.1810945915686795,0.64,0.1810945915686795,0.0002815684999490642,0.08118295458386696,0.34419827627500155,0.18109459156867952,0.0,0.0
8660,8,181,4,M,0,0.9002211387272915,0.8300447695511058,0.9,0.8300447695511058,0.00025334977477257936,0.08118295458386696,0.9002211387272915,0.8300447695511058,0.0,0.0
8661,8,181,4,M,1,0.10652962736462275,0.1674820202355303,0.1,0.1674820202355303,0.0003151008195702021,0.08118295458386696,0.10652962736462275,0.1674820202355303,0.0,0.0
8662,8,181,4,M,2,0.6713054125852702,0.8275599288909232,0.1,0.8275599288909232,0.0002634139370683575,0.08118295458386696,0.6713054125852702,0.8275599288909232,0.0,0.0
8663,8,181,4,M,3,0.34419827627500155,0.18109459156867952,0.64,0.18109459156867952,0.0002815684999490642,0.08118295458386696,0.34419827627500155,0.1810945915686795,0.0,0.0
8664,8,182,4,M,0,0.9002211387272915,0.8300447695511058,0.9,0.8300447695511058,0.00025334977477257936,0.08118295458386696,0.9002211387272915,0.8300447695511058,0.0,0.0
8665,8,182,4,M,1,0.10652962736462275,0.1674820202355303,0.1,0.1674820202355303,0.0003151008195702021,0.08118295458386696,0.10652962736462275,0.1674820202355303,0.0,0.0
8666,8,182,4,M,2,0.6713054125852702,0.8275599288909232,0.1,0.8275599288909232,0.0002634139370683575,0.08118295458386696,0.6713054125852702,0.8275599288909232,0.0,0.0
8667,8,182,4,M,3,0.34419827627500155,0.1810945915686795,0.64,0.1810945915686795,0.0002815684999490642,0.08118295458386696,0.34419827627500155,0.18109459156867952,0.0,0.0
8668,8,183,4,M,0,0.9002211387272915,0.8300447695511058,0.9,0.8300447695511058,0.00025334977477257936,0.08118295458386696,0.9002211387272915,0.8300447695511058,0.0,0.0
8669,8,183,4,M,1,0.10652962736462275,0.1674820202355303,0.1,0.1674820202355303,0.0003151008195702021,0.08118295458386696,0.10652962736462275,0.1674820202355303,0.0,0.0
8670,8,183,4,M,2,0.6713054125852702,0.8275599288909232,0.1,0.8275599288909232,0.0002634139370683575,0.08118295458386696,0.6713054125852702,0.8275599288909232,0.0,0.0
8671,8,183,4,M,3,0.34419827627500155,0.18109459156867952,0.64,0.18109459156867952,0.0002815684999490642,0.08118295458386696,0.34419827627500155,0.1810945915686795,0.0,0.0
8672,8,184,4,M,0,0.9002211387272915,0.8300447695511058,0.9,0.8300447695511058,0.00025334977477257936,0.08118295458386696,0.9002211387272915,0.8300447695511058,0.0,0.0
8673,8,184,4,M,1,0.10652962736462275,0.1674820202355303,0.1,0.1674820202355303,0.0003151008195702021,0.08118295458386696,0.10652962736462275,0.1674820202355303,0.0,0.0
8674,8,184,4,M,2,0.6713054125852702,0.8275599288909232,0.1,0.8275599288909232,0.0002634139370683575,0.08118295458386696,0.6713054125852702,0.8275599288909232,0.0,0.0
8675,8,184,4,M,3,0.34419827627500155,0.1810945915686795,0.64,0.1810945915686795,0.0002815684999490642,0.08118295458386696,0.34419827627500155,0.18109459156867952,0.0,0.0
8676,8,185,4,M,0,0.9002211387272915,0.8300447695511058,0.9,0.8300447695511058,0.00025334977477257936,0.08118295458386696,0.9002211387272915,0.8300447695511058,0.0,0.0
8677,8,185,4,M,1,0.10652962736462275,0.1674820202355303,0.1,0.1674820202355303,0.0003151008195702021,0.08118295458386696,0.10652962736462275,0.1674820202355303,0.0,0.0
8678,8,185,4,M,2,0.6713054125852702,0.8275599288909232,0.1,0.8275599288909232,0.0002634139370683575,0.08118295458386696,0.6713054125852702,0.8275599288909232,0.0,0.0
8679,8,185,4,M,3,0.34419827627500155,0.18109459156867952,0.64,0.18109459156867952,0.0002815684999490642,0.08118295458386696,0.34419827627500155,0.1810945915686795,0.0,0.0
8680,8,186,4,M,0,0.9002211387272915,0.8300447695511058,0.9,0.8300447695511058,0.00025334977477257936,0.08118295458386696,0.9002211387272915,0.8300447695511058,0.0,0.0
8681,8,186,4,M,1,0.10652962736462275,0.1674820202355303,0.1,0.1674820202355303,0.0003151008195702021,0.08118295458386696,0.10652962736462275,0.1674820202355303,0.0,0.0
8682,8,186,4,M,2,0.6713054125852702,0.8275599288909232,0.1,0.8275599288909232,0.0002634139370683575,0.08118295458386696,0.6713054125852702,0.8275599288909232,0.0,0.0
8683,8,186,4,M,3,0.34419827627500155,0.1810945915686795,0.64,0.1810945915686795,0.0002815684999490642,0.08118295458386696,0.34419827627500155,0.18109459156867952,0.0,0.0
8684,8,187,4,M,0,0.9002211387272915,0.8300447695511058,0.9,0.8300447695511058,0.00025334977477257936,0.08118295458386696,0.9002211387272915,0.8300447695511058,0.0,0.0
8685,8,187,4,M,1,0.10652962736462275,0.1674820202355303,0.1,0.1674820202355303,0.0003151008195702021,0.08118295458386696,0.10652962736462275,0.1674820202355303,0.0,0.0
8686,8,187,4,M,2,0.6713054125852702,0.8275599288909232,0.1,0.8275599288909232,0.0002634139370683575,0.08118295458386696,0.6713054125852702,0.8275599288909232,0.0,0.0
8687,8,187,4,M,3,0.34419827627500155,0.18109459156867952,0.64,0.18109459156867952,0.0002815684999490642,0.08118295458386696,0.34419827627500155,0.1810945915686795,0.0,0.0
8688,8,188,4,M,0,0.9002211387272915,0.8300447695511058,0.9,0.8300447695511058,0.00025334977477257936,0.08118295458386696,0.9002211387272915,0.8300447695511058,0.0,0.0
8689,8,188,4,M,1,0.10652962736462275,0.1674820202355303,0.1,0.1674820202355303,0.0003151008195702021,0.08118295458386696,0.10652962736462275,0.1674820202355303,0.0,0.0
8690,8,188,4,M,2,0.6713054125852702,0.8275599288909232,0.1,0.8275599288909232,0.0002634139370683575,0.08118295458386696,0.6713054125852702,0.8275599288909232,0.0,0.0
8691,8,188,4,M,3,0.34419827627500155,0.1810945915686795,0.64,0.1810945915686795,0.0002815684999490642,0.08118295458386696,0.34419827627500155,0.18109459156867952,0.0,0.0
8692,8,189,4,M,0,0.9002211387272915,0.8300447695511058,0.9,0.8300447695511058,0.00025334977477257936,0.08118295458386696,0.9002211387272915,0.8300447695511058,0.0,0.0
8693,8,189,4,M,1,0.10652962736462275,0.1674820202355303,0.1,0.1674820202355303,0.0003151008195702021,0.08118295458386696,0.10652962736462275,0.1674820202355303,0.0,0.0
8694,8,189,4,M,2,0.6713054125852702,0.8275599288909232,0.1,0.8275599288909232,0.0002634139370683575,0.08118295458386696,0.6713054125852702,0.8275599288909232,0.0,0.0
8695,8,189,4,M,3,0.34419827627500155,0.18109459156867952,0.64,0.18109459156867952,0.0002815684999490642,0.08118295458386696,0.34419827627500155,0.1810945915686795,0.0,0.0
8696,8,190,4,M,0,0.9002211387272915,0.8300447695511058,0.9,0.8300447695511058,0.00025334977477257936,0.08118295458386696,0.9002211387272915,0.8300447695511058,0.0,0.0
8697,8,190,4,M,1,0.10652962736462275,0.1674820202355303,0.1,0.1674820202355303,0.0003151008195702021,0.08118295458386696,0.10652962736462275,0.1674820202355303,0.0,0.0
8698,8,190,4,M,2,0.6713054125852702,0.8275599288909232,0.1,0.8275599288909232,0.0002634139370683575,0.08118295458386696,0.6713054125852702,0.8275599288909232,0.0,0.0
8699,8,190,4,M,3,0.34419827627500155,0.1810945915686795,0.64,0.1810945915686795,0.0002815684999490642,0.08118295458386696,0.34419827627500155,0.18109459156867952,0.0,0.0
8700,8,191,4,M,0,0.9002211387272915,0.8300447695511058,0.9,0.8300447695511058,0.00025334977477257936,0.08118295458386696,0.9002211387272915,0.8300447695511058,0.0,0.0
8701,8,191,4,M,1,0.10652962736462275,0.1674820202355303,0.1,0.1674820202355303,0.0003151008195702021,0.08118295458386696,0.10652962736462275,0.1674820202355303,0.0,0.0
8702,8,191,4,M,2,0.6713054125852702,0.8275599288909232,0.1,0.8275599288909232,0.0002634139370683575,0.08118295458386696,0.6713054125852702,0.8275599288909232,0.0,0.0
8703,8,191,4,M,3,0.34419827627500155,0.18109459156867952,0.64,0.18109459156867952,0.0002815684999490642,0.08118295458386696,0.34419827627500155,0.1810945915686795,0.0,0.0
8704,8,192,4,M,0,0.9002211387272915,0.8300447695511058,0.9,0.8300447695511058,0.00025334977477257936,0.08118295458386696,0.9002211387272915,0.8300447695511058,0.0,0.0
8705,8,192,4,M,1,0.10652962736462275,0.1674820202355303,0.1,0.1674820202355303,0.0003151008195702021,0.08118295458386696,0.10652962736462275,0.1674820202355303,0.0,0.0
8706,8,192,4,M,2,0.6713054125852702,0.8275599288909232,0.1,0.8275599288909232,0.0002634139370683575,0.08118295458386696,0.6713054125852702,0.8275599288909232,0.0,0.0
8707,8,192,4,M,3,0.34419827627500155,0.1810945915686795,0.64,0.1810945915686795,0.0002815684999490642,0.08118295458386696,0.34419827627500155,0.18109459156867952,0.0,0.0
8708,8,193,4,M,0,0.9002211387272915,0.8300447695511058,0.9,0.8300447695511058,0.00025334977477257936,0.08118295458386696,0.9002211387272915,0.8300447695511058,0.0,0.0
8709,8,193,4,M,1,0.10652962736462275,0.1674820202355303,0.1,0.1674820202355303,0.0003151008195702021,0.08118295458386696,0.10652962736462275,0.1674820202355303,0.0,0.0
8710,8,193,4,M,2,0.6713054125852702,0.8275599288909232,0.1,0.8275599288909232,0.0002634139370683575,0.08118295458386696,0.6713054125852702,0.8275599288909232,0.0,0.0
8711,8,193,4,M,3,0.34419827627500155,0.18109459156867952,0.64,0.18109459156867952,0.0002815684999490642,0.08118295458386696,0.34419827627500155,0.1810945915686795,0.0,0.0
8712,8,194,4,M,0,0.9002211387272915,0.8300447695511058,0.9,0.8300447695511058,0.00025334977477257936,0.08118295458386696,0.9002211387272915,0.8300447695511058,0.0,0.0
8713,8,194,4,M,1,0.10652962736462275,0.1674820202355303,0.1,0.1674820202355303,0.0003151008195702021,0.08118295458386696,0.10652962736462275,0.1674820202355303,0.0,0.0
8714,8,194,4,M,2,0.6713054125852702,0.8275599288909232,0.1,0.8275599288909232,0.0002634139370683575,0.08118295458386696,0.6713054125852702,0.8275599288909232,0.0,0.0
8715,8,194,4,M,3,0.34419827627500155,0.1810945915686795,0.64,0.1810945915686795,0.0002815684999490642,0.08118295458386696,0.34419827627500155,0.18109459156867952,0.0,0.0
8716,8,195,4,M,0,0.9002211387272915,0.8300447695511058,0.9,0.8300447695511058,0.00025334977477257936,0.08118295458386696,0.9002211387272915,0.8300447695511058,0.0,0.0
8717,8,195,4,M,1,0.10652962736462275,0.1674820202355303,0.1,0.1674820202355303,0.0003151008195702021,0.08118295458386696,0.10652962736462275,0.1674820202355303,0.0,0.0
8718,8,195,4,M,2,0.6713054125852702,0.8275599288909232,0.1,0.8275599288909232,0.0002634139370683575,0.08118295458386696,0.6713054125852702,0.8275599288909232,0.0,0.0
8719,8,195,4,M,3,0.34419827627500155,0.18109459156867952,0.64,0.18109459156867952,0.0002815684999490642,0.08118295458386696,0.34419827627500155,0.1810945915686795,0.0,0.0
8720,8,196,4,M,0,0.9002211387272915,0.8300447695511058,0.9,0.8300447695511058,0.00025334977477257936,0.08118295458386696,0.9002211387272915,0.8300447695511058,0.0,0.0
8721,8,196,4,M,1,0.10652962736462275,0.1674820202355303,0.1,0.1674820202355303,0.0003151008195702021,0.08118295458386696,0.10652962736462275,0.1674820202355303,0.0,0.0
8722,8,196,4,M,2,0.6713054125852702,0.8275599288909232,0.1,0.8275599288909232,0.0002634139370683575,0.08118295458386696,0.6713054125852702,0.8275599288909232,0.0,0.0
8723,8,196,4,M,3,0.34419827627500155,0.1810945915686795,0.64,0.1810945915686795,0.0002815684999490642,0.08118295458386696,0.34419827627500155,0.18109459156867952,0.0,0.0
8724,8,197,4,M,0,0.9002211387272915,0.8300447695511058,0.9,0.8300447695511058,0.00025334977477257936,0.08118295458386696,0.9002211387272915,0.8300447695511058,0.0,0.0
8725,8,197,4,M,1,0.10652962736462275,0.1674820202355303,0.1,0.1674820202355303,0.0003151008195702021,0.08118295458386696,0.10652962736462275,0.1674820202355303,0.0,0.0
8726,8,197,4,M,2,0.6713054125852702,0.8275599288909232,0.1,0.8275599288909232,0.0002634139370683575,0.08118295458386696,0.6713054125852702,0.8275599288909232,0.0,0.0
8727,8,197,4,M,3,0.34419827627500155,0.18109459156867952,0.64,0.18109459156867952,0.0002815684999490642,0.08118295458386696,0.34419827627500155,0.1810945915686795,0.0,0.0
8728,8,198,4,M,0,0.9002211387272915,0.8300447695511058,0.9,0.8300447695511058,0.00025334977477257936,0.08118295458386696,0.9002211387272915,0.8300447695511058,0.0,0.0
8729,8,198,4,M,1,0.10652962736462275,0.1674820202355303,0.1,0.1674820202355303,0.0003151008195702021,0.08118295458386696,0.10652962736462275,0.1674820202355303,0.0,0.0
8730,8,198,4,M,2,0.6713054125852702,0.8275599288909232,0.1,0.8275599288909232,0.0002634139370683575,0.08118295458386696,0.6713054125852702,0.8275599288909232,0.0,0.0
8731,8,198,4,M,3,0.34419827627500155,0.1810945915686795,0.64,0.1810945915686795,0.0002815684999490642,0.08118295458386696,0.34419827627500155,0.18109459156867952,0.0,0.0
8732,8,199,4,M,0,0.9002211387272915,0.8300447695511058,0.9,0.8300447695511058,0.00025334977477257936,0.08118295458386696,0.9002211387272915,0.8300447695511058,0.0,0.0
8733,8,199,4,M,1,0.10652962736462275,0.1674820202355303,0.1,0.1674820202355303,0.0003151008195702021,0.08118295458386696,0.10652962736462275,0.1674820202355303,0.0,0.0
8734,8,199,4,M,2,0.6713054125852702,0.8275599288909232,0.1,0.8275599288909232,0.0002634139370683575,0.08118295458386696,0.6713054125852702,0.8275599288909232,0.0,0.0
8735,8,199,4,M,3,0.34419827627500155,0.18109459156867952,0.64,0.18109459156867952,0.0002815684999490642,0.08118295458386696,0.34419827627500155,0.1810945915686795,0.0,0.0
8736,8,200,4,M,0,0.9002211387272915,0.8300447695511058,0.9,0.8300447695511058,0.00025334977477257936,0.08118295458386696,0.9002211387272915,0.8300447695511058,0.0,0.0
8737,8,200,4,M,1,0.10652962736462275,0.1674820202355303,0.1,0.1674820202355303,0.0003151008195702021,0.08118295458386696,0.10652962736462275,0.1674820202355303,0.0,0.0
8738,8,200,4,M,2,0.6713054125852702,0.8275599288909232,0.1,0.8275599288909232,0.0002634139370683575,0.08118295458386696,0.6713054125852702,0.8275599288909232,0.0,0.0
8739,8,200,4,M,3,0.34419827627500155,0.1810945915686795,0.64,0.1810945915686795,0.0002815684999490642,0.08118295458386696,0.34419827627500155,0.18109459156867952,0.0,0.0
8740,8,201,4,M,0,0.9002211387272915,0.8300447695511058,0.9,0.8300447695511058,0.00025334977477257936,0.08118295458386696,0.9002211387272915,0.8300447695511058,0.0,0.0
8741,8,201,4,M,1,0.10652962736462275,0.1674820202355303,0.1,0.1674820202355303,0.0003151008195702021,0.08118295458386696,0.10652962736462275,0.1674820202355303,0.0,0.0
8742,8,201,4,M,2,0.6713054125852702,0.8275599288909232,0.1,0.8275599288909232,0.0002634139370683575,0.08118295458386696,0.6713054125852702,0.8275599288909232,0.0,0.0
8743,8,201,4,M,3,0.34419827627500155,0.18109459156867952,0.64,0.18109459156867952,0.0002815684999490642,0.08118295458386696,0.34419827627500155,0.1810945915686795,0.0,0.0
8744,8,202,4,M,0,0.9002211387272915,0.8300447695511058,0.9,0.8300447695511058,0.00025334977477257936,0.08118295458386696,0.9002211387272915,0.8300447695511058,0.0,0.0
8745,8,202,4,M,1,0.10652962736462275,0.1674820202355303,0.1,0.1674820202355303,0.0003151008195702021,0.08118295458386696,0.10652962736462275,0.1674820202355303,0.0,0.0
8746,8,202,4,M,2,0.6713054125852702,0.8275599288909232,0.1,0.8275599288909232,0.0002634139370683575,0.08118295458386696,0.6713054125852702,0.8275599288909232,0.0,0.0
8747,8,202,4,M,3,0.34419827627500155,0.1810945915686795,0.64,0.1810945915686795,0.0002815684999490642,0.08118295458386696,0.34419827627500155,0.18109459156867952,0.0,0.0
8748,8,203,4,M,0,0.9002211387272915,0.8300447695511058,0.9,0.8300447695511058,0.00025334977477257936,0.08118295458386696,0.9002211387272915,0.8300447695511058,0.0,0.0
8749,8,203,4,M,1,0.10652962736462275,0.1674820202355303,0.1,0.1674820202355303,0.0003151008195702021,0.08118295458386696,0.10652962736462275,0.1674820202355303,0.0,0.0
8750,8,203,4,M,2,0.6713054125852702,0.8275599288909232,0.1,0.8275599288909232,0.0002634139370683575,0.08118295458386696,0.6713054125852702,0.8275599288909232,0.0,0.0
8751,8,203,4,M,3,0.34419827627500155,0.18109459156867952,0.64,0.18109459156867952,0.0002815684999490642,0.08118295458386696,0.34419827627500155,0.1810945915686795,0.0,0.0
8752,8,204,4,M,0,0.9002211387272915,0.8300447695511058,0.9,0.8300447695511058,0.00025334977477257936,0.08118295458386696,0.9002211387272915,0.8300447695511058,0.0,0.0
8753,8,204,4,M,1,0.10652962736462275,0.1674820202355303,0.1,0.1674820202355303,0.0003151008195702021,0.08118295458386696,0.10652962736462275,0.1674820202355303,0.0,0.0
8754,8,204,4,M,2,0.6713054125852702,0.8275599288909232,0.1,0.8275599288909232,0.0002634139370683575,0.08118295458386696,0.6713054125852702,0.8275599288909232,0.0,0.0
8755,8,204,4,M,3,0.34419827627500155,0.1810945915686795,0.64,0.1810945915686795,0.0002815684999490642,0.08118295458386696,0.34419827627500155,0.18109459156867952,0.0,0.0
8756,8,205,4,M,0,0.9002211387272915,0.8300447695511058,0.9,0.8300447695511058,0.00025334977477257936,0.08118295458386696,0.9002211387272915,0.8300447695511058,0.0,0.0
8757,8,205,4,M,1,0.10652962736462275,0.1674820202355303,0.1,0.1674820202355303,0.0003151008195702021,0.08118295458386696,0.10652962736462275,0.1674820202355303,0.0,0.0
8758,8,205,4,M,2,0.6713054125852702,0.8275599288909232,0.1,0.8275599288909232,0.0002634139370683575,0.08118295458386696,0.6713054125852702,0.8275599288909232,0.0,0.0
8759,8,205,4,M,3,0.34419827627500155,0.18109459156867952,0.64,0.18109459156867952,0.0002815684999490642,0.08118295458386696,0.34419827627500155,0.1810945915686795,0.0,0.0
8760,8,206,4,M,0,0.9002211387272915,0.8300447695511058,0.9,0.8300447695511058,0.00025334977477257936,0.08118295458386696,0.9002211387272915,0.8300447695511058,0.0,0.0
8761,8,206,4,M,1,0.10652962736462275,0.1674820202355303,0.1,0.1674820202355303,0.0003151008195702021,0.08118295458386696,0.10652962736462275,0.1674820202355303,0.0,0.0
8762,8,206,4,M,2,0.6713054125852702,0.8275599288909232,0.1,0.8275599288909232,0.0002634139370683575,0.08118295458386696,0.6713054125852702,0.8275599288909232,0.0,0.0
8763,8,206,4,M,3,0.34419827627500155,0.1810945915686795,0.64,0.1810945915686795,0.0002815684999490642,0.08118295458386696,0.34419827627500155,0.18109459156867952,0.0,0.0
8764,8,207,4,M,0,0.9002211387272915,0.8300447695511058,0.9,0.8300447695511058,0.00025334977477257936,0.08118295458386696,0.9002211387272915,0.8300447695511058,0.0,0.0
8765,8,207,4,M,1,0.10652962736462275,0.1674820202355303,0.1,0.1674820202355303,0.0003151008195702021,0.08118295458386696,0.10652962736462275,0.1674820202355303,0.0,0.0
8766,8,207,4,M,2,0.6713054125852702,0.8275599288909232,0.1,0.8275599288909232,0.0002634139370683575,0.08118295458386696,0.6713054125852702,0.8275599288909232,0.0,0.0
8767,8,207,4,M,3,0.34419827627500155,0.18109459156867952,0.64,0.18109459156867952,0.0002815684999490642,0.08118295458386696,0.34419827627500155,0.1810945915686795,0.0,0.0
8768,8,208,4,M,0,0.9002211387272915,0.8300447695511058,0.9,0.8300447695511058,0.00025334977477257936,0.08118295458386696,0.9002211387272915,0.8300447695511058,0.0,0.0
8769,8,208,4,M,1,0.10652962736462275,0.1674820202355303,0.1,0.1674820202355303,0.0003151008195702021,0.08118295458386696,0.10652962736462275,0.1674820202355303,0.0,0.0
8770,8,208,4,M,2,0.6713054125852702,0.8275599288909232,0.1,0.8275599288909232,0.0002634139370683575,0.08118295458386696,0.6713054125852702,0.8275599288909232,0.0,0.0
8771,8,208,4,M,3,0.34419827627500155,0.1810945915686795,0.64,0.1810945915686795,0.0002815684999490642,0.08118295458386696,0.34419827627500155,0.18109459156867952,0.0,0.0
8772,8,209,4,M,0,0.9002211387272915,0.8300447695511058,0.9,0.8300447695511058,0.00025334977477257936,0.08118295458386696,0.9002211387272915,0.8300447695511058,0.0,0.0
8773,8,209,4,M,1,0.10652962736462275,0.1674820202355303,0.1,0.1674820202355303,0.0003151008195702021,0.08118295458386696,0.10652962736462275,0.1674820202355303,0.0,0.0
8774,8,209,4,M,2,0.6713054125852702,0.8275599288909232,0.1,0.8275599288909232,0.0002634139370683575,0.08118295458386696,0.6713054125852702,0.8275599288909232,0.0,0.0
8775,8,209,4,M,3,0.34419827627500155,0.18109459156867952,0.64,0.18109459156867952,0.0002815684999490642,0.08118295458386696,0.34419827627500155,0.1810945915686795,0.0,0.0
8776,8,210,4,M,0,0.9002211387272915,0.8300447695511058,0.9,0.8300447695511058,0.00025334977477257936,0.08118295458386696,0.9002211387272915,0.8300447695511058,0.0,0.0
8777,8,210,4,M,1,0.10652962736462275,0.1674820202355303,0.1,0.1674820202355303,0.0003151008195702021,0.08118295458386696,0.10652962736462275,0.1674820202355303,0.0,0.0
8778,8,210,4,M,2,0.6713054125852702,0.8275599288909232,0.1,0.8275599288909232,0.0002634139370683575,0.08118295458386696,0.6713054125852702,0.8275599288909232,0.0,0.0
8779,8,210,4,M,3,0.34419827627500155,0.1810945915686795,0.64,0.1810945915686795,0.0002815684999490642,0.08118295458386696,0.34419827627500155,0.18109459156867952,0.0,0.0
8780,8,211,4,M,0,0.9002211387272915,0.8300447695511058,0.9,0.8300447695511058,0.00025334977477257936,0.08118295458386696,0.9002211387272915,0.8300447695511058,0.0,0.0
8781,8,211,4,M,1,0.10652962736462275,0.1674820202355303,0.1,0.1674820202355303,0.0003151008195702021,0.08118295458386696,0.10652962736462275,0.1674820202355303,0.0,0.0
8782,8,211,4,M,2,0.6713054125852702,0.8275599288909232,0.1,0.8275599288909232,0.0002634139370683575,0.08118295458386696,0.6713054125852702,0.8275599288909232,0.0,0.0
8783,8,211,4,M,3,0.34419827627500155,0.18109459156867952,0.64,0.18109459156867952,0.0002815684999490642,0.08118295458386696,0.34419827627500155,0.1810945915686795,0.0,0.0
8784,8,212,4,M,0,0.9002211387272915,0.8300447695511058,0.9,0.8300447695511058,0.00025334977477257936,0.08118295458386696,0.9002211387272915,0.8300447695511058,0.0,0.0
8785,8,212,4,M,1,0.10652962736462275,0.1674820202355303,0.1,0.1674820202355303,0.0003151008195702021,0.08118295458386696,0.10652962736462275,0.1674820202355303,0.0,0.0
8786,8,212,4,M,2,0.6713054125852702,0.8275599288909232,0.1,0.8275599288909232,0.0002634139370683575,0.08118295458386696,0.6713054125852702,0.8275599288909232,0.0,0.0
8787,8,212,4,M,3,0.34419827627500155,0.1810945915686795,0.64,0.1810945915686795,0.0002815684999490642,0.08118295458386696,0.34419827627500155,0.18109459156867952,0.0,0.0
8788,8,213,4,M,0,0.9002211387272915,0.8300447695511058,0.9,0.8300447695511058,0.00025334977477257936,0.08118295458386696,0.9002211387272915,0.8300447695511058,0.0,0.0
8789,8,213,4,M,1,0.10652962736462275,0.1674820202355303,0.1,0.1674820202355303,0.0003151008195702021,0.08118295458386696,0.10652962736462275,0.1674820202355303,0.0,0.0
8790,8,213,4,M,2,0.6713054125852702,0.8275599288909232,0.1,0.8275599288909232,0.0002634139370683575,0.08118295458386696,0.6713054125852702,0.8275599288909232,0.0,0.0
8791,8,213,4,M,3,0.34419827627500155,0.18109459156867952,0.64,0.18109459156867952,0.0002815684999490642,0.08118295458386696,0.34419827627500155,0.1810945915686795,0.0,0.0
8792,8,214,4,M,0,0.9002211387272915,0.8300447695511058,0.9,0.8300447695511058,0.00025334977477257936,0.08118295458386696,0.9002211387272915,0.8300447695511058,0.0,0.0
8793,8,214,4,M,1,0.10652962736462275,0.1674820202355303,0.1,0.1674820202355303,0.0003151008195702021,0.08118295458386696,0.10652962736462275,0.1674820202355303,0.0,0.0
8794,8,214,4,M,2,0.6713054125852702,0.8275599288909232,0.1,0.8275599288909232,0.0002634139370683575,0.08118295458386696,0.6713054125852702,0.8275599288909232,0.0,0.0
8795,8,214,4,M,3,0.34419827627500155,0.1810945915686795,0.64,0.1810945915686795,0.0002815684999490642,0.08118295458386696,0.34419827627500155,0.18109459156867952,0.0,0.0
8796,8,215,4,M,0,0.9002211387272915,0.8300447695511058,0.9,0.8300447695511058,0.00025334977477257936,0.08118295458386696,0.9002211387272915,0.8300447695511058,0.0,0.0
8797,8,215,4,M,1,0.10652962736462275,0.1674820202355303,0.1,0.1674820202355303,0.0003151008195702021,0.08118295458386696,0.10652962736462275,0.1674820202355303,0.0,0.0
8798,8,215,4,M,2,0.6713054125852702,0.8275599288909232,0.1,0.8275599288909232,0.0002634139370683575,0.08118295458386696,0.6713054125852702,0.8275599288909232,0.0,0.0
8799,8,215,4,M,3,0.34419827627500155,0.18109459156867952,0.64,0.18109459156867952,0.0002815684999490642,0.08118295458386696,0.34419827627500155,0.1810945915686795,0.0,0.0
8800,8,216,4,M,0,0.9002211387272915,0.8300447695511058,0.9,0.8300447695511058,0.00025334977477257936,0.08118295458386696,0.9002211387272915,0.8300447695511058,0.0,0.0
8801,8,216,4,M,1,0.10652962736462275,0.1674820202355303,0.1,0.1674820202355303,0.0003151008195702021,0.08118295458386696,0.10652962736462275,0.1674820202355303,0.0,0.0
8802,8,216,4,M,2,0.6713054125852702,0.8275599288909232,0.1,0.8275599288909232,0.0002634139370683575,0.08118295458386696,0.6713054125852702,0.8275599288909232,0.0,0.0
8803,8,216,4,M,3,0.34419827627500155,0.1810945915686795,0.64,0.1810945915686795,0.0002815684999490642,0.08118295458386696,0.34419827627500155,0.18109459156867952,0.0,0.0
8804,8,217,4,M,0,0.9002211387272915,0.8300447695511058,0.9,0.8300447695511058,0.00025334977477257936,0.08118295458386696,0.9002211387272915,0.8300447695511058,0.0,0.0
8805,8,217,4,M,1,0.10652962736462275,0.1674820202355303,0.1,0.1674820202355303,0.0003151008195702021,0.08118295458386696,0.10652962736462275,0.1674820202355303,0.0,0.0
8806,8,217,4,M,2,0.6713054125852702,0.8275599288909232,0.1,0.8275599288909232,0.0002634139370683575,0.08118295458386696,0.6713054125852702,0.8275599288909232,0.0,0.0
8807,8,217,4,M,3,0.34419827627500155,0.18109459156867952,0.64,0.18109459156867952,0.0002815684999490642,0.08118295458386696,0.34419827627500155,0.1810945915686795,0.0,0.0
8808,8,218,4,M,0,0.9002211387272915,0.8300447695511058,0.9,0.8300447695511058,0.00025334977477257936,0.08118295458386696,0.9002211387272915,0.8300447695511058,0.0,0.0
8809,8,218,4,M,1,0.10652962736462275,0.1674820202355303,0.1,0.1674820202355303,0.0003151008195702021,0.08118295458386696,0.10652962736462275,0.1674820202355303,0.0,0.0
8810,8,218,4,M,2,0.6713054125852702,0.8275599288909232,0.1,0.8275599288909232,0.0002634139370683575,0.08118295458386696,0.6713054125852702,0.8275599288909232,0.0,0.0
8811,8,218,4,M,3,0.34419827627500155,0.1810945915686795,0.64,0.1810945915686795,0.0002815684999490642,0.08118295458386696,0.34419827627500155,0.18109459156867952,0.0,0.0
8812,8,219,4,M,0,0.9002211387272915,0.8300447695511058,0.9,0.8300447695511058,0.00025334977477257936,0.08118295458386696,0.9002211387272915,0.8300447695511058,0.0,0.0
8813,8,219,4,M,1,0.10652962736462275,0.1674820202355303,0.1,0.1674820202355303,0.0003151008195702021,0.08118295458386696,0.10652962736462275,0.1674820202355303,0.0,0.0
8814,8,219,4,M,2,0.6713054125852702,0.8275599288909232,0.1,0.8275599288909232,0.0002634139370683575,0.08118295458386696,0.6713054125852702,0.8275599288909232,0.0,0.0
8815,8,219,4,M,3,0.34419827627500155,0.18109459156867952,0.64,0.18109459156867952,0.0002815684999490642,0.08118295458386696,0.34419827627500155,0.1810945915686795,0.0,0.0
8816,8,220,4,M,0,0.9002211387272915,0.8300447695511058,0.9,0.8300447695511058,0.00025334977477257936,0.08118295458386696,0.9002211387272915,0.8300447695511058,0.0,0.0
8817,8,220,4,M,1,0.10652962736462275,0.1674820202355303,0.1,0.1674820202355303,0.0003151008195702021,0.08118295458386696,0.10652962736462275,0.1674820202355303,0.0,0.0
8818,8,220,4,M,2,0.6713054125852702,0.8275599288909232,0.1,0.8275599288909232,0.0002634139370683575,0.08118295458386696,0.6713054125852702,0.8275599288909232,0.0,0.0
8819,8,220,4,M,3,0.34419827627500155,0.1810945915686795,0.64,0.1810945915686795,0.0002815684999490642,0.08118295458386696,0.34419827627500155,0.18109459156867952,0.0,0.0
8820,8,221,4,M,0,0.9002211387272915,0.8300447695511058,0.9,0.8300447695511058,0.00025334977477257936,0.08118295458386696,0.9002211387272915,0.8300447695511058,0.0,0.0
8821,8,221,4,M,1,0.10652962736462275,0.1674820202355303,0.1,0.1674820202355303,0.0003151008195702021,0.08118295458386696,0.10652962736462275,0.1674820202355303,0.0,0.0
8822,8,221,4,M,2,0.6713054125852702,0.8275599288909232,0.1,0.8275599288909232,0.0002634139370683575,0.08118295458386696,0.6713054125852702,0.8275599288909232,0.0,0.0
8823,8,221,4,M,3,0.34419827627500155,0.18109459156867952,0.64,0.18109459156867952,0.0002815684999490642,0.08118295458386696,0.34419827627500155,0.1810945915686795,0.0,0.0
8824,8,222,4,M,0,0.9002211387272915,0.8300447695511058,0.9,0.8300447695511058,0.00025334977477257936,0.08118295458386696,0.9002211387272915,0.8300447695511058,0.0,0.0
8825,8,222,4,M,1,0.10652962736462275,0.1674820202355303,0.1,0.1674820202355303,0.0003151008195702021,0.08118295458386696,0.10652962736462275,0.1674820202355303,0.0,0.0
8826,8,222,4,M,2,0.6713054125852702,0.8275599288909232,0.1,0.8275599288909232,0.0002634139370683575,0.08118295458386696,0.6713054125852702,0.8275599288909232,0.0,0.0
8827,8,222,4,M,3,0.34419827627500155,0.1810945915686795,0.64,0.1810945915686795,0.0002815684999490642,0.08118295458386696,0.34419827627500155,0.18109459156867952,0.0,0.0
8828,8,223,4,M,0,0.9002211387272915,0.8300447695511058,0.9,0.8300447695511058,0.00025334977477257936,0.08118295458386696,0.9002211387272915,0.8300447695511058,0.0,0.0
8829,8,223,4,M,1,0.10652962736462275,0.1674820202355303,0.1,0.1674820202355303,0.0003151008195702021,0.08118295458386696,0.10652962736462275,0.1674820202355303,0.0,0.0
8830,8,223,4,M,2,0.6713054125852702,0.8275599288909232,0.1,0.8275599288909232,0.0002634139370683575,0.08118295458386696,0.6713054125852702,0.8275599288909232,0.0,0.0
8831,8,223,4,M,3,0.34419827627500155,0.18109459156867952,0.64,0.18109459156867952,0.0002815684999490642,0.08118295458386696,0.34419827627500155,0.1810945915686795,0.0,0.0
8832,8,224,4,M,0,0.9002211387272915,0.8300447695511058,0.9,0.8300447695511058,0.00025334977477257936,0.08118295458386696,0.9002211387272915,0.8300447695511058,0.0,0.0
8833,8,224,4,M,1,0.10652962736462275,0.1674820202355303,0.1,0.1674820202355303,0.0003151008195702021,0.08118295458386696,0.10652962736462275,0.1674820202355303,0.0,0.0
8834,8,224,4,M,2,0.6713054125852702,0.8275599288909232,0.1,0.8275599288909232,0.0002634139370683575,0.08118295458386696,0.6713054125852702,0.8275599288909232,0.0,0.0
8835,8,224,4,M,3,0.34419827627500155,0.1810945915686795,0.64,0.1810945915686795,0.0002815684999490642,0.08118295458386696,0.34419827627500155,0.18109459156867952,0.0,0.0
8836,8,225,4,M,0,0.9002211387272915,0.8300447695511058,0.9,0.8300447695511058,0.00025334977477257936,0.08118295458386696,0.9002211387272915,0.8300447695511058,0.0,0.0
8837,8,225,4,M,1,0.10652962736462275,0.1674820202355303,0.1,0.1674820202355303,0.0003151008195702021,0.08118295458386696,0.10652962736462275,0.1674820202355303,0.0,0.0
8838,8,225,4,M,2,0.6713054125852702,0.8275599288909232,0.1,0.8275599288909232,0.0002634139370683575,0.08118295458386696,0.6713054125852702,0.8275599288909232,0.0,0.0
8839,8,225,4,M,3,0.34419827627500155,0.18109459156867952,0.64,0.18109459156867952,0.0002815684999490642,0.08118295458386696,0.34419827627500155,0.1810945915686795,0.0,0.0
8840,8,226,4,M,0,0.9002211387272915,0.8300447695511058,0.9,0.8300447695511058,0.00025334977477257936,0.08118295458386696,0.9002211387272915,0.8300447695511058,0.0,0.0
8841,8,226,4,M,1,0.10652962736462275,0.1674820202355303,0.1,0.1674820202355303,0.0003151008195702021,0.08118295458386696,0.10652962736462275,0.1674820202355303,0.0,0.0
8842,8,226,4,M,2,0.6713054125852702,0.8275599288909232,0.1,0.8275599288909232,0.0002634139370683575,0.08118295458386696,0.6713054125852702,0.8275599288909232,0.0,0.0
8843,8,226,4,M,3,0.34419827627500155,0.1810945915686795,0.64,0.1810945915686795,0.0002815684999490642,0.08118295458386696,0.34419827627500155,0.18109459156867952,0.0,0.0
8844,8,227,4,M,0,0.9002211387272915,0.8300447695511058,0.9,0.8300447695511058,0.00025334977477257936,0.08118295458386696,0.9002211387272915,0.8300447695511058,0.0,0.0
8845,8,227,4,M,1,0.10652962736462275,0.1674820202355303,0.1,0.1674820202355303,0.0003151008195702021,0.08118295458386696,0.10652962736462275,0.1674820202355303,0.0,0.0
8846,8,227,4,M,2,0.6713054125852702,0.8275599288909232,0.1,0.8275599288909232,0.0002634139370683575,0.08118295458386696,0.6713054125852702,0.8275599288909232,0.0,0.0
8847,8,227,4,M,3,0.34419827627500155,0.18109459156867952,0.64,0.18109459156867952,0.0002815684999490642,0.08118295458386696,0.34419827627500155,0.1810945915686795,0.0,0.0
8848,8,228,4,M,0,0.9002211387272915,0.8300447695511058,0.9,0.8300447695511058,0.00025334977477257936,0.08118295458386696,0.9002211387272915,0.8300447695511058,0.0,0.0
8849,8,228,4,M,1,0.10652962736462275,0.1674820202355303,0.1,0.1674820202355303,0.0003151008195702021,0.08118295458386696,0.10652962736462275,0.1674820202355303,0.0,0.0
8850,8,228,4,M,2,0.6713054125852702,0.8275599288909232,0.1,0.8275599288909232,0.0002634139370683575,0.08118295458386696,0.6713054125852702,0.8275599288909232,0.0,0.0
8851,8,228,4,M,3,0.34419827627500155,0.1810945915686795,0.64,0.1810945915686795,0.0002815684999490642,0.08118295458386696,0.34419827627500155,0.18109459156867952,0.0,0.0
8852,8,229,4,M,0,0.9002211387272915,0.8300447695511058,0.9,0.8300447695511058,0.00025334977477257936,0.08118295458386696,0.9002211387272915,0.8300447695511058,0.0,0.0
8853,8,229,4,M,1,0.10652962736462275,0.1674820202355303,0.1,0.1674820202355303,0.0003151008195702021,0.08118295458386696,0.10652962736462275,0.1674820202355303,0.0,0.0
8854,8,229,4,M,2,0.6713054125852702,0.8275599288909232,0.1,0.8275599288909232,0.0002634139370683575,0.08118295458386696,0.6713054125852702,0.8275599288909232,0.0,0.0
8855,8,229,4,M,3,0.34419827627500155,0.18109459156867952,0.64,0.18109459156867952,0.0002815684999490642,0.08118295458386696,0.34419827627500155,0.1810945915686795,0.0,0.0
8856,8,230,4,M,0,0.9002211387272915,0.8300447695511058,0.9,0.8300447695511058,0.00025334977477257936,0.08118295458386696,0.9002211387272915,0.8300447695511058,0.0,0.0
8857,8,230,4,M,1,0.10652962736462275,0.1674820202355303,0.1,0.1674820202355303,0.0003151008195702021,0.08118295458386696,0.10652962736462275,0.1674820202355303,0.0,0.0
8858,8,230,4,M,2,0.6713054125852702,0.8275599288909232,0.1,0.8275599288909232,0.0002634139370683575,0.08118295458386696,0.6713054125852702,0.8275599288909232,0.0,0.0
8859,8,230,4,M,3,0.34419827627500155,0.1810945915686795,0.64,0.1810945915686795,0.0002815684999490642,0.08118295458386696,0.34419827627500155,0.18109459156867952,0.0,0.0
8860,8,231,4,M,0,0.9002211387272915,0.8300447695511058,0.9,0.8300447695511058,0.00025334977477257936,0.08118295458386696,0.9002211387272915,0.8300447695511058,0.0,0.0
8861,8,231,4,M,1,0.10652962736462275,0.1674820202355303,0.1,0.1674820202355303,0.0003151008195702021,0.08118295458386696,0.10652962736462275,0.1674820202355303,0.0,0.0
8862,8,231,4,M,2,0.6713054125852702,0.8275599288909232,0.1,0.8275599288909232,0.0002634139370683575,0.08118295458386696,0.6713054125852702,0.8275599288909232,0.0,0.0
8863,8,231,4,M,3,0.34419827627500155,0.18109459156867952,0.64,0.18109459156867952,0.0002815684999490642,0.08118295458386696,0.34419827627500155,0.1810945915686795,0.0,0.0
8864,8,232,4,M,0,0.9002211387272915,0.8300447695511058,0.9,0.8300447695511058,0.00025334977477257936,0.08118295458386696,0.9002211387272915,0.8300447695511058,0.0,0.0
8865,8,232,4,M,1,0.10652962736462275,0.1674820202355303,0.1,0.1674820202355303,0.0003151008195702021,0.08118295458386696,0.10652962736462275,0.1674820202355303,0.0,0.0
8866,8,232,4,M,2,0.6713054125852702,0.8275599288909232,0.1,0.8275599288909232,0.0002634139370683575,0.08118295458386696,0.6713054125852702,0.8275599288909232,0.0,0.0
8867,8,232,4,M,3,0.34419827627500155,0.1810945915686795,0.64,0.1810945915686795,0.0002815684999490642,0.08118295458386696,0.34419827627500155,0.18109459156867952,0.0,0.0
8868,8,233,4,M,0,0.9002211387272915,0.8300447695511058,0.9,0.8300447695511058,0.00025334977477257936,0.08118295458386696,0.9002211387272915,0.8300447695511058,0.0,0.0
8869,8,233,4,M,1,0.10652962736462275,0.1674820202355303,0.1,0.1674820202355303,0.0003151008195702021,0.08118295458386696,0.10652962736462275,0.1674820202355303,0.0,0.0
8870,8,233,4,M,2,0.6713054125852702,0.8275599288909232,0.1,0.8275599288909232,0.0002634139370683575,0.08118295458386696,0.6713054125852702,0.8275599288909232,0.0,0.0
8871,8,233,4,M,3,0.34419827627500155,0.18109459156867952,0.64,0.18109459156867952,0.0002815684999490642,0.08118295458386696,0.34419827627500155,0.1810945915686795,0.0,0.0
8872,8,234,4,M,0,0.9002211387272915,0.8300447695511058,0.9,0.8300447695511058,0.00025334977477257936,0.08118295458386696,0.9002211387272915,0.8300447695511058,0.0,0.0
8873,8,234,4,M,1,0.10652962736462275,0.1674820202355303,0.1,0.1674820202355303,0.0003151008195702021,0.08118295458386696,0.10652962736462275,0.1674820202355303,0.0,0.0
8874,8,234,4,M,2,0.6713054125852702,0.8275599288909232,0.1,0.8275599288909232,0.0002634139370683575,0.08118295458386696,0.6713054125852702,0.8275599288909232,0.0,0.0
8875,8,234,4,M,3,0.34419827627500155,0.1810945915686795,0.64,0.1810945915686795,0.0002815684999490642,0.08118295458386696,0.34419827627500155,0.18109459156867952,0.0,0.0
8876,8,235,4,M,0,0.9002211387272915,0.8300447695511058,0.9,0.8300447695511058,0.00025334977477257936,0.08118295458386696,0.9002211387272915,0.8300447695511058,0.0,0.0
8877,8,235,4,M,1,0.10652962736462275,0.1674820202355303,0.1,0.1674820202355303,0.0003151008195702021,0.08118295458386696,0.10652962736462275,0.1674820202355303,0.0,0.0
8878,8,235,4,M,2,0.6713054125852702,0.8275599288909232,0.1,0.8275599288909232,0.0002634139370683575,0.08118295458386696,0.6713054125852702,0.8275599288909232,0.0,0.0
8879,8,235,4,M,3,0.34419827627500155,0.18109459156867952,0.64,0.18109459156867952,0.0002815684999490642,0.08118295458386696,0.34419827627500155,0.1810945915686795,0.0,0.0
8880,8,236,4,M,0,0.9002211387272915,0.8300447695511058,0.9,0.8300447695511058,0.00025334977477257936,0.08118295458386696,0.9002211387272915,0.8300447695511058,0.0,0.0
8881,8,236,4,M,1,0.10652962736462275,0.1674820202355303,0.1,0.1674820202355303,0.0003151008195702021,0.08118295458386696,0.10652962736462275,0.1674820202355303,0.0,0.0
8882,8,236,4,M,2,0.6713054125852702,0.8275599288909232,0.1,0.8275599288909232,0.0002634139370683575,0.08118295458386696,0.6713054125852702,0.8275599288909232,0.0,0.0
8883,8,236,4,M,3,0.34419827627500155,0.1810945915686795,0.64,0.1810945915686795,0.0002815684999490642,0.08118295458386696,0.34419827627500155,0.18109459156867952,0.0,0.0
8884,8,237,4,M,0,0.9002211387272915,0.8300447695511058,0.9,0.8300447695511058,0.00025334977477257936,0.08118295458386696,0.9002211387272915,0.8300447695511058,0.0,0.0
8885,8,237,4,M,1,0.10652962736462275,0.1674820202355303,0.1,0.1674820202355303,0.0003151008195702021,0.08118295458386696,0.10652962736462275,0.1674820202355303,0.0,0.0
8886,8,237,4,M,2,0.6713054125852702,0.8275599288909232,0.1,0.8275599288909232,0.0002634139370683575,0.08118295458386696,0.6713054125852702,0.8275599288909232,0.0,0.0
8887,8,237,4,M,3,0.34419827627500155,0.18109459156867952,0.64,0.18109459156867952,0.0002815684999490642,0.08118295458386696,0.34419827627500155,0.1810945915686795,0.0,0.0
8888,8,238,4,M,0,0.9002211387272915,0.8300447695511058,0.9,0.8300447695511058,0.00025334977477257936,0.08118295458386696,0.9002211387272915,0.8300447695511058,0.0,0.0
8889,8,238,4,M,1,0.10652962736462275,0.1674820202355303,0.1,0.1674820202355303,0.0003151008195702021,0.08118295458386696,0.10652962736462275,0.1674820202355303,0.0,0.0
8890,8,238,4,M,2,0.6713054125852702,0.8275599288909232,0.1,0.8275599288909232,0.0002634139370683575,0.08118295458386696,0.6713054125852702,0.8275599288909232,0.0,0.0
8891,8,238,4,M,3,0.34419827627500155,0.1810945915686795,0.64,0.1810945915686795,0.0002815684999490642,0.08118295458386696,0.34419827627500155,0.18109459156867952,0.0,0.0
8892,8,239,4,M,0,0.9002211387272915,0.8300447695511058,0.9,0.8300447695511058,0.00025334977477257936,0.08118295458386696,0.9002211387272915,0.8300447695511058,0.0,0.0
8893,8,239,4,M,1,0.10652962736462275,0.1674820202355303,0.1,0.1674820202355303,0.0003151008195702021,0.08118295458386696,0.10652962736462275,0.1674820202355303,0.0,0.0
8894,8,239,4,M,2,0.6713054125852702,0.8275599288909232,0.1,0.8275599288909232,0.0002634139370683575,0.08118295458386696,0.6713054125852702,0.8275599288909232,0.0,0.0
8895,8,239,4,M,3,0.34419827627500155,0.18109459156867952,0.64,0.18109459156867952,0.0002815684999490642,0.08118295458386696,0.34419827627500155,0.1810945915686795,0.0,0.0
8896,8,240,4,M,0,0.9002211387272915,0.8300447695511058,0.9,0.8300447695511058,0.00025334977477257936,0.08118295458386696,0.9002211387272915,0.8300447695511058,0.0,0.0
8897,8,240,4,M,1,0.10652962736462275,0.1674820202355303,0.1,0.1674820202355303,0.0003151008195702021,0.08118295458386696,0.10652962736462275,0.1674820202355303,0.0,0.0
8898,8,240,4,M,2,0.6713054125852702,0.8275599288909232,0.1,0.8275599288909232,0.0002634139370683575,0.08118295458386696,0.6713054125852702,0.8275599288909232,0.0,0.0
8899,8,240,4,M,3,0.34419827627500155,0.1810945915686795,0.64,0.1810945915686795,0.0002815684999490642,0.08118295458386696,0.34419827627500155,0.18109459156867952,0.0,0.0
8900,8,241,4,M,0,0.9002211387272915,0.8300447695511058,0.9,0.8300447695511058,0.00025334977477257936,0.08118295458386696,0.9002211387272915,0.8300447695511058,0.0,0.0
8901,8,241,4,M,1,0.10652962736462275,0.1674820202355303,0.1,0.1674820202355303,0.0003151008195702021,0.08118295458386696,0.10652962736462275,0.1674820202355303,0.0,0.0
8902,8,241,4,M,2,0.6713054125852702,0.8275599288909232,0.1,0.8275599288909232,0.0002634139370683575,0.08118295458386696,0.6713054125852702,0.8275599288909232,0.0,0.0
8903,8,241,4,M,3,0.34419827627500155,0.18109459156867952,0.64,0.18109459156867952,0.0002815684999490642,0.08118295458386696,0.34419827627500155,0.1810945915686795,0.0,0.0
8904,8,242,4,M,0,0.9002211387272915,0.8300447695511058,0.9,0.8300447695511058,0.00025334977477257936,0.08118295458386696,0.9002211387272915,0.8300447695511058,0.0,0.0
8905,8,242,4,M,1,0.10652962736462275,0.1674820202355303,0.1,0.1674820202355303,0.0003151008195702021,0.08118295458386696,0.10652962736462275,0.1674820202355303,0.0,0.0
8906,8,242,4,M,2,0.6713054125852702,0.8275599288909232,0.1,0.8275599288909232,0.0002634139370683575,0.08118295458386696,0.6713054125852702,0.8275599288909232,0.0,0.0
8907,8,242,4,M,3,0.34419827627500155,0.1810945915686795,0.64,0.1810945915686795,0.0002815684999490642,0.08118295458386696,0.34419827627500155,0.18109459156867952,0.0,0.0
8908,8,243,4,M,0,0.9002211387272915,0.8300447695511058,0.9,0.8300447695511058,0.00025334977477257936,0.08118295458386696,0.9002211387272915,0.8300447695511058,0.0,0.0
8909,8,243,4,M,1,0.10652962736462275,0.1674820202355303,0.1,0.1674820202355303,0.0003151008195702021,0.08118295458386696,0.10652962736462275,0.1674820202355303,0.0,0.0
8910,8,243,4,M,2,0.6713054125852702,0.8275599288909232,0.1,0.8275599288909232,0.0002634139370683575,0.08118295458386696,0.6713054125852702,0.8275599288909232,0.0,0.0
8911,8,243,4,M,3,0.34419827627500155,0.18109459156867952,0.64,0.18109459156867952,0.0002815684999490642,0.08118295458386696,0.34419827627500155,0.1810945915686795,0.0,0.0
8912,8,244,4,M,0,0.9002211387272915,0.8300447695511058,0.9,0.8300447695511058,0.00025334977477257936,0.08118295458386696,0.9002211387272915,0.8300447695511058,0.0,0.0
8913,8,244,4,M,1,0.10652962736462275,0.1674820202355303,0.1,0.1674820202355303,0.0003151008195702021,0.08118295458386696,0.10652962736462275,0.1674820202355303,0.0,0.0
8914,8,244,4,M,2,0.6713054125852702,0.8275599288909232,0.1,0.8275599288909232,0.0002634139370683575,0.08118295458386696,0.6713054125852702,0.8275599288909232,0.0,0.0
8915,8,244,4,M,3,0.34419827627500155,0.1810945915686795,0.64,0.1810945915686795,0.0002815684999490642,0.08118295458386696,0.34419827627500155,0.18109459156867952,0.0,0.0
8916,8,245,4,M,0,0.9002211387272915,0.8300447695511058,0.9,0.8300447695511058,0.00025334977477257936,0.08118295458386696,0.9002211387272915,0.8300447695511058,0.0,0.0
8917,8,245,4,M,1,0.10652962736462275,0.1674820202355303,0.1,0.1674820202355303,0.0003151008195702021,0.08118295458386696,0.10652962736462275,0.1674820202355303,0.0,0.0
8918,8,245,4,M,2,0.6713054125852702,0.8275599288909232,0.1,0.8275599288909232,0.0002634139370683575,0.08118295458386696,0.6713054125852702,0.8275599288909232,0.0,0.0
8919,8,245,4,M,3,0.34419827627500155,0.18109459156867952,0.64,0.18109459156867952,0.0002815684999490642,0.08118295458386696,0.34419827627500155,0.1810945915686795,0.0,0.0
8920,8,246,4,M,0,0.9002211387272915,0.8300447695511058,0.9,0.8300447695511058,0.00025334977477257936,0.08118295458386696,0.9002211387272915,0.8300447695511058,0.0,0.0
8921,8,246,4,M,1,0.10652962736462275,0.1674820202355303,0.1,0.1674820202355303,0.0003151008195702021,0.08118295458386696,0.10652962736462275,0.1674820202355303,0.0,0.0
8922,8,246,4,M,2,0.6713054125852702,0.8275599288909232,0.1,0.8275599288909232,0.0002634139370683575,0.08118295458386696,0.6713054125852702,0.8275599288909232,0.0,0.0
8923,8,246,4,M,3,0.34419827627500155,0.1810945915686795,0.64,0.1810945915686795,0.0002815684999490642,0.08118295458386696,0.34419827627500155,0.18109459156867952,0.0,0.0
8924,8,247,4,M,0,0.9002211387272915,0.8300447695511058,0.9,0.8300447695511058,0.00025334977477257936,0.08118295458386696,0.9002211387272915,0.8300447695511058,0.0,0.0
8925,8,247,4,M,1,0.10652962736462275,0.1674820202355303,0.1,0.1674820202355303,0.0003151008195702021,0.08118295458386696,0.10652962736462275,0.1674820202355303,0.0,0.0
8926,8,247,4,M,2,0.6713054125852702,0.8275599288909232,0.1,0.8275599288909232,0.0002634139370683575,0.08118295458386696,0.6713054125852702,0.8275599288909232,0.0,0.0
8927,8,247,4,M,3,0.34419827627500155,0.18109459156867952,0.64,0.18109459156867952,0.0002815684999490642,0.08118295458386696,0.34419827627500155,0.1810945915686795,0.0,0.0
8928,9,0,0,M,0,0.33831326099478065,0.1157711279074276,0.0,0.1157711279074276,0.046333865887770116,0.08118295458386696,0.28691784085689104,0.15902120106814985,0.0,0.0
8929,9,0,0,M,1,0.7613017747909154,0.7321512646566248,1.0,0.7321512646566248,0.04633386588777013,0.08118295458386696,0.5602872422758522,0.7612843414812649,0.0,0.0
8930,9,0,0,M,2,0.4506039486686003,0.322830049009577,0.0,0.322830049009577,0.04614623511273759,0.08118295458386696,0.30571936726120374,0.5419482280711629,0.0,0.0
8931,9,0,0,M,3,0.7754469524240067,0.04423927195565003,1.0,0.04423927195565003,0.0463338658877701,0.08118295458386696,0.8233910813316775,0.16124787384740402,0.0,0.0
8932,9,1,0,M,0,0.24,0.24,0.0,0.24,0.042398114318702725,0.08118295458386696,0.2689797223227338,0.18399105262349358,1.0,1.0
8933,9,1,0,M,1,1.0,0.5,1.0,0.5,0.04600894006968627,0.08118295458386696,0.5758078678094898,0.8078407705863923,1.0,1.0
8934,9,1,0,M,2,0.24,0.76,0.0,0.76,0.04240590934431054,0.08118295458386696,0.20544459820414407,0.581172316238396,1.0,1.0
8935,9,1,0,M,3,0.76,0.24,1.0,0.24,0.04240782921779372,0.08118295458386696,0.8036707382800974,0.1294703327914291,1.0,1.0
8936,9,2,0,M,0,0.5,0.0,0.0,0.0,0.04218499489927549,0.08118295458386696,0.22924445724488568,0.20525712370765148,1.0,1.0
8937,9,2,0,M,1,0.76,0.76,1.0,0.76,0.042184994899275456,0.08118295458386696,0.7017757344685027,0.8066384395040371,1.0,1.0
8938,9,2,0,M,2,0.5,0.5,0.0,0.5,0.04218154638607173,0.08118295458386696,0.11441988813216042,0.6564397191507323,1.0,1.0
8939,9,2,0,M,3,1.0,0.0,1.0,0.0,0.017699466318286755,0.08118295458386696,0.7473655979528053,0.35199118895557235,1.0,1.0
8940,9,3,0,M,0,0.0,0.0,0.0,0.0,0.017694886544161667,0.08118295458386696,0.19017872728842158,0.17702991897383671,1.0,1.0
8941,9,3,0,M,1,0.0,1.0,1.0,1.0,0.042175412602304244,0.08118295458386696,0.7040397778326145,0.8161127358809296,1.0,1.0
8942,9,3,0,M,2,0.0,0.5,0.32,0.5,0.03107262363473378,0.08118295458386696,0.2664049535117835,0.703956418008976,1.0,1.0
8943,9,3,0,M,3,0.7473655979528053,0.35199118895557235,1.0,0.35199118895557235,0.017694043996339476,0.08118295458386696,0.7518390571031343,0.45459456758454764,0.0,0.0
8944,9,4,0,M,0,0.19017872728842158,0.17702991897383671,0.24,0.17702991897383671,0.017670600636720477,0.08118295458386696,0.18755039464226808,0.1784601661037114,0.0,0.0
8945,9,4,0,M,1,0.5,1.0,1.0,1.0,0.042174647736331505,0.08118295458386696,0.7594094319468444,0.812238314375431,1.0,1.0
8946,9,4,0,M,2,0.2664049535117835,0.703956418008976,0.24,0.703956418008976,0.017669680350407543,0.08118295458386696,0.30702716876794006,0.6173912223061266,0.0,0.0
8947,9,4,0,M,3,0.7518390571031343,0.45459456758454764,1.0,0.45459456758454764,0.017669680350407557,0.08118295458386696,0.7663877093745145,0.5198531173999674,0.0,0.0
8948,9,5,0,M,0,0.18755039464226808,0.1784601661037114,0.24,0.1784601661037114,0.017669222480267685,0.08118295458386696,0.18964380229852978,0.17256331069103528,0.0,0.0
8949,9,5,0,M,1,1.0,1.0,1.0,1.0,0.0176692224802677,0.08118295458386696,0.8125192283046475,0.8504496512003162,1.0,1.0
8950,9,5,0,M,2,0.30702716876794006,0.6173912223061266,0.0,0.6173912223061266,0.017669222480267685,0.08118295458386696,0.3038009653253828,0.5422297291299334,0.0,0.0
8951,9,5,0,M,3,0.7663877093745145,0.5198531173999674,1.0,0.5198531173999674,0.0176692224802677,0.08118295458386696,0.7785493177649405,0.551975546434151,0.0,0.0
8952,9,6,0,M,0,0.18964380229852978,0.17256331069103528,0.24,0.17256331069103528,0.017669222480267685,0.08118295458386696,0.18675873605783733,0.1623237394697913,0.0,0.0
8953,9,6,0,M,1,0.8125192283046475,0.8504496512003162,1.0,0.8504496512003162,0.0176692224802677,0.08118295458386696,0.816814497390758,0.8618460758675843,0.0,0.0
8954,9,6,0,M,2,0.3038009653253828,0.5422297291299334,0.0,0.5422297291299334,0.017669222480267685,0.08118295458386696,0.2971736805281475,0.4890327856438406,0.0,0.0
8955,9,6,0,M,3,0.7785493177649405,0.551975546434151,1.0,0.551975546434151,0.0176692224802677,0.08118295458386696,0.7764216406191506,0.5897413602300178,0.0,0.0
8956,9,7,0,M,0,0.18675873605783733,0.1623237394697913,0.24,0.1623237394697913,0.017669222480267685,0.08118295458386696,0.18213175687767524,0.1523279539157336,0.0,0.0
8957,9,7,0,M,1,0.816814497390758,0.8618460758675843,1.0,0.8618460758675843,0.0176692224802677,0.08118295458386696,0.8186570445691469,0.8709506044492289,0.0,0.0
8958,9,7,0,M,2,0.2971736805281475,0.4890327856438406,0.0,0.4890327856438406,0.017669222480267685,0.08118295458386696,0.2876643823477534,0.4408132265986398,0.0,0.0
8959,9,7,0,M,3,0.7764216406191506,0.5897413602300178,1.0,0.5897413602300178,0.0176692224802677,0.08118295458386696,0.7717013462156291,0.6155718214972735,0.0,0.0
8960,9,8,1,M,0,0.18213175687767524,0.1523279539157336,0.24,0.1523279539157336,0.017669222480267685,0.08118295458386696,0.1772089874876866,0.1424350803087887,0.0,0.0
8961,9,8,1,M,1,0.8186570445691469,0.8709506044492289,1.0,0.8709506044492289,0.0176692224802677,0.08118295458386696,0.8207340916810508,0.8780360008450461,0.0,0.0
8962,9,8,1,M,2,0.2876643823477534,0.4408132265986398,0.0,0.4408132265986398,0.017669222480267685,0.08118295458386696,0.27993477755044943,0.4037339181393628,0.0,0.0
8963,9,8,1,M,3,0.7717013462156291,0.6155718214972735,1.0,0.6155718214972735,0.0176692224802677,0.08118295458386696,0.7663941575618531,0.6336157723679791,0.0,0.0
8964,9,9,1,M,0,0.76,0.0,0.0,0.0,0.017111062033784444,0.08118295458386696,0.1640246104086108,0.1342348134244094,1.0,1.0
8965,9,9,1,M,1,1.0,0.76,0.24,0.76,0.01731253743060826,0.08118295458386696,0.8294704276191288,0.8796980903356777,1.0,1.0
8966,9,9,1,M,2,0.5,0.24,0.0,0.24,0.01744234868134109,0.08118295458386696,0.25171736786861276,0.3958288240834445,1.0,1.0
8967,9,9,1,M,3,0.74,0.5,1.0,0.5,0.013105249395046203,0.08118295458386696,0.7714822720726392,0.6623679102907963,1.0,1.0
8968,9,10,1,M,0,0.0,0.24,0.24,0.24,0.014142869780390963,0.08118295458386696,0.1579531303792241,0.1317566039091207,1.0,1.0
8969,9,10,1,M,1,0.76,1.0,0.36,1.0,0.0025690623976146326,0.08118295458386696,0.8397389263082561,0.8889676969954816,1.0,1.0
8970,9,10,1,M,2,0.24,1.0,0.0,1.0,0.014721493988191572,0.08118295458386696,0.2345617149617298,0.374830238629402,1.0,1.0
8971,9,10,1,M,3,0.5,0.76,1.0,0.76,0.012964675623289165,0.08118295458386696,0.7972286517533206,0.671439703224064,1.0,1.0
8972,9,11,1,M,0,0.24,0.0,0.12,0.0,0.002665362250372269,0.08118295458386696,0.16066640129330226,0.12080136300807713,1.0,1.0
8973,9,11,1,M,1,0.8397389263082561,0.8889676969954816,0.36,0.8889676969954816,0.0025637522902979965,0.08118295458386696,0.8369569894763893,0.8955843258329734,0.0,0.0
8974,9,11,1,M,2,0.0,0.76,0.24,0.76,0.008770704206193053,0.08118295458386696,0.2240576593588335,0.3621429222618234,1.0,1.0
8975,9,11,1,M,3,1.0,0.24,0.88,0.24,0.0026786981803385568,0.08118295458386696,0.8026505375730135,0.6839091771878724,1.0,1.0
8976,9,12,1,M,0,0.16066640129330226,0.12080136300807713,0.12,0.12080136300807713,0.002665362250372269,0.08118295458386696,0.16143530733946695,0.11522305921369662,0.0,0.0
8977,9,12,1,M,1,0.8369569894763893,0.8955843258329734,0.36,0.8955843258329734,0.0025637522902979965,0.08118295458386696,0.8360079273712269,0.9002245670047309,0.0,0.0
8978,9,12,1,M,2,0.2240576593588335,0.3621429222618234,0.24,0.3621429222618234,0.008770704206193053,0.08118295458386696,0.2178701758690449,0.35479263991230725,0.0,0.0
8979,9,12,1,M,3,0.8026505375730135,0.6839091771878724,0.88,0.6839091771878724,0.0026786981803385568,0.08118295458386696,0.8068664526788646,0.6900716890528542,0.0,0.0
8980,9,13,1,M,0,0.16143530733946695,0.11522305921369662,0.12,0.11522305921369662,0.002665362250372269,0.08118295458386696,0.16248088331909624,0.11155390742846441,0.0,0.0
8981,9,13,1,M,1,0.8360079273712269,0.9002245670047309,0.36,0.9002245670047309,0.0025637522902979965,0.08118295458386696,0.8360563295644803,0.9029395297109675,0.0,0.0
8982,9,13,1,M,2,0.2178701758690449,0.35479263991230725,0.24,0.35479263991230725,0.008770704206193053,0.08118295458386696,0.21337889935033846,0.3498247526215167,0.0,0.0
8983,9,13,1,M,3,0.8068664526788646,0.6900716890528542,0.88,0.6900716890528542,0.0026786981803385568,0.08118295458386696,0.8077585591921872,0.6940904026433157,0.0,0.0
8984,9,14,1,M,0,0.16248088331909624,0.11155390742846441,0.12,0.11155390742846441,0.002665362250372269,0.08118295458386696,0.16281409852015533,0.10957369966515794,0.0,0.0
8985,9,14,1,M,1,0.8360563295644803,0.9029395297109675,0.36,0.9029395297109675,0.0025637522902979965,0.08118295458386696,0.8362283739274812,0.9042132208399065,0.0,0.0
8986,9,14,1,M,2,0.21337889935033846,0.3498247526215167,0.24,0.3498247526215167,0.008770704206193053,0.08118295458386696,0.21151849682007498,0.34731855178287435,0.0,0.0
8987,9,14,1,M,3,0.8077585591921872,0.6940904026433157,0.88,0.6940904026433157,0.0026786981803385568,0.08118295458386696,0.8082766432800496,0.6958820933007561,0.0,0.0
8988,9,15,1,M,0,0.16281409852015533,0.10957369966515794,0.12,0.10957369966515794,0.002665362250372269,0.08118295458386696,0.1634252528978473,0.10849906272518155,0.0,0.0
8989,9,15,1,M,1,0.8362283739274812,0.9042132208399065,0.36,0.9042132208399065,0.0025637522902979965,0.08118295458386696,0.8359164390131417,0.9053343951236732,0.0,0.0
8990,9,15,1,M,2,0.21151849682007498,0.34731855178287435,0.24,0.34731855178287435,0.008770704206193053,0.08118295458386696,0.20984012989783238,0.3461744688596812,0.0,0.0
8991,9,15,1,M,3,0.8082766432800496,0.6958820933007561,0.88,0.6958820933007561,0.0026786981803385568,0.08118295458386696,0.8092438940132889,0.6972995401308547,0.0,0.0
8992,9,16,1,M,0,0.1634252528978473,0.10849906272518155,0.12,0.10849906272518155,0.002665362250372269,0.08118295458386696,0.16391092057111545,0.10793580275141364,0.0,0.0
8993,9,16,1,M,1,0.8359164390131417,0.9053343951236732,0.36,0.9053343951236732,0.0025637522902979965,0.08118295458386696,0.8352318849334962,0.9059298702140591,0.0,0.0
8994,9,16,1,M,2,0.20984012989783238,0.3461744688596812,0.24,0.3461744688596812,0.008770704206193053,0.08118295458386696,0.20874479529252843,0.3455858422584517,0.0,0.0
8995,9,16,1,M,3,0.8092438940132889,0.6972995401308547,0.88,0.6972995401308547,0.0026786981803385568,0.08118295458386696,0.8104307148067472,0.6979061454417764,0.0,0.0
8996,9,17,1,M,0,0.16391092057111545,0.10793580275141364,0.12,0.10793580275141364,0.002665362250372269,0.08118295458386696,0.16407797196701684,0.10739399702282026,0.0,0.0
8997,9,17,1,M,1,0.8352318849334962,0.9059298702140591,0.36,0.9059298702140591,0.0025637522902979965,0.08118295458386696,0.8345358570330071,0.9065008707684467,0.0,0.0
8998,9,17,1,M,2,0.20874479529252843,0.3455858422584517,0.24,0.3455858422584517,0.008770704206193053,0.08118295458386696,0.20819231778305292,0.34489851029145857,0.0,0.0
8999,9,17,1,M,3,0.8104307148067472,0.6979061454417764,0.88,0.6979061454417764,0.0026786981803385568,0.08118295458386696,0.8116590424731833,0.6984827219167815,0.0,0.0
9000,9,18,1,M,0,0.16407797196701684,0.10739399702282026,0.12,0.10739399702282026,0.002665362250372269,0.08118295458386696,0.16387426310599534,0.10698380373374403,0.0,0.0
9001,9,18,1,M,1,0.8345358570330071,0.9065008707684467,0.36,0.9065008707684467,0.0025637522902979965,0.08118295458386696,0.834509809130136,0.90701526410043,0.0,0.0
9002,9,18,1,M,2,0.20819231778305292,0.34489851029145857,0.24,0.34489851029145857,0.008770704206193053,0.08118295458386696,0.20826571847970402,0.34417094668411663,0.0,0.0
9003,9,18,1,M,3,0.8116590424731833,0.6984827219167815,0.88,0.6984827219167815,0.0026786981803385568,0.08118295458386696,0.8118835642866788,0.6991771867881487,0.0,0.0
9004,9,19,1,M,0,0.16387426310599534,0.10698380373374403,0.12,0.10698380373374403,0.002665362250372269,0.08118295458386696,0.16386416766811793,0.10698238074758964,0.0,0.0
9005,9,19,1,M,1,0.834509809130136,0.90701526410043,0.36,0.90701526410043,0.0025637522902979965,0.08118295458386696,0.834509809130136,0.9070152641004299,0.0,0.0
9006,9,19,1,M,2,0.20826571847970402,0.34417094668411663,0.24,0.34417094668411663,0.008770704206193053,0.08118295458386696,0.2082375528753191,0.3441671033596826,0.0,0.0
9007,9,19,1,M,3,0.8118835642866788,0.6991771867881487,0.88,0.6991771867881487,0.0026786981803385568,0.08118295458386696,0.811867093758109,0.69913893613116,0.0,0.0
9008,9,20,1,M,0,0.16386416766811793,0.10698238074758964,0.12,0.10698238074758964,0.002665362250372269,0.08118295458386696,0.16386416766811795,0.10698238074758966,0.0,0.0
9009,9,20,1,M,1,0.834509809130136,0.9070152641004299,0.36,0.9070152641004299,0.0025637522902979965,0.08118295458386696,0.834509809130136,0.9070152641004298,0.0,0.0
9010,9,20,1,M,2,0.2082375528753191,0.3441671033596826,0.24,0.3441671033596826,0.008770704206193053,0.08118295458386696,0.2082375528753191,0.3441671033596826,0.0,0.0
9011,9,20,1,M,3,0.811867093758109,0.69913893613116,0.88,0.69913893613116,0.0026786981803385568,0.08118295458386696,0.811867093758109,0.6991389361311601,0.0,0.0
9012,9,21,1,M,0,0.16386416766811795,0.10698238074758966,0.12,0.10698238074758966,0.002665362250372269,0.08118295458386696,0.16386416766811795,0.10698238074758969,0.0,0.0
9013,9,21,1,M,1,0.834509809130136,0.9070152641004298,0.36,0.9070152641004298,0.0025637522902979965,0.08118295458386696,0.834509809130136,0.9070152641004298,0.0,0.0
9014,9,21,1,M,2,0.2082375528753191,0.3441671033596826,0.24,0.3441671033596826,0.008770704206193053,0.08118295458386696,0.20823755287531912,0.3441671033596826,0.0,0.0
9015,9,21,1,M,3,0.811867093758109,0.6991389361311601,0.88,0.6991389361311601,0.0026786981803385568,0.08118295458386696,0.8118670937581088,0.6991389361311601,0.0,0.0
9016,9,22,1,M,0,0.16386416766811795,0.10698238074758969,0.12,0.10698238074758969,0.002665362250372269,0.08118295458386696,0.16386416766811795,0.10698238074758966,0.0,0.0
9017,9,22,1,M,1,0.834509809130136,0.9070152641004298,0.36,0.9070152641004298,0.0025637522902979965,0.08118295458386696,0.834509809130136,0.9070152641004298,0.0,0.0
9018,9,22,1,M,2,0.20823755287531912,0.3441671033596826,0.24,0.3441671033596826,0.008770704206193053,0.08118295458386696,0.2082375528753191,0.3441671033596826,0.0,0.0
9019,9,22,1,M,3,0.8118670937581088,0.6991389361311601,0.88,0.6991389361311601,0.0026786981803385568,0.08118295458386696,0.8118670937581091,0.6991389361311601,0.0,0.0
9020,9,23,1,M,0,0.16386416766811795,0.10698238074758966,0.12,0.10698238074758966,0.002665362250372269,0.08118295458386696,0.16386416766811793,0.10698238074758966,0.0,0.0
9021,9,23,1,M,1,0.834509809130136,0.9070152641004298,0.36,0.9070152641004298,0.0025637522902979965,0.08118295458386696,0.834509809130136,0.9070152641004298,0.0,0.0
9022,9,23,1,M,2,0.2082375528753191,0.3441671033596826,0.24,0.3441671033596826,0.008770704206193053,0.08118295458386696,0.20823755287531912,0.3441671033596826,0.0,0.0
9023,9,23,1,M,3,0.8118670937581091,0.6991389361311601,0.88,0.6991389361311601,0.0026786981803385568,0.08118295458386696,0.8118670937581088,0.6991389361311602,0.0,0.0
9024,9,24,2,M,0,0.16386416766811793,0.10698238074758966,0.12,0.10698238074758966,0.002665362250372269,0.08118295458386696,0.16386416766811795,0.10698238074758966,0.0,0.0
9025,9,24,2,M,1,0.834509809130136,0.9070152641004298,0.36,0.9070152641004298,0.0025637522902979965,0.08118295458386696,0.834509809130136,0.9070152641004299,0.0,0.0
9026,9,24,2,M,2,0.20823755287531912,0.3441671033596826,0.24,0.3441671033596826,0.008770704206193053,0.08118295458386696,0.2082375528753191,0.3441671033596826,0.0,0.0
9027,9,24,2,M,3,0.8118670937581088,0.6991389361311602,0.88,0.6991389361311602,0.0026786981803385568,0.08118295458386696,0.8118670937581091,0.6991389361311601,0.0,0.0
9028,9,25,2,M,0,0.16386416766811795,0.10698238074758966,0.12,0.10698238074758966,0.0025382337372636954,0.08118295458386696,0.1642877104658773,0.10711405852727167,0.0,0.0
9029,9,25,2,M,1,0.834509809130136,0.9070152641004299,0.88,0.9070152641004299,0.002521861674917067,0.08118295458386696,0.8333537582354377,0.9070264960203143,0.0,0.0
9030,9,25,2,M,2,0.24,0.5,0.12,0.5,0.0025382337372636954,0.08118295458386696,0.2029026264872646,0.3219412311827734,1.0,1.0
9031,9,25,2,M,3,0.8118670937581091,0.6991389361311601,0.88,0.6991389361311601,0.0026502074375587686,0.08118295458386696,0.8095472409118012,0.6983701247804086,0.0,0.0
9032,9,26,2,M,0,0.1642877104658773,0.10711405852727167,0.12,0.10711405852727167,0.0025382337372636954,0.08118295458386696,0.1636921802627418,0.10230812293723124,0.0,0.0
9033,9,26,2,M,1,0.8333537582354377,0.9070264960203143,0.88,0.9070264960203143,0.002521861674917067,0.08118295458386696,0.8331355177554214,0.9070497893619075,0.0,0.0
9034,9,26,2,M,2,0.2029026264872646,0.3219412311827734,0.12,0.3219412311827734,0.0025382337372636954,0.08118295458386696,0.20106181675195614,0.314364767093318,0.0,0.0
9035,9,26,2,M,3,0.8095472409118012,0.6983701247804086,0.88,0.6983701247804086,0.0026502074375587686,0.08118295458386696,0.8096249422768798,0.6982735945582872,0.0,0.0
9036,9,27,2,M,0,0.1636921802627418,0.10230812293723124,0.12,0.10230812293723124,0.0025382337372636954,0.08118295458386696,0.16383773015234276,0.09909626930752595,0.0,0.0
9037,9,27,2,M,1,0.8331355177554214,0.9070497893619075,0.88,0.9070497893619075,0.002521861674917067,0.08118295458386696,0.8330830967796699,0.9070570279351363,0.0,0.0
9038,9,27,2,M,2,0.20106181675195614,0.314364767093318,0.12,0.314364767093318,0.0025382337372636954,0.08118295458386696,0.19903857792573118,0.30975671570092134,0.0,0.0
9039,9,27,2,M,3,0.8096249422768798,0.6982735945582872,0.88,0.6982735945582872,0.0026502074375587686,0.08118295458386696,0.809578786793754,0.6982145826983941,0.0,0.0
9040,9,28,2,M,0,0.16383773015234276,0.09909626930752595,0.12,0.09909626930752595,0.0025382337372636954,0.08118295458386696,0.1641641963957374,0.0973064859043102,0.0,0.0
9041,9,28,2,M,1,0.8330830967796699,0.9070570279351363,0.88,0.9070570279351363,0.002521861674917067,0.08118295458386696,0.8330830967796697,0.9070570279351362,0.0,0.0
9042,9,28,2,M,2,0.19903857792573118,0.30975671570092134,0.12,0.30975671570092134,0.0025382337372636954,0.08118295458386696,0.1976652646135314,0.307423533762484,0.0,0.0
9043,9,28,2,M,3,0.809578786793754,0.6982145826983941,0.88,0.6982145826983941,0.0026502074375587686,0.08118295458386696,0.8095778344480635,0.6982064638149327,0.0,0.0
9044,9,29,2,M,0,0.1641641963957374,0.0973064859043102,0.12,0.0973064859043102,0.0025382337372636954,0.08118295458386696,0.1644098417182143,0.09625964772337581,0.0,0.0
9045,9,29,2,M,1,0.8330830967796697,0.9070570279351362,0.88,0.9070570279351362,0.002521861674917067,0.08118295458386696,0.8330534229869906,0.9070562825163855,0.0,0.0
9046,9,29,2,M,2,0.1976652646135314,0.307423533762484,0.12,0.307423533762484,0.0025382337372636954,0.08118295458386696,0.19678087791202925,0.305999576038112,0.0,0.0
9047,9,29,2,M,3,0.8095778344480635,0.6982064638149327,0.88,0.6982064638149327,0.0026502074375587686,0.08118295458386696,0.8095531294165407,0.6981814476208086,0.0,0.0
9048,9,30,2,M,0,0.1644098417182143,0.09625964772337581,0.12,0.09625964772337581,0.0025382337372636954,0.08118295458386696,0.16447036916096983,0.09541992022586557,0.0,0.0
9049,9,30,2,M,1,0.8330534229869906,0.9070562825163855,0.88,0.9070562825163855,0.002521861674917067,0.08118295458386696,0.8330053298254408,0.9070580742199749,0.0,0.0
9050,9,30,2,M,2,0.19678087791202925,0.305999576038112,0.12,0.305999576038112,0.0025382337372636954,0.08118295458386696,0.19638913321470933,0.3047614174884993,0.0,0.0
9051,9,30,2,M,3,0.8095531294165407,0.6981814476208086,0.88,0.6981814476208086,0.0026502074375587686,0.08118295458386696,0.8095686419230054,0.6982492902321482,0.0,0.0
9052,9,31,2,M,0,0.16447036916096983,0.09541992022586557,0.12,0.09541992022586557,0.0025382337372636954,0.08118295458386696,0.1644703691609698,0.09541992022586558,0.0,0.0
9053,9,31,2,M,1,0.8330053298254408,0.9070580742199749,0.88,0.9070580742199749,0.002521861674917067,0.08118295458386696,0.8329784501660864,0.9070602534685439,0.0,0.0
9054,9,31,2,M,2,0.19638913321470933,0.3047614174884993,0.12,0.3047614174884993,0.0025382337372636954,0.08118295458386696,0.1963730985263488,0.304701282914333,0.0,0.0
9055,9,31,2,M,3,0.8095686419230054,0.6982492902321482,0.88,0.6982492902321482,0.0026502074375587686,0.08118295458386696,0.8095434866307768,0.698242602734004,0.0,0.0
9056,9,32,2,M,0,0.1644703691609698,0.09541992022586558,0.12,0.09541992022586558,0.0025382337372636954,0.08118295458386696,0.16447036916096983,0.09541992022586558,0.0,0.0
9057,9,32,2,M,1,0.8329784501660864,0.9070602534685439,0.88,0.9070602534685439,0.002521861674917067,0.08118295458386696,0.8329784501660862,0.9070602534685438,0.0,0.0
9058,9,32,2,M,2,0.1963730985263488,0.304701282914333,0.12,0.304701282914333,0.0025382337372636954,0.08118295458386696,0.19637309852634882,0.304701282914333,0.0,0.0
9059,9,32,2,M,3,0.8095434866307768,0.698242602734004,0.88,0.698242602734004,0.0026502074375587686,0.08118295458386696,0.8095434866307766,0.698242602734004,0.0,0.0
9060,9,33,2,M,0,0.16447036916096983,0.09541992022586558,0.12,0.09541992022586558,0.0025382337372636954,0.08118295458386696,0.16447036916096983,0.09541992022586558,0.0,0.0
9061,9,33,2,M,1,0.8329784501660862,0.9070602534685438,0.88,0.9070602534685438,0.002521861674917067,0.08118295458386696,0.8329784501660863,0.9070602534685439,0.0,0.0
9062,9,33,2,M,2,0.19637309852634882,0.304701282914333,0.12,0.304701282914333,0.0025382337372636954,0.08118295458386696,0.1963730985263488,0.30470128291433296,0.0,0.0
9063,9,33,2,M,3,0.8095434866307766,0.698242602734004,0.88,0.698242602734004,0.0026502074375587686,0.08118295458386696,0.8095434866307766,0.698242602734004,0.0,0.0
9064,9,34,2,M,0,0.16447036916096983,0.09541992022586558,0.12,0.09541992022586558,0.0025382337372636954,0.08118295458386696,0.16447036916096983,0.09541992022586557,0.0,0.0
9065,9,34,2,M,1,0.8329784501660863,0.9070602534685439,0.88,0.9070602534685439,0.002521861674917067,0.08118295458386696,0.8329784501660863,0.9070602534685439,0.0,0.0
9066,9,34,2,M,2,0.1963730985263488,0.30470128291433296,0.12,0.30470128291433296,0.0025382337372636954,0.08118295458386696,0.19637309852634882,0.304701282914333,0.0,0.0
9067,9,34,2,M,3,0.8095434866307766,0.698242602734004,0.88,0.698242602734004,0.0026502074375587686,0.08118295458386696,0.8095434866307767,0.698242602734004,0.0,0.0
9068,9,35,2,M,0,0.16447036916096983,0.09541992022586557,0.12,0.09541992022586557,0.0025382337372636954,0.08118295458386696,0.16447036916096983,0.09541992022586558,0.0,0.0
9069,9,35,2,M,1,0.8329784501660863,0.9070602534685439,0.88,0.9070602534685439,0.002521861674917067,0.08118295458386696,0.8329784501660863,0.9070602534685439,0.0,0.0
9070,9,35,2,M,2,0.19637309852634882,0.304701282914333,0.12,0.304701282914333,0.0025382337372636954,0.08118295458386696,0.1963730985263488,0.30470128291433296,0.0,0.0
9071,9,35,2,M,3,0.8095434866307767,0.698242602734004,0.88,0.698242602734004,0.0026502074375587686,0.08118295458386696,0.8095434866307767,0.698242602734004,0.0,0.0
9072,9,36,2,M,0,0.16447036916096983,0.09541992022586558,0.12,0.09541992022586558,0.0025382337372636954,0.08118295458386696,0.16447036916096983,0.09541992022586558,0.0,0.0
9073,9,36,2,M,1,0.8329784501660863,0.9070602534685439,0.88,0.9070602534685439,0.002521861674917067,0.08118295458386696,0.8329784501660862,0.9070602534685438,0.0,0.0
9074,9,36,2,M,2,0.1963730985263488,0.30470128291433296,0.12,0.30470128291433296,0.0025382337372636954,0.08118295458386696,0.19637309852634882,0.304701282914333,0.0,0.0
9075,9,36,2,M,3,0.8095434866307767,0.698242602734004,0.88,0.698242602734004,0.0026502074375587686,0.08118295458386696,0.8095434866307767,0.698242602734004,0.0,0.0
9076,9,37,2,M,0,0.16447036916096983,0.09541992022586558,0.12,0.09541992022586558,0.0025382337372636954,0.08118295458386696,0.16447036916096983,0.09541992022586558,0.0,0.0
9077,9,37,2,M,1,0.8329784501660862,0.9070602534685438,0.88,0.9070602534685438,0.002521861674917067,0.08118295458386696,0.8329784501660863,0.9070602534685439,0.0,0.0
9078,9,37,2,M,2,0.19637309852634882,0.304701282914333,0.12,0.304701282914333,0.0025382337372636954,0.08118295458386696,0.19637309852634882,0.304701282914333,0.0,0.0
9079,9,37,2,M,3,0.8095434866307767,0.698242602734004,0.88,0.698242602734004,0.0026502074375587686,0.08118295458386696,0.8095434866307767,0.6982426027340041,0.0,0.0
9080,9,38,2,M,0,0.16447036916096983,0.09541992022586558,0.12,0.09541992022586558,0.0025382337372636954,0.08118295458386696,0.16447036916096983,0.09541992022586558,0.0,0.0
9081,9,38,2,M,1,0.8329784501660863,0.9070602534685439,0.88,0.9070602534685439,0.002521861674917067,0.08118295458386696,0.8329784501660863,0.9070602534685439,0.0,0.0
9082,9,38,2,M,2,0.19637309852634882,0.304701282914333,0.12,0.304701282914333,0.0025382337372636954,0.08118295458386696,0.1963730985263488,0.30470128291433296,0.0,0.0
9083,9,38,2,M,3,0.8095434866307767,0.6982426027340041,0.88,0.6982426027340041,0.0026502074375587686,0.08118295458386696,0.8095434866307767,0.698242602734004,0.0,0.0
9084,9,39,2,M,0,0.16447036916096983,0.09541992022586558,0.12,0.09541992022586558,0.0025382337372636954,0.08118295458386696,0.16447036916096983,0.09541992022586558,0.0,0.0
9085,9,39,2,M,1,0.8329784501660863,0.9070602534685439,0.88,0.9070602534685439,0.002521861674917067,0.08118295458386696,0.8329784501660862,0.9070602534685438,0.0,0.0
9086,9,39,2,M,2,0.1963730985263488,0.30470128291433296,0.12,0.30470128291433296,0.0025382337372636954,0.08118295458386696,0.19637309852634882,0.304701282914333,0.0,0.0
9087,9,39,2,M,3,0.8095434866307767,0.698242602734004,0.88,0.698242602734004,0.0026502074375587686,0.08118295458386696,0.8095434866307767,0.698242602734004,0.0,0.0
9088,9,40,2,M,0,0.16447036916096983,0.09541992022586558,0.12,0.09541992022586558,0.0025382337372636954,0.08118295458386696,0.16447036916096983,0.09541992022586558,0.0,0.0
9089,9,40,2,M,1,0.8329784501660862,0.9070602534685438,0.88,0.9070602534685438,0.002521861674917067,0.08118295458386696,0.8329784501660863,0.9070602534685439,0.0,0.0
9090,9,40,2,M,2,0.19637309852634882,0.304701282914333,0.12,0.304701282914333,0.0025382337372636954,0.08118295458386696,0.19637309852634882,0.304701282914333,0.0,0.0
9091,9,40,2,M,3,0.8095434866307767,0.698242602734004,0.88,0.698242602734004,0.0026502074375587686,0.08118295458386696,0.8095434866307767,0.6982426027340041,0.0,0.0
9092,9,41,2,M,0,0.16447036916096983,0.09541992022586558,0.12,0.09541992022586558,0.0025382337372636954,0.08118295458386696,0.16447036916096983,0.09541992022586558,0.0,0.0
9093,9,41,2,M,1,0.8329784501660863,0.9070602534685439,0.88,0.9070602534685439,0.002521861674917067,0.08118295458386696,0.8329784501660863,0.9070602534685439,0.0,0.0
9094,9,41,2,M,2,0.19637309852634882,0.304701282914333,0.12,0.304701282914333,0.0025382337372636954,0.08118295458386696,0.1963730985263488,0.30470128291433296,0.0,0.0
9095,9,41,2,M,3,0.8095434866307767,0.6982426027340041,0.88,0.6982426027340041,0.0026502074375587686,0.08118295458386696,0.8095434866307767,0.698242602734004,0.0,0.0
9096,9,42,2,M,0,0.16447036916096983,0.09541992022586558,0.12,0.09541992022586558,0.0025382337372636954,0.08118295458386696,0.16447036916096983,0.09541992022586558,0.0,0.0
9097,9,42,2,M,1,0.8329784501660863,0.9070602534685439,0.88,0.9070602534685439,0.002521861674917067,0.08118295458386696,0.8329784501660862,0.9070602534685438,0.0,0.0
9098,9,42,2,M,2,0.1963730985263488,0.30470128291433296,0.12,0.30470128291433296,0.0025382337372636954,0.08118295458386696,0.19637309852634882,0.304701282914333,0.0,0.0
9099,9,42,2,M,3,0.8095434866307767,0.698242602734004,0.88,0.698242602734004,0.0026502074375587686,0.08118295458386696,0.8095434866307767,0.698242602734004,0.0,0.0
9100,9,43,2,M,0,0.16447036916096983,0.09541992022586558,0.12,0.09541992022586558,0.0025382337372636954,0.08118295458386696,0.16447036916096983,0.09541992022586558,0.0,0.0
9101,9,43,2,M,1,0.8329784501660862,0.9070602534685438,0.88,0.9070602534685438,0.002521861674917067,0.08118295458386696,0.8329784501660863,0.9070602534685439,0.0,0.0
9102,9,43,2,M,2,0.19637309852634882,0.304701282914333,0.12,0.304701282914333,0.0025382337372636954,0.08118295458386696,0.19637309852634882,0.304701282914333,0.0,0.0
9103,9,43,2,M,3,0.8095434866307767,0.698242602734004,0.88,0.698242602734004,0.0026502074375587686,0.08118295458386696,0.8095434866307767,0.6982426027340041,0.0,0.0
9104,9,44,2,M,0,0.16447036916096983,0.09541992022586558,0.12,0.09541992022586558,0.0025382337372636954,0.08118295458386696,0.16447036916096983,0.09541992022586558,0.0,0.0
9105,9,44,2,M,1,0.8329784501660863,0.9070602534685439,0.88,0.9070602534685439,0.002521861674917067,0.08118295458386696,0.8329784501660863,0.9070602534685439,0.0,0.0
9106,9,44,2,M,2,0.19637309852634882,0.304701282914333,0.12,0.304701282914333,0.0025382337372636954,0.08118295458386696,0.1963730985263488,0.30470128291433296,0.0,0.0
9107,9,44,2,M,3,0.8095434866307767,0.6982426027340041,0.88,0.6982426027340041,0.0026502074375587686,0.08118295458386696,0.8095434866307767,0.698242602734004,0.0,0.0
9108,9,45,2,M,0,0.16447036916096983,0.09541992022586558,0.12,0.09541992022586558,0.0025382337372636954,0.08118295458386696,0.16447036916096983,0.09541992022586558,0.0,0.0
9109,9,45,2,M,1,0.8329784501660863,0.9070602534685439,0.88,0.9070602534685439,0.002521861674917067,0.08118295458386696,0.8329784501660862,0.9070602534685438,0.0,0.0
9110,9,45,2,M,2,0.1963730985263488,0.30470128291433296,0.12,0.30470128291433296,0.0025382337372636954,0.08118295458386696,0.19637309852634882,0.304701282914333,0.0,0.0
9111,9,45,2,M,3,0.8095434866307767,0.698242602734004,0.88,0.698242602734004,0.0026502074375587686,0.08118295458386696,0.8095434866307767,0.698242602734004,0.0,0.0
9112,9,46,2,M,0,0.16447036916096983,0.09541992022586558,0.12,0.09541992022586558,0.0025382337372636954,0.08118295458386696,0.16447036916096983,0.09541992022586558,0.0,0.0
9113,9,46,2,M,1,0.8329784501660862,0.9070602534685438,0.88,0.9070602534685438,0.002521861674917067,0.08118295458386696,0.8329784501660863,0.9070602534685439,0.0,0.0
9114,9,46,2,M,2,0.19637309852634882,0.304701282914333,0.12,0.304701282914333,0.0025382337372636954,0.08118295458386696,0.19637309852634882,0.304701282914333,0.0,0.0
9115,9,46,2,M,3,0.8095434866307767,0.698242602734004,0.88,0.698242602734004,0.0026502074375587686,0.08118295458386696,0.8095434866307767,0.6982426027340041,0.0,0.0
9116,9,47,2,M,0,0.16447036916096983,0.09541992022586558,0.12,0.09541992022586558,0.0025382337372636954,0.08118295458386696,0.16447036916096983,0.09541992022586558,0.0,0.0
9117,9,47,2,M,1,0.8329784501660863,0.9070602534685439,0.88,0.9070602534685439,0.002521861674917067,0.08118295458386696,0.8329784501660863,0.9070602534685439,0.0,0.0
9118,9,47,2,M,2,0.19637309852634882,0.304701282914333,0.12,0.304701282914333,0.0025382337372636954,0.08118295458386696,0.1963730985263488,0.30470128291433296,0.0,0.0
9119,9,47,2,M,3,0.8095434866307767,0.6982426027340041,0.88,0.6982426027340041,0.0026502074375587686,0.08118295458386696,0.8095434866307767,0.698242602734004,0.0,0.0
9120,9,48,2,M,0,0.16447036916096983,0.09541992022586558,0.12,0.09541992022586558,0.0025382337372636954,0.08118295458386696,0.16447036916096983,0.09541992022586558,0.0,0.0
9121,9,48,2,M,1,0.8329784501660863,0.9070602534685439,0.88,0.9070602534685439,0.002521861674917067,0.08118295458386696,0.8329784501660862,0.9070602534685438,0.0,0.0
9122,9,48,2,M,2,0.1963730985263488,0.30470128291433296,0.12,0.30470128291433296,0.0025382337372636954,0.08118295458386696,0.19637309852634882,0.304701282914333,0.0,0.0
9123,9,48,2,M,3,0.8095434866307767,0.698242602734004,0.88,0.698242602734004,0.0026502074375587686,0.08118295458386696,0.8095434866307767,0.698242602734004,0.0,0.0
9124,9,49,2,M,0,0.16447036916096983,0.09541992022586558,0.12,0.09541992022586558,0.0025382337372636954,0.08118295458386696,0.16447036916096983,0.09541992022586558,0.0,0.0
9125,9,49,2,M,1,0.8329784501660862,0.9070602534685438,0.88,0.9070602534685438,0.002521861674917067,0.08118295458386696,0.8329784501660863,0.9070602534685439,0.0,0.0
9126,9,49,2,M,2,0.19637309852634882,0.304701282914333,0.12,0.304701282914333,0.0025382337372636954,0.08118295458386696,0.19637309852634882,0.304701282914333,0.0,0.0
9127,9,49,2,M,3,0.8095434866307767,0.698242602734004,0.88,0.698242602734004,0.0026502074375587686,0.08118295458386696,0.8095434866307767,0.6982426027340041,0.0,0.0
9128,9,50,2,M,0,0.16447036916096983,0.09541992022586558,0.12,0.09541992022586558,0.0025382337372636954,0.08118295458386696,0.16447036916096983,0.09541992022586558,0.0,0.0
9129,9,50,2,M,1,0.8329784501660863,0.9070602534685439,0.88,0.9070602534685439,0.002521861674917067,0.08118295458386696,0.8329784501660863,0.9070602534685439,0.0,0.0
9130,9,50,2,M,2,0.19637309852634882,0.304701282914333,0.12,0.304701282914333,0.0025382337372636954,0.08118295458386696,0.1963730985263488,0.30470128291433296,0.0,0.0
9131,9,50,2,M,3,0.8095434866307767,0.6982426027340041,0.88,0.6982426027340041,0.0026502074375587686,0.08118295458386696,0.8095434866307767,0.698242602734004,0.0,0.0
9132,9,51,2,M,0,0.16447036916096983,0.09541992022586558,0.12,0.09541992022586558,0.0025382337372636954,0.08118295458386696,0.16447036916096983,0.09541992022586558,0.0,0.0
9133,9,51,2,M,1,0.8329784501660863,0.9070602534685439,0.88,0.9070602534685439,0.002521861674917067,0.08118295458386696,0.8329784501660862,0.9070602534685438,0.0,0.0
9134,9,51,2,M,2,0.1963730985263488,0.30470128291433296,0.12,0.30470128291433296,0.0025382337372636954,0.08118295458386696,0.19637309852634882,0.304701282914333,0.0,0.0
9135,9,51,2,M,3,0.8095434866307767,0.698242602734004,0.88,0.698242602734004,0.0026502074375587686,0.08118295458386696,0.8095434866307767,0.698242602734004,0.0,0.0
9136,9,52,2,M,0,0.16447036916096983,0.09541992022586558,0.12,0.09541992022586558,0.0025382337372636954,0.08118295458386696,0.16447036916096983,0.09541992022586558,0.0,0.0
9137,9,52,2,M,1,0.8329784501660862,0.9070602534685438,0.88,0.9070602534685438,0.002521861674917067,0.08118295458386696,0.8329784501660863,0.9070602534685439,0.0,0.0
9138,9,52,2,M,2,0.19637309852634882,0.304701282914333,0.12,0.304701282914333,0.0025382337372636954,0.08118295458386696,0.19637309852634882,0.304701282914333,0.0,0.0
9139,9,52,2,M,3,0.8095434866307767,0.698242602734004,0.88,0.698242602734004,0.0026502074375587686,0.08118295458386696,0.8095434866307767,0.6982426027340041,0.0,0.0
9140,9,53,2,M,0,0.16447036916096983,0.09541992022586558,0.12,0.09541992022586558,0.0025382337372636954,0.08118295458386696,0.16447036916096983,0.09541992022586558,0.0,0.0
9141,9,53,2,M,1,0.8329784501660863,0.9070602534685439,0.88,0.9070602534685439,0.002521861674917067,0.08118295458386696,0.8329784501660863,0.9070602534685439,0.0,0.0
9142,9,53,2,M,2,0.19637309852634882,0.304701282914333,0.12,0.304701282914333,0.0025382337372636954,0.08118295458386696,0.1963730985263488,0.30470128291433296,0.0,0.0
9143,9,53,2,M,3,0.8095434866307767,0.6982426027340041,0.88,0.6982426027340041,0.0026502074375587686,0.08118295458386696,0.8095434866307767,0.698242602734004,0.0,0.0
9144,9,54,2,M,0,0.16447036916096983,0.09541992022586558,0.12,0.09541992022586558,0.0025382337372636954,0.08118295458386696,0.16447036916096983,0.09541992022586558,0.0,0.0
9145,9,54,2,M,1,0.8329784501660863,0.9070602534685439,0.88,0.9070602534685439,0.002521861674917067,0.08118295458386696,0.8329784501660862,0.9070602534685438,0.0,0.0
9146,9,54,2,M,2,0.1963730985263488,0.30470128291433296,0.12,0.30470128291433296,0.0025382337372636954,0.08118295458386696,0.19637309852634882,0.304701282914333,0.0,0.0
9147,9,54,2,M,3,0.8095434866307767,0.698242602734004,0.88,0.698242602734004,0.0026502074375587686,0.08118295458386696,0.8095434866307767,0.698242602734004,0.0,0.0
9148,9,55,2,M,0,0.16447036916096983,0.09541992022586558,0.12,0.09541992022586558,0.0025382337372636954,0.08118295458386696,0.16447036916096983,0.09541992022586558,0.0,0.0
9149,9,55,2,M,1,0.8329784501660862,0.9070602534685438,0.88,0.9070602534685438,0.002521861674917067,0.08118295458386696,0.8329784501660863,0.9070602534685439,0.0,0.0
9150,9,55,2,M,2,0.19637309852634882,0.304701282914333,0.12,0.304701282914333,0.0025382337372636954,0.08118295458386696,0.19637309852634882,0.304701282914333,0.0,0.0
9151,9,55,2,M,3,0.8095434866307767,0.698242602734004,0.88,0.698242602734004,0.0026502074375587686,0.08118295458386696,0.8095434866307767,0.6982426027340041,0.0,0.0
9152,9,56,3,M,0,0.16447036916096983,0.09541992022586558,0.12,0.09541992022586558,0.0025382337372636954,0.08118295458386696,0.16447036916096983,0.09541992022586558,0.0,0.0
9153,9,56,3,M,1,0.8329784501660863,0.9070602534685439,0.88,0.9070602534685439,0.002521861674917067,0.08118295458386696,0.8329784501660863,0.9070602534685439,0.0,0.0
9154,9,56,3,M,2,0.19637309852634882,0.304701282914333,0.12,0.304701282914333,0.0025382337372636954,0.08118295458386696,0.1963730985263488,0.30470128291433296,0.0,0.0
9155,9,56,3,M,3,0.8095434866307767,0.6982426027340041,0.88,0.6982426027340041,0.0026502074375587686,0.08118295458386696,0.8095434866307767,0.698242602734004,0.0,0.0
9156,9,57,3,M,0,0.62,0.1,0.1,0.1,0.002196805067345445,0.08118295458386696,0.17410830353213272,0.09537377533191128,1.0,1.0
9157,9,57,3,M,1,0.62,0.9,0.88,0.9,0.0023663740217186174,0.08118295458386696,0.8398451140678438,0.9073510350436617,1.0,1.0
9158,9,57,3,M,2,0.1,0.38,0.12,0.38,0.0023291556345714504,0.08118295458386696,0.20530683522353493,0.29479412300458274,1.0,1.0
9159,9,57,3,M,3,0.9,0.1,0.9,0.1,0.0020471915538588514,0.08118295458386696,0.8083005948334958,0.6997891431162402,1.0,1.0
9160,9,58,3,M,0,0.36,0.1,0.1,0.1,0.0018848632294887202,0.08118295458386696,0.16654239764330572,0.09352469262895807,1.0,1.0
9161,9,58,3,M,1,0.9,0.9,0.38,0.9,0.0018142348753519,0.08118295458386696,0.8389591399795746,0.904869571840254,1.0,1.0
9162,9,58,3,M,2,0.1,0.62,0.1,0.62,0.0019804524359558207,0.08118295458386696,0.20782963244280697,0.2857471847272444,1.0,1.0
9163,9,58,3,M,3,0.88,0.38,0.9,0.38,0.0018252130154148005,0.08118295458386696,0.812590682782008,0.687994251178081,1.0,1.0
9164,9,59,3,M,0,0.12,0.1,0.0,0.1,0.0004940581922104337,0.08118295458386696,0.15554787930274333,0.09364194993216841,1.0,1.0
9165,9,59,3,M,1,0.36,0.9,1.0,0.9,0.0004922387123834221,0.08118295458386696,0.836351833404031,0.9024528705834931,1.0,1.0
9166,9,59,3,M,2,0.12,0.88,0.38,0.88,0.0007490857097681713,0.08118295458386696,0.19730135433410062,0.30996965644327823,1.0,1.0
9167,9,59,3,M,3,0.88,0.62,0.62,0.62,0.0007649895292152209,0.08118295458386696,0.8133020111151779,0.6774343592002298,1.0,1.0
9168,9,60,3,M,0,0.15554787930274333,0.09364194993216841,0.0,0.09364194993216841,0.0004940581922104337,0.08118295458386696,0.15801646726527271,0.09788917687312168,0.0,0.0
9169,9,60,3,M,1,0.836351833404031,0.9024528705834931,1.0,0.9024528705834931,0.0004922387123834221,0.08118295458386696,0.8353949141804229,0.8998167029291877,0.0,0.0
9170,9,60,3,M,2,0.19730135433410062,0.30996965644327823,0.38,0.30996965644327823,0.0007490857097681713,0.08118295458386696,0.19497055927024223,0.32082301568875354,0.0,0.0
9171,9,60,3,M,3,0.8133020111151779,0.6774343592002298,0.62,0.6774343592002298,0.0007649895292152209,0.08118295458386696,0.814813320300621,0.6700398271293173,0.0,0.0
9172,9,61,3,M,0,0.15801646726527271,0.09788917687312168,0.0,0.09788917687312168,0.0004940581922104337,0.08118295458386696,0.16058090088947968,0.10011998073610624,0.0,0.0
9173,9,61,3,M,1,0.8353949141804229,0.8998167029291877,1.0,0.8998167029291877,0.0004922387123834221,0.08118295458386696,0.8344618230334502,0.8976953446578949,0.0,0.0
9174,9,61,3,M,2,0.19497055927024223,0.32082301568875354,0.38,0.32082301568875354,0.0007490857097681713,0.08118295458386696,0.19139038542892953,0.3276363284805575,0.0,0.0
9175,9,61,3,M,3,0.814813320300621,0.6700398271293173,0.62,0.6700398271293173,0.0007649895292152209,0.08118295458386696,0.8163750522714424,0.6644968634412051,0.0,0.0
9176,9,62,3,M,0,0.16058090088947968,0.10011998073610624,0.0,0.10011998073610624,0.0004940581922104337,0.08118295458386696,0.16256110282868041,0.10180589233216368,0.0,0.0
9177,9,62,3,M,1,0.8344618230334502,0.8976953446578949,1.0,0.8976953446578949,0.0004922387123834221,0.08118295458386696,0.8339593761567115,0.8957383362662809,0.0,0.0
9178,9,62,3,M,2,0.19139038542892953,0.3276363284805575,0.38,0.3276363284805575,0.0007490857097681713,0.08118295458386696,0.18805623236187313,0.3328595634732157,0.0,0.0
9179,9,62,3,M,3,0.8163750522714424,0.6644968634412051,0.62,0.6644968634412051,0.0007649895292152209,0.08118295458386696,0.8171135548167726,0.6593448724082692,0.0,0.0
9180,9,63,3,M,0,0.16256110282868041,0.10180589233216368,0.0,0.10180589233216368,0.0004940581922104337,0.08118295458386696,0.1640896979338747,0.10320375571563754,0.0,0.0
9181,9,63,3,M,1,0.8339593761567115,0.8957383362662809,1.0,0.8957383362662809,0.0004922387123834221,0.08118295458386696,0.8332524390991441,0.8946401169064699,0.0,0.0
9182,9,63,3,M,2,0.18805623236187313,0.3328595634732157,0.38,0.3328595634732157,0.0007490857097681713,0.08118295458386696,0.1849605021247076,0.3367713701247964,0.0,0.0
9183,9,63,3,M,3,0.8171135548167726,0.6593448724082692,0.62,0.6593448724082692,0.0007649895292152209,0.08118295458386696,0.8181397672129885,0.6560227882192967,0.0,0.0
9184,9,64,3,M,0,0.1640896979338747,0.10320375571563754,0.0,0.10320375571563754,0.0004940581922104337,0.08118295458386696,0.16522987457196348,0.10417635573990687,0.0,0.0
9185,9,64,3,M,1,0.8332524390991441,0.8946401169064699,1.0,0.8946401169064699,0.0004922387123834221,0.08118295458386696,0.8325720999827319,0.8938102841436374,0.0,0.0
9186,9,64,3,M,2,0.1849605021247076,0.3367713701247964,0.38,0.3367713701247964,0.0007490857097681713,0.08118295458386696,0.1827786754793939,0.3394132395413191,0.0,0.0
9187,9,64,3,M,3,0.8181397672129885,0.6560227882192967,0.62,0.6560227882192967,0.0007649895292152209,0.08118295458386696,0.8193831937067542,0.6538039664008198,0.0,0.0
9188,9,65,3,M,0,0.16522987457196348,0.10417635573990687,0.0,0.10417635573990687,0.0004940581922104337,0.08118295458386696,0.16596570105798542,0.10489193274343057,0.0,0.0
9189,9,65,3,M,1,0.8325720999827319,0.8938102841436374,1.0,0.8938102841436374,0.0004922387123834221,0.08118295458386696,0.8319045170784823,0.8931770611653168,0.0,0.0
9190,9,65,3,M,2,0.1827786754793939,0.3394132395413191,0.38,0.3394132395413191,0.0007490857097681713,0.08118295458386696,0.18081858277716686,0.34201227969101605,0.0,0.0
9191,9,65,3,M,3,0.8193831937067542,0.6538039664008198,0.62,0.6538039664008198,0.0007649895292152209,0.08118295458386696,0.8210260688065539,0.6512761198732613,0.0,0.0
9192,9,66,3,M,0,0.16596570105798542,0.10489193274343057,0.0,0.10489193274343057,0.0004940581922104337,0.08118295458386696,0.16659745461093134,0.10582327586419607,0.0,0.0
9193,9,66,3,M,1,0.8319045170784823,0.8931770611653168,1.0,0.8931770611653168,0.0004922387123834221,0.08118295458386696,0.8311197861751094,0.8925833056095468,0.0,0.0
9194,9,66,3,M,2,0.18081858277716686,0.34201227969101605,0.38,0.34201227969101605,0.0007490857097681713,0.08118295458386696,0.17967421850290297,0.3444225285706832,0.0,0.0
9195,9,66,3,M,3,0.8210260688065539,0.6512761198732613,0.62,0.6512761198732613,0.0007649895292152209,0.08118295458386696,0.8228474085742067,0.6496369374648233,0.0,0.0
9196,9,67,3,M,0,0.16659745461093134,0.10582327586419607,0.0,0.10582327586419607,0.0004940581922104337,0.08118295458386696,0.16731871494341574,0.10654692998011128,0.0,0.0
9197,9,67,3,M,1,0.8311197861751094,0.8925833056095468,1.0,0.8925833056095468,0.0004922387123834221,0.08118295458386696,0.830393604599762,0.892185393068359,0.0,0.0
9198,9,67,3,M,2,0.17967421850290297,0.3444225285706832,0.38,0.3444225285706832,0.0007490857097681713,0.08118295458386696,0.17824369702659618,0.3464304502659346,0.0,0.0
9199,9,67,3,M,3,0.8228474085742067,0.6496369374648233,0.62,0.6496369374648233,0.0007649895292152209,0.08118295458386696,0.8246700232555795,0.648556571684031,0.0,0.0
9200,9,68,3,M,0,0.16731871494341574,0.10654692998011128,0.0,0.10654692998011128,0.0004940581922104337,0.08118295458386696,0.1679117018922383,0.10706243748726778,0.0,0.0
9201,9,68,3,M,1,0.830393604599762,0.892185393068359,1.0,0.892185393068359,0.0004922387123834221,0.08118295458386696,0.8297358663845646,0.8919558169591717,0.0,0.0
9202,9,68,3,M,2,0.17824369702659618,0.3464304502659346,0.38,0.3464304502659346,0.0007490857097681713,0.08118295458386696,0.17701310524043978,0.3478362025662265,0.0,0.0
9203,9,68,3,M,3,0.8246700232555795,0.648556571684031,0.62,0.648556571684031,0.0007649895292152209,0.08118295458386696,0.8263049305445592,0.6479303711725637,0.0,0.0
9204,9,69,3,M,0,0.1679117018922383,0.10706243748726778,0.0,0.10706243748726778,0.0004940581922104337,0.08118295458386696,0.16864482782289497,0.10755092332355375,0.0,0.0
9205,9,69,3,M,1,0.8297358663845646,0.8919558169591717,1.0,0.8919558169591717,0.0004922387123834221,0.08118295458386696,0.8296333462622442,0.8919296863785201,0.0,0.0
9206,9,69,3,M,2,0.17701310524043978,0.3478362025662265,0.38,0.3478362025662265,0.0007490857097681713,0.08118295458386696,0.17539730665570175,0.3492878171547276,0.0,0.0
9207,9,69,3,M,3,0.8263049305445592,0.6479303711725637,0.62,0.6479303711725637,0.0007649895292152209,0.08118295458386696,0.826680739377179,0.6478231302500187,0.0,0.0
9208,9,70,3,M,0,0.16864482782289497,0.10755092332355375,0.0,0.10755092332355375,0.0004940581922104337,0.08118295458386696,0.1693900537392436,0.10789709606990099,0.0,0.0
9209,9,70,3,M,1,0.8296333462622442,0.8919296863785201,1.0,0.8919296863785201,0.0004922387123834221,0.08118295458386696,0.829690807351168,0.8919299056878216,0.0,0.0
9210,9,70,3,M,2,0.17539730665570175,0.3492878171547276,0.38,0.3492878171547276,0.0007490857097681713,0.08118295458386696,0.17350641047556398,0.3504331213562518,0.0,0.0
9211,9,70,3,M,3,0.826680739377179,0.6478231302500187,0.62,0.6478231302500187,0.0007649895292152209,0.08118295458386696,0.8266109308923713,0.6476853839129478,0.0,0.0
9212,9,71,3,M,0,0.1693900537392436,0.10789709606990099,0.0,0.10789709606990099,0.0004940581922104337,0.08118295458386696,0.16997924210857845,0.10807022275778154,0.0,0.0
9213,9,71,3,M,1,0.829690807351168,0.8919299056878216,1.0,0.8919299056878216,0.0004922387123834221,0.08118295458386696,0.829690807351168,0.8919299056878217,0.0,0.0
9214,9,71,3,M,2,0.17350641047556398,0.3504331213562518,0.38,0.3504331213562518,0.0007490857097681713,0.08118295458386696,0.17193796131274722,0.3509100367826642,0.0,0.0
9215,9,71,3,M,3,0.8266109308923713,0.6476853839129478,0.62,0.6476853839129478,0.0007649895292152209,0.08118295458386696,0.8264902355440515,0.647601401293136,0.0,0.0
9216,9,72,3,M,0,0.16997924210857845,0.10807022275778154,0.0,0.10807022275778154,0.0004940581922104337,0.08118295458386696,0.16997924210857843,0.10807022275778153,0.0,0.0
9217,9,72,3,M,1,0.829690807351168,0.8919299056878217,1.0,0.8919299056878217,0.0004922387123834221,0.08118295458386696,0.8296908073511681,0.8919299056878217,0.0,0.0
9218,9,72,3,M,2,0.17193796131274722,0.3509100367826642,0.38,0.3509100367826642,0.0007490857097681713,0.08118295458386696,0.17193796131274722,0.3509100367826642,0.0,0.0
9219,9,72,3,M,3,0.8264902355440515,0.647601401293136,0.62,0.647601401293136,0.0007649895292152209,0.08118295458386696,0.8264902355440514,0.647601401293136,0.0,0.0
9220,9,73,3,M,0,0.16997924210857843,0.10807022275778153,0.0,0.10807022275778153,0.0004940581922104337,0.08118295458386696,0.16997924210857845,0.10807022275778154,0.0,0.0
9221,9,73,3,M,1,0.8296908073511681,0.8919299056878217,1.0,0.8919299056878217,0.0004922387123834221,0.08118295458386696,0.8296908073511681,0.8919299056878217,0.0,0.0
9222,9,73,3,M,2,0.17193796131274722,0.3509100367826642,0.38,0.3509100367826642,0.0007490857097681713,0.08118295458386696,0.17193796131274722,0.3509100367826642,0.0,0.0
9223,9,73,3,M,3,0.8264902355440514,0.647601401293136,0.62,0.647601401293136,0.0007649895292152209,0.08118295458386696,0.8264902355440514,0.6476014012931359,0.0,0.0
9224,9,74,3,M,0,0.16997924210857845,0.10807022275778154,0.0,0.10807022275778154,0.0004940581922104337,0.08118295458386696,0.16997924210857845,0.10807022275778154,0.0,0.0
9225,9,74,3,M,1,0.8296908073511681,0.8919299056878217,1.0,0.8919299056878217,0.0004922387123834221,0.08118295458386696,0.8296908073511681,0.8919299056878217,0.0,0.0
9226,9,74,3,M,2,0.17193796131274722,0.3509100367826642,0.38,0.3509100367826642,0.0007490857097681713,0.08118295458386696,0.17193796131274722,0.3509100367826642,0.0,0.0
9227,9,74,3,M,3,0.8264902355440514,0.6476014012931359,0.62,0.6476014012931359,0.0007649895292152209,0.08118295458386696,0.8264902355440514,0.6476014012931359,0.0,0.0
9228,9,75,3,M,0,0.16997924210857845,0.10807022275778154,0.0,0.10807022275778154,0.0004940581922104337,0.08118295458386696,0.16997924210857845,0.10807022275778154,0.0,0.0
9229,9,75,3,M,1,0.8296908073511681,0.8919299056878217,1.0,0.8919299056878217,0.0004922387123834221,0.08118295458386696,0.8296908073511681,0.8919299056878217,0.0,0.0
9230,9,75,3,M,2,0.17193796131274722,0.3509100367826642,0.38,0.3509100367826642,0.0007490857097681713,0.08118295458386696,0.17193796131274722,0.3509100367826642,0.0,0.0
9231,9,75,3,M,3,0.8264902355440514,0.6476014012931359,0.62,0.6476014012931359,0.0007649895292152209,0.08118295458386696,0.8264902355440514,0.6476014012931359,0.0,0.0
9232,9,76,3,M,0,0.16997924210857845,0.10807022275778154,0.0,0.10807022275778154,0.0004940581922104337,0.08118295458386696,0.16997924210857845,0.10807022275778154,0.0,0.0
9233,9,76,3,M,1,0.8296908073511681,0.8919299056878217,1.0,0.8919299056878217,0.0004922387123834221,0.08118295458386696,0.8296908073511681,0.8919299056878217,0.0,0.0
9234,9,76,3,M,2,0.17193796131274722,0.3509100367826642,0.38,0.3509100367826642,0.0007490857097681713,0.08118295458386696,0.17193796131274722,0.3509100367826642,0.0,0.0
9235,9,76,3,M,3,0.8264902355440514,0.6476014012931359,0.62,0.6476014012931359,0.0007649895292152209,0.08118295458386696,0.8264902355440514,0.6476014012931359,0.0,0.0
9236,9,77,3,M,0,0.16997924210857845,0.10807022275778154,0.0,0.10807022275778154,0.0004940581922104337,0.08118295458386696,0.16997924210857845,0.10807022275778154,0.0,0.0
9237,9,77,3,M,1,0.8296908073511681,0.8919299056878217,1.0,0.8919299056878217,0.0004922387123834221,0.08118295458386696,0.8296908073511681,0.8919299056878217,0.0,0.0
9238,9,77,3,M,2,0.17193796131274722,0.3509100367826642,0.38,0.3509100367826642,0.0007490857097681713,0.08118295458386696,0.17193796131274722,0.3509100367826642,0.0,0.0
9239,9,77,3,M,3,0.8264902355440514,0.6476014012931359,0.62,0.6476014012931359,0.0007649895292152209,0.08118295458386696,0.8264902355440514,0.6476014012931359,0.0,0.0
9240,9,78,3,M,0,0.16997924210857845,0.10807022275778154,0.0,0.10807022275778154,0.0004940581922104337,0.08118295458386696,0.16997924210857845,0.10807022275778154,0.0,0.0
9241,9,78,3,M,1,0.8296908073511681,0.8919299056878217,1.0,0.8919299056878217,0.0004922387123834221,0.08118295458386696,0.8296908073511681,0.8919299056878217,0.0,0.0
9242,9,78,3,M,2,0.17193796131274722,0.3509100367826642,0.38,0.3509100367826642,0.0007490857097681713,0.08118295458386696,0.17193796131274722,0.3509100367826642,0.0,0.0
9243,9,78,3,M,3,0.8264902355440514,0.6476014012931359,0.62,0.6476014012931359,0.0007649895292152209,0.08118295458386696,0.8264902355440514,0.6476014012931359,0.0,0.0
9244,9,79,3,M,0,0.16997924210857845,0.10807022275778154,0.0,0.10807022275778154,0.0004940581922104337,0.08118295458386696,0.16997924210857845,0.10807022275778154,0.0,0.0
9245,9,79,3,M,1,0.8296908073511681,0.8919299056878217,1.0,0.8919299056878217,0.0004922387123834221,0.08118295458386696,0.8296908073511681,0.8919299056878217,0.0,0.0
9246,9,79,3,M,2,0.17193796131274722,0.3509100367826642,0.38,0.3509100367826642,0.0007490857097681713,0.08118295458386696,0.17193796131274722,0.3509100367826642,0.0,0.0
9247,9,79,3,M,3,0.8264902355440514,0.6476014012931359,0.62,0.6476014012931359,0.0007649895292152209,0.08118295458386696,0.8264902355440514,0.6476014012931359,0.0,0.0
9248,9,80,3,M,0,0.16997924210857845,0.10807022275778154,0.0,0.10807022275778154,0.0004940581922104337,0.08118295458386696,0.16997924210857845,0.10807022275778154,0.0,0.0
9249,9,80,3,M,1,0.8296908073511681,0.8919299056878217,1.0,0.8919299056878217,0.0004922387123834221,0.08118295458386696,0.8296908073511681,0.8919299056878217,0.0,0.0
9250,9,80,3,M,2,0.17193796131274722,0.3509100367826642,0.38,0.3509100367826642,0.0007490857097681713,0.08118295458386696,0.17193796131274722,0.3509100367826642,0.0,0.0
9251,9,80,3,M,3,0.8264902355440514,0.6476014012931359,0.62,0.6476014012931359,0.0007649895292152209,0.08118295458386696,0.8264902355440514,0.6476014012931359,0.0,0.0
9252,9,81,3,M,0,0.16997924210857845,0.10807022275778154,0.0,0.10807022275778154,0.0004940581922104337,0.08118295458386696,0.16997924210857845,0.10807022275778154,0.0,0.0
9253,9,81,3,M,1,0.8296908073511681,0.8919299056878217,1.0,0.8919299056878217,0.0004922387123834221,0.08118295458386696,0.8296908073511681,0.8919299056878217,0.0,0.0
9254,9,81,3,M,2,0.17193796131274722,0.3509100367826642,0.38,0.3509100367826642,0.0007490857097681713,0.08118295458386696,0.17193796131274722,0.3509100367826642,0.0,0.0
9255,9,81,3,M,3,0.8264902355440514,0.6476014012931359,0.62,0.6476014012931359,0.0007649895292152209,0.08118295458386696,0.8264902355440514,0.6476014012931359,0.0,0.0
9256,9,82,3,M,0,0.16997924210857845,0.10807022275778154,0.0,0.10807022275778154,0.0004940581922104337,0.08118295458386696,0.16997924210857845,0.10807022275778154,0.0,0.0
9257,9,82,3,M,1,0.8296908073511681,0.8919299056878217,1.0,0.8919299056878217,0.0004922387123834221,0.08118295458386696,0.8296908073511681,0.8919299056878217,0.0,0.0
9258,9,82,3,M,2,0.17193796131274722,0.3509100367826642,0.38,0.3509100367826642,0.0007490857097681713,0.08118295458386696,0.17193796131274722,0.3509100367826642,0.0,0.0
9259,9,82,3,M,3,0.8264902355440514,0.6476014012931359,0.62,0.6476014012931359,0.0007649895292152209,0.08118295458386696,0.8264902355440514,0.6476014012931359,0.0,0.0
9260,9,83,3,M,0,0.16997924210857845,0.10807022275778154,0.0,0.10807022275778154,0.0004940581922104337,0.08118295458386696,0.16997924210857845,0.10807022275778154,0.0,0.0
9261,9,83,3,M,1,0.8296908073511681,0.8919299056878217,1.0,0.8919299056878217,0.0004922387123834221,0.08118295458386696,0.8296908073511681,0.8919299056878217,0.0,0.0
9262,9,83,3,M,2,0.17193796131274722,0.3509100367826642,0.38,0.3509100367826642,0.0007490857097681713,0.08118295458386696,0.17193796131274722,0.3509100367826642,0.0,0.0
9263,9,83,3,M,3,0.8264902355440514,0.6476014012931359,0.62,0.6476014012931359,0.0007649895292152209,0.08118295458386696,0.8264902355440514,0.6476014012931359,0.0,0.0
9264,9,84,3,M,0,0.16997924210857845,0.10807022275778154,0.0,0.10807022275778154,0.0004940581922104337,0.08118295458386696,0.16997924210857845,0.10807022275778154,0.0,0.0
9265,9,84,3,M,1,0.8296908073511681,0.8919299056878217,1.0,0.8919299056878217,0.0004922387123834221,0.08118295458386696,0.8296908073511681,0.8919299056878217,0.0,0.0
9266,9,84,3,M,2,0.17193796131274722,0.3509100367826642,0.38,0.3509100367826642,0.0007490857097681713,0.08118295458386696,0.17193796131274722,0.3509100367826642,0.0,0.0
9267,9,84,3,M,3,0.8264902355440514,0.6476014012931359,0.62,0.6476014012931359,0.0007649895292152209,0.08118295458386696,0.8264902355440514,0.6476014012931359,0.0,0.0
9268,9,85,3,M,0,0.16997924210857845,0.10807022275778154,0.0,0.10807022275778154,0.0004940581922104337,0.08118295458386696,0.16997924210857845,0.10807022275778154,0.0,0.0
9269,9,85,3,M,1,0.8296908073511681,0.8919299056878217,1.0,0.8919299056878217,0.0004922387123834221,0.08118295458386696,0.8296908073511681,0.8919299056878217,0.0,0.0
9270,9,85,3,M,2,0.17193796131274722,0.3509100367826642,0.38,0.3509100367826642,0.0007490857097681713,0.08118295458386696,0.17193796131274722,0.3509100367826642,0.0,0.0
9271,9,85,3,M,3,0.8264902355440514,0.6476014012931359,0.62,0.6476014012931359,0.0007649895292152209,0.08118295458386696,0.8264902355440514,0.6476014012931359,0.0,0.0
9272,9,86,3,M,0,0.16997924210857845,0.10807022275778154,0.0,0.10807022275778154,0.0004940581922104337,0.08118295458386696,0.16997924210857845,0.10807022275778154,0.0,0.0
9273,9,86,3,M,1,0.8296908073511681,0.8919299056878217,1.0,0.8919299056878217,0.0004922387123834221,0.08118295458386696,0.8296908073511681,0.8919299056878217,0.0,0.0
9274,9,86,3,M,2,0.17193796131274722,0.3509100367826642,0.38,0.3509100367826642,0.0007490857097681713,0.08118295458386696,0.17193796131274722,0.3509100367826642,0.0,0.0
9275,9,86,3,M,3,0.8264902355440514,0.6476014012931359,0.62,0.6476014012931359,0.0007649895292152209,0.08118295458386696,0.8264902355440514,0.6476014012931359,0.0,0.0
9276,9,87,3,M,0,0.16997924210857845,0.10807022275778154,0.0,0.10807022275778154,0.0004940581922104337,0.08118295458386696,0.16997924210857845,0.10807022275778154,0.0,0.0
9277,9,87,3,M,1,0.8296908073511681,0.8919299056878217,1.0,0.8919299056878217,0.0004922387123834221,0.08118295458386696,0.8296908073511681,0.8919299056878217,0.0,0.0
9278,9,87,3,M,2,0.17193796131274722,0.3509100367826642,0.38,0.3509100367826642,0.0007490857097681713,0.08118295458386696,0.17193796131274722,0.3509100367826642,0.0,0.0
9279,9,87,3,M,3,0.8264902355440514,0.6476014012931359,0.62,0.6476014012931359,0.0007649895292152209,0.08118295458386696,0.8264902355440514,0.6476014012931359,0.0,0.0
9280,9,88,3,M,0,0.16997924210857845,0.10807022275778154,0.0,0.10807022275778154,0.0004940581922104337,0.08118295458386696,0.16997924210857845,0.10807022275778154,0.0,0.0
9281,9,88,3,M,1,0.8296908073511681,0.8919299056878217,1.0,0.8919299056878217,0.0004922387123834221,0.08118295458386696,0.8296908073511681,0.8919299056878217,0.0,0.0
9282,9,88,3,M,2,0.17193796131274722,0.3509100367826642,0.38,0.3509100367826642,0.0007490857097681713,0.08118295458386696,0.17193796131274722,0.3509100367826642,0.0,0.0
9283,9,88,3,M,3,0.8264902355440514,0.6476014012931359,0.62,0.6476014012931359,0.0007649895292152209,0.08118295458386696,0.8264902355440514,0.6476014012931359,0.0,0.0
9284,9,89,3,M,0,0.16997924210857845,0.10807022275778154,0.0,0.10807022275778154,0.0004940581922104337,0.08118295458386696,0.16997924210857845,0.10807022275778154,0.0,0.0
9285,9,89,3,M,1,0.8296908073511681,0.8919299056878217,1.0,0.8919299056878217,0.0004922387123834221,0.08118295458386696,0.8296908073511681,0.8919299056878217,0.0,0.0
9286,9,89,3,M,2,0.17193796131274722,0.3509100367826642,0.38,0.3509100367826642,0.0007490857097681713,0.08118295458386696,0.17193796131274722,0.3509100367826642,0.0,0.0
9287,9,89,3,M,3,0.8264902355440514,0.6476014012931359,0.62,0.6476014012931359,0.0007649895292152209,0.08118295458386696,0.8264902355440514,0.6476014012931359,0.0,0.0
9288,9,90,3,M,0,0.16997924210857845,0.10807022275778154,0.0,0.10807022275778154,0.0004940581922104337,0.08118295458386696,0.16997924210857845,0.10807022275778154,0.0,0.0
9289,9,90,3,M,1,0.8296908073511681,0.8919299056878217,1.0,0.8919299056878217,0.0004922387123834221,0.08118295458386696,0.8296908073511681,0.8919299056878217,0.0,0.0
9290,9,90,3,M,2,0.17193796131274722,0.3509100367826642,0.38,0.3509100367826642,0.0007490857097681713,0.08118295458386696,0.17193796131274722,0.3509100367826642,0.0,0.0
9291,9,90,3,M,3,0.8264902355440514,0.6476014012931359,0.62,0.6476014012931359,0.0007649895292152209,0.08118295458386696,0.8264902355440514,0.6476014012931359,0.0,0.0
9292,9,91,3,M,0,0.16997924210857845,0.10807022275778154,0.0,0.10807022275778154,0.0004940581922104337,0.08118295458386696,0.16997924210857845,0.10807022275778154,0.0,0.0
9293,9,91,3,M,1,0.8296908073511681,0.8919299056878217,1.0,0.8919299056878217,0.0004922387123834221,0.08118295458386696,0.8296908073511681,0.8919299056878217,0.0,0.0
9294,9,91,3,M,2,0.17193796131274722,0.3509100367826642,0.38,0.3509100367826642,0.0007490857097681713,0.08118295458386696,0.17193796131274722,0.3509100367826642,0.0,0.0
9295,9,91,3,M,3,0.8264902355440514,0.6476014012931359,0.62,0.6476014012931359,0.0007649895292152209,0.08118295458386696,0.8264902355440514,0.6476014012931359,0.0,0.0
9296,9,92,3,M,0,0.16997924210857845,0.10807022275778154,0.0,0.10807022275778154,0.0004940581922104337,0.08118295458386696,0.16997924210857845,0.10807022275778154,0.0,0.0
9297,9,92,3,M,1,0.8296908073511681,0.8919299056878217,1.0,0.8919299056878217,0.0004922387123834221,0.08118295458386696,0.8296908073511681,0.8919299056878217,0.0,0.0
9298,9,92,3,M,2,0.17193796131274722,0.3509100367826642,0.38,0.3509100367826642,0.0007490857097681713,0.08118295458386696,0.17193796131274722,0.3509100367826642,0.0,0.0
9299,9,92,3,M,3,0.8264902355440514,0.6476014012931359,0.62,0.6476014012931359,0.0007649895292152209,0.08118295458386696,0.8264902355440514,0.6476014012931359,0.0,0.0
9300,9,93,3,M,0,0.16997924210857845,0.10807022275778154,0.0,0.10807022275778154,0.0004940581922104337,0.08118295458386696,0.16997924210857845,0.10807022275778154,0.0,0.0
9301,9,93,3,M,1,0.8296908073511681,0.8919299056878217,1.0,0.8919299056878217,0.0004922387123834221,0.08118295458386696,0.8296908073511681,0.8919299056878217,0.0,0.0
9302,9,93,3,M,2,0.17193796131274722,0.3509100367826642,0.38,0.3509100367826642,0.0007490857097681713,0.08118295458386696,0.17193796131274722,0.3509100367826642,0.0,0.0
9303,9,93,3,M,3,0.8264902355440514,0.6476014012931359,0.62,0.6476014012931359,0.0007649895292152209,0.08118295458386696,0.8264902355440514,0.6476014012931359,0.0,0.0
9304,9,94,3,M,0,0.16997924210857845,0.10807022275778154,0.0,0.10807022275778154,0.0004940581922104337,0.08118295458386696,0.16997924210857845,0.10807022275778154,0.0,0.0
9305,9,94,3,M,1,0.8296908073511681,0.8919299056878217,1.0,0.8919299056878217,0.0004922387123834221,0.08118295458386696,0.8296908073511681,0.8919299056878217,0.0,0.0
9306,9,94,3,M,2,0.17193796131274722,0.3509100367826642,0.38,0.3509100367826642,0.0007490857097681713,0.08118295458386696,0.17193796131274722,0.3509100367826642,0.0,0.0
9307,9,94,3,M,3,0.8264902355440514,0.6476014012931359,0.62,0.6476014012931359,0.0007649895292152209,0.08118295458386696,0.8264902355440514,0.6476014012931359,0.0,0.0
9308,9,95,3,M,0,0.16997924210857845,0.10807022275778154,0.0,0.10807022275778154,0.0004940581922104337,0.08118295458386696,0.16997924210857845,0.10807022275778154,0.0,0.0
9309,9,95,3,M,1,0.8296908073511681,0.8919299056878217,1.0,0.8919299056878217,0.0004922387123834221,0.08118295458386696,0.8296908073511681,0.8919299056878217,0.0,0.0
9310,9,95,3,M,2,0.17193796131274722,0.3509100367826642,0.38,0.3509100367826642,0.0007490857097681713,0.08118295458386696,0.17193796131274722,0.3509100367826642,0.0,0.0
9311,9,95,3,M,3,0.8264902355440514,0.6476014012931359,0.62,0.6476014012931359,0.0007649895292152209,0.08118295458386696,0.8264902355440514,0.6476014012931359,0.0,0.0
9312,9,96,3,M,0,0.16997924210857845,0.10807022275778154,0.0,0.10807022275778154,0.0004940581922104337,0.08118295458386696,0.16997924210857845,0.10807022275778154,0.0,0.0
9313,9,96,3,M,1,0.8296908073511681,0.8919299056878217,1.0,0.8919299056878217,0.0004922387123834221,0.08118295458386696,0.8296908073511681,0.8919299056878217,0.0,0.0
9314,9,96,3,M,2,0.17193796131274722,0.3509100367826642,0.38,0.3509100367826642,0.0007490857097681713,0.08118295458386696,0.17193796131274722,0.3509100367826642,0.0,0.0
9315,9,96,3,M,3,0.8264902355440514,0.6476014012931359,0.62,0.6476014012931359,0.0007649895292152209,0.08118295458386696,0.8264902355440514,0.6476014012931359,0.0,0.0
9316,9,97,3,M,0,0.16997924210857845,0.10807022275778154,0.0,0.10807022275778154,0.0004940581922104337,0.08118295458386696,0.16997924210857845,0.10807022275778154,0.0,0.0
9317,9,97,3,M,1,0.8296908073511681,0.8919299056878217,1.0,0.8919299056878217,0.0004922387123834221,0.08118295458386696,0.8296908073511681,0.8919299056878217,0.0,0.0
9318,9,97,3,M,2,0.17193796131274722,0.3509100367826642,0.38,0.3509100367826642,0.0007490857097681713,0.08118295458386696,0.17193796131274722,0.3509100367826642,0.0,0.0
9319,9,97,3,M,3,0.8264902355440514,0.6476014012931359,0.62,0.6476014012931359,0.0007649895292152209,0.08118295458386696,0.8264902355440514,0.6476014012931359,0.0,0.0
9320,9,98,3,M,0,0.16997924210857845,0.10807022275778154,0.0,0.10807022275778154,0.0004940581922104337,0.08118295458386696,0.16997924210857845,0.10807022275778154,0.0,0.0
9321,9,98,3,M,1,0.8296908073511681,0.8919299056878217,1.0,0.8919299056878217,0.0004922387123834221,0.08118295458386696,0.8296908073511681,0.8919299056878217,0.0,0.0
9322,9,98,3,M,2,0.17193796131274722,0.3509100367826642,0.38,0.3509100367826642,0.0007490857097681713,0.08118295458386696,0.17193796131274722,0.3509100367826642,0.0,0.0
9323,9,98,3,M,3,0.8264902355440514,0.6476014012931359,0.62,0.6476014012931359,0.0007649895292152209,0.08118295458386696,0.8264902355440514,0.6476014012931359,0.0,0.0
9324,9,99,3,M,0,0.16997924210857845,0.10807022275778154,0.0,0.10807022275778154,0.0004940581922104337,0.08118295458386696,0.16997924210857845,0.10807022275778154,0.0,0.0
9325,9,99,3,M,1,0.8296908073511681,0.8919299056878217,1.0,0.8919299056878217,0.0004922387123834221,0.08118295458386696,0.8296908073511681,0.8919299056878217,0.0,0.0
9326,9,99,3,M,2,0.17193796131274722,0.3509100367826642,0.38,0.3509100367826642,0.0007490857097681713,0.08118295458386696,0.17193796131274722,0.3509100367826642,0.0,0.0
9327,9,99,3,M,3,0.8264902355440514,0.6476014012931359,0.62,0.6476014012931359,0.0007649895292152209,0.08118295458386696,0.8264902355440514,0.6476014012931359,0.0,0.0
9328,9,100,3,M,0,0.16997924210857845,0.10807022275778154,0.0,0.10807022275778154,0.0004940581922104337,0.08118295458386696,0.16997924210857845,0.10807022275778154,0.0,0.0
9329,9,100,3,M,1,0.8296908073511681,0.8919299056878217,1.0,0.8919299056878217,0.0004922387123834221,0.08118295458386696,0.8296908073511681,0.8919299056878217,0.0,0.0
9330,9,100,3,M,2,0.17193796131274722,0.3509100367826642,0.38,0.3509100367826642,0.0007490857097681713,0.08118295458386696,0.17193796131274722,0.3509100367826642,0.0,0.0
9331,9,100,3,M,3,0.8264902355440514,0.6476014012931359,0.62,0.6476014012931359,0.0007649895292152209,0.08118295458386696,0.8264902355440514,0.6476014012931359,0.0,0.0
9332,9,101,3,M,0,0.16997924210857845,0.10807022275778154,0.0,0.10807022275778154,0.0004940581922104337,0.08118295458386696,0.16997924210857845,0.10807022275778154,0.0,0.0
9333,9,101,3,M,1,0.8296908073511681,0.8919299056878217,1.0,0.8919299056878217,0.0004922387123834221,0.08118295458386696,0.8296908073511681,0.8919299056878217,0.0,0.0
9334,9,101,3,M,2,0.17193796131274722,0.3509100367826642,0.38,0.3509100367826642,0.0007490857097681713,0.08118295458386696,0.17193796131274722,0.3509100367826642,0.0,0.0
9335,9,101,3,M,3,0.8264902355440514,0.6476014012931359,0.62,0.6476014012931359,0.0007649895292152209,0.08118295458386696,0.8264902355440514,0.6476014012931359,0.0,0.0
9336,9,102,3,M,0,0.16997924210857845,0.10807022275778154,0.0,0.10807022275778154,0.0004940581922104337,0.08118295458386696,0.16997924210857845,0.10807022275778154,0.0,0.0
9337,9,102,3,M,1,0.8296908073511681,0.8919299056878217,1.0,0.8919299056878217,0.0004922387123834221,0.08118295458386696,0.8296908073511681,0.8919299056878217,0.0,0.0
9338,9,102,3,M,2,0.17193796131274722,0.3509100367826642,0.38,0.3509100367826642,0.0007490857097681713,0.08118295458386696,0.17193796131274722,0.3509100367826642,0.0,0.0
9339,9,102,3,M,3,0.8264902355440514,0.6476014012931359,0.62,0.6476014012931359,0.0007649895292152209,0.08118295458386696,0.8264902355440514,0.6476014012931359,0.0,0.0
9340,9,103,3,M,0,0.16997924210857845,0.10807022275778154,0.0,0.10807022275778154,0.0004940581922104337,0.08118295458386696,0.16997924210857845,0.10807022275778154,0.0,0.0
9341,9,103,3,M,1,0.8296908073511681,0.8919299056878217,1.0,0.8919299056878217,0.0004922387123834221,0.08118295458386696,0.8296908073511681,0.8919299056878217,0.0,0.0
9342,9,103,3,M,2,0.17193796131274722,0.3509100367826642,0.38,0.3509100367826642,0.0007490857097681713,0.08118295458386696,0.17193796131274722,0.3509100367826642,0.0,0.0
9343,9,103,3,M,3,0.8264902355440514,0.6476014012931359,0.62,0.6476014012931359,0.0007649895292152209,0.08118295458386696,0.8264902355440514,0.6476014012931359,0.0,0.0
9344,9,104,3,M,0,0.16997924210857845,0.10807022275778154,0.0,0.10807022275778154,0.0004940581922104337,0.08118295458386696,0.16997924210857845,0.10807022275778154,0.0,0.0
9345,9,104,3,M,1,0.8296908073511681,0.8919299056878217,1.0,0.8919299056878217,0.0004922387123834221,0.08118295458386696,0.8296908073511681,0.8919299056878217,0.0,0.0
9346,9,104,3,M,2,0.17193796131274722,0.3509100367826642,0.38,0.3509100367826642,0.0007490857097681713,0.08118295458386696,0.17193796131274722,0.3509100367826642,0.0,0.0
9347,9,104,3,M,3,0.8264902355440514,0.6476014012931359,0.62,0.6476014012931359,0.0007649895292152209,0.08118295458386696,0.8264902355440514,0.6476014012931359,0.0,0.0
9348,9,105,3,M,0,0.16997924210857845,0.10807022275778154,0.0,0.10807022275778154,0.0004940581922104337,0.08118295458386696,0.16997924210857845,0.10807022275778154,0.0,0.0
9349,9,105,3,M,1,0.8296908073511681,0.8919299056878217,1.0,0.8919299056878217,0.0004922387123834221,0.08118295458386696,0.8296908073511681,0.8919299056878217,0.0,0.0
9350,9,105,3,M,2,0.17193796131274722,0.3509100367826642,0.38,0.3509100367826642,0.0007490857097681713,0.08118295458386696,0.17193796131274722,0.3509100367826642,0.0,0.0
9351,9,105,3,M,3,0.8264902355440514,0.6476014012931359,0.62,0.6476014012931359,0.0007649895292152209,0.08118295458386696,0.8264902355440514,0.6476014012931359,0.0,0.0
9352,9,106,3,M,0,0.16997924210857845,0.10807022275778154,0.0,0.10807022275778154,0.0004940581922104337,0.08118295458386696,0.16997924210857845,0.10807022275778154,0.0,0.0
9353,9,106,3,M,1,0.8296908073511681,0.8919299056878217,1.0,0.8919299056878217,0.0004922387123834221,0.08118295458386696,0.8296908073511681,0.8919299056878217,0.0,0.0
9354,9,106,3,M,2,0.17193796131274722,0.3509100367826642,0.38,0.3509100367826642,0.0007490857097681713,0.08118295458386696,0.17193796131274722,0.3509100367826642,0.0,0.0
9355,9,106,3,M,3,0.8264902355440514,0.6476014012931359,0.62,0.6476014012931359,0.0007649895292152209,0.08118295458386696,0.8264902355440514,0.6476014012931359,0.0,0.0
9356,9,107,3,M,0,0.16997924210857845,0.10807022275778154,0.0,0.10807022275778154,0.0004940581922104337,0.08118295458386696,0.16997924210857845,0.10807022275778154,0.0,0.0
9357,9,107,3,M,1,0.8296908073511681,0.8919299056878217,1.0,0.8919299056878217,0.0004922387123834221,0.08118295458386696,0.8296908073511681,0.8919299056878217,0.0,0.0
9358,9,107,3,M,2,0.17193796131274722,0.3509100367826642,0.38,0.3509100367826642,0.0007490857097681713,0.08118295458386696,0.17193796131274722,0.3509100367826642,0.0,0.0
9359,9,107,3,M,3,0.8264902355440514,0.6476014012931359,0.62,0.6476014012931359,0.0007649895292152209,0.08118295458386696,0.8264902355440514,0.6476014012931359,0.0,0.0
9360,9,108,3,M,0,0.16997924210857845,0.10807022275778154,0.0,0.10807022275778154,0.0004940581922104337,0.08118295458386696,0.16997924210857845,0.10807022275778154,0.0,0.0
9361,9,108,3,M,1,0.8296908073511681,0.8919299056878217,1.0,0.8919299056878217,0.0004922387123834221,0.08118295458386696,0.8296908073511681,0.8919299056878217,0.0,0.0
9362,9,108,3,M,2,0.17193796131274722,0.3509100367826642,0.38,0.3509100367826642,0.0007490857097681713,0.08118295458386696,0.17193796131274722,0.3509100367826642,0.0,0.0
9363,9,108,3,M,3,0.8264902355440514,0.6476014012931359,0.62,0.6476014012931359,0.0007649895292152209,0.08118295458386696,0.8264902355440514,0.6476014012931359,0.0,0.0
9364,9,109,3,M,0,0.16997924210857845,0.10807022275778154,0.0,0.10807022275778154,0.0004940581922104337,0.08118295458386696,0.16997924210857845,0.10807022275778154,0.0,0.0
9365,9,109,3,M,1,0.8296908073511681,0.8919299056878217,1.0,0.8919299056878217,0.0004922387123834221,0.08118295458386696,0.8296908073511681,0.8919299056878217,0.0,0.0
9366,9,109,3,M,2,0.17193796131274722,0.3509100367826642,0.38,0.3509100367826642,0.0007490857097681713,0.08118295458386696,0.17193796131274722,0.3509100367826642,0.0,0.0
9367,9,109,3,M,3,0.8264902355440514,0.6476014012931359,0.62,0.6476014012931359,0.0007649895292152209,0.08118295458386696,0.8264902355440514,0.6476014012931359,0.0,0.0
9368,9,110,3,M,0,0.16997924210857845,0.10807022275778154,0.0,0.10807022275778154,0.0004940581922104337,0.08118295458386696,0.16997924210857845,0.10807022275778154,0.0,0.0
9369,9,110,3,M,1,0.8296908073511681,0.8919299056878217,1.0,0.8919299056878217,0.0004922387123834221,0.08118295458386696,0.8296908073511681,0.8919299056878217,0.0,0.0
9370,9,110,3,M,2,0.17193796131274722,0.3509100367826642,0.38,0.3509100367826642,0.0007490857097681713,0.08118295458386696,0.17193796131274722,0.3509100367826642,0.0,0.0
9371,9,110,3,M,3,0.8264902355440514,0.6476014012931359,0.62,0.6476014012931359,0.0007649895292152209,0.08118295458386696,0.8264902355440514,0.6476014012931359,0.0,0.0
9372,9,111,3,M,0,0.16997924210857845,0.10807022275778154,0.0,0.10807022275778154,0.0004940581922104337,0.08118295458386696,0.16997924210857845,0.10807022275778154,0.0,0.0
9373,9,111,3,M,1,0.8296908073511681,0.8919299056878217,1.0,0.8919299056878217,0.0004922387123834221,0.08118295458386696,0.8296908073511681,0.8919299056878217,0.0,0.0
9374,9,111,3,M,2,0.17193796131274722,0.3509100367826642,0.38,0.3509100367826642,0.0007490857097681713,0.08118295458386696,0.17193796131274722,0.3509100367826642,0.0,0.0
9375,9,111,3,M,3,0.8264902355440514,0.6476014012931359,0.62,0.6476014012931359,0.0007649895292152209,0.08118295458386696,0.8264902355440514,0.6476014012931359,0.0,0.0
9376,9,112,3,M,0,0.16997924210857845,0.10807022275778154,0.0,0.10807022275778154,0.0004940581922104337,0.08118295458386696,0.16997924210857845,0.10807022275778154,0.0,0.0
9377,9,112,3,M,1,0.8296908073511681,0.8919299056878217,1.0,0.8919299056878217,0.0004922387123834221,0.08118295458386696,0.8296908073511681,0.8919299056878217,0.0,0.0
9378,9,112,3,M,2,0.17193796131274722,0.3509100367826642,0.38,0.3509100367826642,0.0007490857097681713,0.08118295458386696,0.17193796131274722,0.3509100367826642,0.0,0.0
9379,9,112,3,M,3,0.8264902355440514,0.6476014012931359,0.62,0.6476014012931359,0.0007649895292152209,0.08118295458386696,0.8264902355440514,0.6476014012931359,0.0,0.0
9380,9,113,3,M,0,0.16997924210857845,0.10807022275778154,0.0,0.10807022275778154,0.0004940581922104337,0.08118295458386696,0.16997924210857845,0.10807022275778154,0.0,0.0
9381,9,113,3,M,1,0.8296908073511681,0.8919299056878217,1.0,0.8919299056878217,0.0004922387123834221,0.08118295458386696,0.8296908073511681,0.8919299056878217,0.0,0.0
9382,9,113,3,M,2,0.17193796131274722,0.3509100367826642,0.38,0.3509100367826642,0.0007490857097681713,0.08118295458386696,0.17193796131274722,0.3509100367826642,0.0,0.0
9383,9,113,3,M,3,0.8264902355440514,0.6476014012931359,0.62,0.6476014012931359,0.0007649895292152209,0.08118295458386696,0.8264902355440514,0.6476014012931359,0.0,0.0
9384,9,114,3,M,0,0.16997924210857845,0.10807022275778154,0.0,0.10807022275778154,0.0004940581922104337,0.08118295458386696,0.16997924210857845,0.10807022275778154,0.0,0.0
9385,9,114,3,M,1,0.8296908073511681,0.8919299056878217,1.0,0.8919299056878217,0.0004922387123834221,0.08118295458386696,0.8296908073511681,0.8919299056878217,0.0,0.0
9386,9,114,3,M,2,0.17193796131274722,0.3509100367826642,0.38,0.3509100367826642,0.0007490857097681713,0.08118295458386696,0.17193796131274722,0.3509100367826642,0.0,0.0
9387,9,114,3,M,3,0.8264902355440514,0.6476014012931359,0.62,0.6476014012931359,0.0007649895292152209,0.08118295458386696,0.8264902355440514,0.6476014012931359,0.0,0.0
9388,9,115,3,M,0,0.16997924210857845,0.10807022275778154,0.0,0.10807022275778154,0.0004940581922104337,0.08118295458386696,0.16997924210857845,0.10807022275778154,0.0,0.0
9389,9,115,3,M,1,0.8296908073511681,0.8919299056878217,1.0,0.8919299056878217,0.0004922387123834221,0.08118295458386696,0.8296908073511681,0.8919299056878217,0.0,0.0
9390,9,115,3,M,2,0.17193796131274722,0.3509100367826642,0.38,0.3509100367826642,0.0007490857097681713,0.08118295458386696,0.17193796131274722,0.3509100367826642,0.0,0.0
9391,9,115,3,M,3,0.8264902355440514,0.6476014012931359,0.62,0.6476014012931359,0.0007649895292152209,0.08118295458386696,0.8264902355440514,0.6476014012931359,0.0,0.0
9392,9,116,3,M,0,0.16997924210857845,0.10807022275778154,0.0,0.10807022275778154,0.0004940581922104337,0.08118295458386696,0.16997924210857845,0.10807022275778154,0.0,0.0
9393,9,116,3,M,1,0.8296908073511681,0.8919299056878217,1.0,0.8919299056878217,0.0004922387123834221,0.08118295458386696,0.8296908073511681,0.8919299056878217,0.0,0.0
9394,9,116,3,M,2,0.17193796131274722,0.3509100367826642,0.38,0.3509100367826642,0.0007490857097681713,0.08118295458386696,0.17193796131274722,0.3509100367826642,0.0,0.0
9395,9,116,3,M,3,0.8264902355440514,0.6476014012931359,0.62,0.6476014012931359,0.0007649895292152209,0.08118295458386696,0.8264902355440514,0.6476014012931359,0.0,0.0
9396,9,117,3,M,0,0.16997924210857845,0.10807022275778154,0.0,0.10807022275778154,0.0004940581922104337,0.08118295458386696,0.16997924210857845,0.10807022275778154,0.0,0.0
9397,9,117,3,M,1,0.8296908073511681,0.8919299056878217,1.0,0.8919299056878217,0.0004922387123834221,0.08118295458386696,0.8296908073511681,0.8919299056878217,0.0,0.0
9398,9,117,3,M,2,0.17193796131274722,0.3509100367826642,0.38,0.3509100367826642,0.0007490857097681713,0.08118295458386696,0.17193796131274722,0.3509100367826642,0.0,0.0
9399,9,117,3,M,3,0.8264902355440514,0.6476014012931359,0.62,0.6476014012931359,0.0007649895292152209,0.08118295458386696,0.8264902355440514,0.6476014012931359,0.0,0.0
9400,9,118,3,M,0,0.16997924210857845,0.10807022275778154,0.0,0.10807022275778154,0.0004940581922104337,0.08118295458386696,0.16997924210857845,0.10807022275778154,0.0,0.0
9401,9,118,3,M,1,0.8296908073511681,0.8919299056878217,1.0,0.8919299056878217,0.0004922387123834221,0.08118295458386696,0.8296908073511681,0.8919299056878217,0.0,0.0
9402,9,118,3,M,2,0.17193796131274722,0.3509100367826642,0.38,0.3509100367826642,0.0007490857097681713,0.08118295458386696,0.17193796131274722,0.3509100367826642,0.0,0.0
9403,9,118,3,M,3,0.8264902355440514,0.6476014012931359,0.62,0.6476014012931359,0.0007649895292152209,0.08118295458386696,0.8264902355440514,0.6476014012931359,0.0,0.0
9404,9,119,3,M,0,0.16997924210857845,0.10807022275778154,0.0,0.10807022275778154,0.0004940581922104337,0.08118295458386696,0.16997924210857845,0.10807022275778154,0.0,0.0
9405,9,119,3,M,1,0.8296908073511681,0.8919299056878217,1.0,0.8919299056878217,0.0004922387123834221,0.08118295458386696,0.8296908073511681,0.8919299056878217,0.0,0.0
9406,9,119,3,M,2,0.17193796131274722,0.3509100367826642,0.38,0.3509100367826642,0.0007490857097681713,0.08118295458386696,0.17193796131274722,0.3509100367826642,0.0,0.0
9407,9,119,3,M,3,0.8264902355440514,0.6476014012931359,0.62,0.6476014012931359,0.0007649895292152209,0.08118295458386696,0.8264902355440514,0.6476014012931359,0.0,0.0
9408,9,120,4,M,0,0.16997924210857845,0.10807022275778154,0.0,0.10807022275778154,0.0004940581922104337,0.08118295458386696,0.16997924210857845,0.10807022275778154,0.0,0.0
9409,9,120,4,M,1,0.8296908073511681,0.8919299056878217,1.0,0.8919299056878217,0.0004922387123834221,0.08118295458386696,0.8296908073511681,0.8919299056878217,0.0,0.0
9410,9,120,4,M,2,0.17193796131274722,0.3509100367826642,0.38,0.3509100367826642,0.0007490857097681713,0.08118295458386696,0.17193796131274722,0.3509100367826642,0.0,0.0
9411,9,120,4,M,3,0.8264902355440514,0.6476014012931359,0.62,0.6476014012931359,0.0007649895292152209,0.08118295458386696,0.8264902355440514,0.6476014012931359,0.0,0.0
9412,9,121,4,M,0,0.0,0.1,0.1,0.1,0.0002970309038457658,0.08118295458386696,0.1700585968177314,0.10806146615460185,1.0,1.0
9413,9,121,4,M,1,1.0,0.9,0.9,0.9,0.00028245248302369297,0.08118295458386696,0.8295170802668786,0.8919382990063629,1.0,1.0
9414,9,121,4,M,2,0.0,0.9,0.38,0.9,0.0007099115524814154,0.08118295458386696,0.17165233725979076,0.35109249151484645,1.0,1.0
9415,9,121,4,M,3,1.0,0.1,0.62,0.1,0.0007135073156698118,0.08118295458386696,0.8268378733805162,0.6473619733092875,1.0,1.0
9416,9,122,4,M,0,0.1700585968177314,0.10806146615460185,0.1,0.10806146615460185,0.00026466336223833486,0.08118295458386696,0.17011093939265148,0.10794767082617775,0.0,0.0
9417,9,122,4,M,1,0.8295170802668786,0.8919382990063629,0.9,0.8919382990063629,0.000276333595017747,0.08118295458386696,0.8294892178869674,0.8920103818306963,0.0,0.0
9418,9,122,4,M,2,0.38,0.38,0.38,0.38,0.0005585933327850734,0.08118295458386696,0.1752122619811675,0.350276857734506,1.0,1.0
9419,9,122,4,M,3,0.62,0.36,0.64,0.36,0.0005038063713243973,0.08118295458386696,0.8304218020271735,0.6528805288771384,1.0,1.0
9420,9,123,4,M,0,0.17011093939265148,0.10794767082617775,0.1,0.10794767082617775,0.0002634139370682742,0.08118295458386696,0.17016902392236272,0.10791214552916714,0.0,0.0
9421,9,123,4,M,1,0.8294892178869674,0.8920103818306963,0.9,0.8920103818306963,0.00026073173137933225,0.08118295458386696,0.8295197734601693,0.8920203641229311,0.0,0.0
9422,9,123,4,M,2,0.36,0.64,0.1,0.64,0.00031510081957022984,0.08118295458386696,0.17381208049995078,0.34707671907702614,1.0,1.0
9423,9,123,4,M,3,0.8304218020271735,0.6528805288771384,0.64,0.6528805288771384,0.00028156849994921684,0.08118295458386696,0.8300678061065043,0.653010766356091,0.0,0.0
9424,9,124,4,M,0,0.17016902392236272,0.10791214552916714,0.1,0.10791214552916714,0.0002634139370682742,0.08118295458386696,0.17019595484532346,0.10791885611499631,0.0,0.0
9425,9,124,4,M,1,0.8295197734601693,0.8920203641229311,0.9,0.8920203641229311,0.00026073173137933225,0.08118295458386696,0.8294717710240874,0.8920200127850476,0.0,0.0
9426,9,124,4,M,2,0.17381208049995078,0.34707671907702614,0.1,0.34707671907702614,0.00031510081957022984,0.08118295458386696,0.17356182852389826,0.3468369218464895,0.0,0.0
9427,9,124,4,M,3,0.8300678061065043,0.653010766356091,0.64,0.653010766356091,0.00028156849994921684,0.08118295458386696,0.8298513621400588,0.6529783174875207,0.0,0.0
9428,9,125,4,M,0,0.17019595484532346,0.10791885611499631,0.1,0.10791885611499631,0.0002634139370682742,0.08118295458386696,0.17019595484532343,0.10791885611499631,0.0,0.0
9429,9,125,4,M,1,0.8294717710240874,0.8920200127850476,0.9,0.8920200127850476,0.00026073173137933225,0.08118295458386696,0.8294717710240873,0.8920200127850475,0.0,0.0
9430,9,125,4,M,2,0.17356182852389826,0.3468369218464895,0.1,0.3468369218464895,0.00031510081957022984,0.08118295458386696,0.17356182852389826,0.34683692184648945,0.0,0.0
9431,9,125,4,M,3,0.8298513621400588,0.6529783174875207,0.64,0.6529783174875207,0.00028156849994921684,0.08118295458386696,0.8298513621400588,0.6529783174875208,0.0,0.0
9432,9,126,4,M,0,0.17019595484532343,0.10791885611499631,0.1,0.10791885611499631,0.0002634139370682742,0.08118295458386696,0.17019595484532346,0.10791885611499633,0.0,0.0
9433,9,126,4,M,1,0.8294717710240873,0.8920200127850475,0.9,0.8920200127850475,0.00026073173137933225,0.08118295458386696,0.8294717710240875,0.8920200127850477,0.0,0.0
9434,9,126,4,M,2,0.17356182852389826,0.34683692184648945,0.1,0.34683692184648945,0.00031510081957022984,0.08118295458386696,0.17356182852389826,0.34683692184648945,0.0,0.0
9435,9,126,4,M,3,0.8298513621400588,0.6529783174875208,0.64,0.6529783174875208,0.00028156849994921684,0.08118295458386696,0.8298513621400588,0.6529783174875207,0.0,0.0
9436,9,127,4,M,0,0.17019595484532346,0.10791885611499633,0.1,0.10791885611499633,0.0002634139370682742,0.08118295458386696,0.17019595484532346,0.10791885611499631,0.0,0.0
9437,9,127,4,M,1,0.8294717710240875,0.8920200127850477,0.9,0.8920200127850477,0.00026073173137933225,0.08118295458386696,0.8294717710240875,0.8920200127850477,0.0,0.0
9438,9,127,4,M,2,0.17356182852389826,0.34683692184648945,0.1,0.34683692184648945,0.00031510081957022984,0.08118295458386696,0.1735618285238983,0.3468369218464895,0.0,0.0
9439,9,127,4,M,3,0.8298513621400588,0.6529783174875207,0.64,0.6529783174875207,0.00028156849994921684,0.08118295458386696,0.8298513621400588,0.6529783174875207,0.0,0.0
9440,9,128,4,M,0,0.17019595484532346,0.10791885611499631,0.1,0.10791885611499631,0.0002634139370682742,0.08118295458386696,0.17019595484532343,0.10791885611499631,0.0,0.0
9441,9,128,4,M,1,0.8294717710240875,0.8920200127850477,0.9,0.8920200127850477,0.00026073173137933225,0.08118295458386696,0.8294717710240875,0.8920200127850476,0.0,0.0
9442,9,128,4,M,2,0.1735618285238983,0.3468369218464895,0.1,0.3468369218464895,0.00031510081957022984,0.08118295458386696,0.17356182852389826,0.34683692184648945,0.0,0.0
9443,9,128,4,M,3,0.8298513621400588,0.6529783174875207,0.64,0.6529783174875207,0.00028156849994921684,0.08118295458386696,0.8298513621400587,0.6529783174875207,0.0,0.0
9444,9,129,4,M,0,0.17019595484532343,0.10791885611499631,0.1,0.10791885611499631,0.0002634139370682742,0.08118295458386696,0.17019595484532346,0.10791885611499633,0.0,0.0
9445,9,129,4,M,1,0.8294717710240875,0.8920200127850476,0.9,0.8920200127850476,0.00026073173137933225,0.08118295458386696,0.8294717710240875,0.8920200127850477,0.0,0.0
9446,9,129,4,M,2,0.17356182852389826,0.34683692184648945,0.1,0.34683692184648945,0.00031510081957022984,0.08118295458386696,0.17356182852389826,0.34683692184648945,0.0,0.0
9447,9,129,4,M,3,0.8298513621400587,0.6529783174875207,0.64,0.6529783174875207,0.00028156849994921684,0.08118295458386696,0.8298513621400588,0.6529783174875207,0.0,0.0
9448,9,130,4,M,0,0.17019595484532346,0.10791885611499633,0.1,0.10791885611499633,0.0002634139370682742,0.08118295458386696,0.17019595484532346,0.10791885611499631,0.0,0.0
9449,9,130,4,M,1,0.8294717710240875,0.8920200127850477,0.9,0.8920200127850477,0.00026073173137933225,0.08118295458386696,0.8294717710240875,0.8920200127850477,0.0,0.0
9450,9,130,4,M,2,0.17356182852389826,0.34683692184648945,0.1,0.34683692184648945,0.00031510081957022984,0.08118295458386696,0.1735618285238983,0.3468369218464895,0.0,0.0
9451,9,130,4,M,3,0.8298513621400588,0.6529783174875207,0.64,0.6529783174875207,0.00028156849994921684,0.08118295458386696,0.8298513621400588,0.6529783174875207,0.0,0.0
9452,9,131,4,M,0,0.17019595484532346,0.10791885611499631,0.1,0.10791885611499631,0.0002634139370682742,0.08118295458386696,0.17019595484532343,0.10791885611499631,0.0,0.0
9453,9,131,4,M,1,0.8294717710240875,0.8920200127850477,0.9,0.8920200127850477,0.00026073173137933225,0.08118295458386696,0.8294717710240875,0.8920200127850476,0.0,0.0
9454,9,131,4,M,2,0.1735618285238983,0.3468369218464895,0.1,0.3468369218464895,0.00031510081957022984,0.08118295458386696,0.17356182852389826,0.34683692184648945,0.0,0.0
9455,9,131,4,M,3,0.8298513621400588,0.6529783174875207,0.64,0.6529783174875207,0.00028156849994921684,0.08118295458386696,0.8298513621400587,0.6529783174875207,0.0,0.0
9456,9,132,4,M,0,0.17019595484532343,0.10791885611499631,0.1,0.10791885611499631,0.0002634139370682742,0.08118295458386696,0.17019595484532346,0.10791885611499633,0.0,0.0
9457,9,132,4,M,1,0.8294717710240875,0.8920200127850476,0.9,0.8920200127850476,0.00026073173137933225,0.08118295458386696,0.8294717710240875,0.8920200127850477,0.0,0.0
9458,9,132,4,M,2,0.17356182852389826,0.34683692184648945,0.1,0.34683692184648945,0.00031510081957022984,0.08118295458386696,0.17356182852389826,0.34683692184648945,0.0,0.0
9459,9,132,4,M,3,0.8298513621400587,0.6529783174875207,0.64,0.6529783174875207,0.00028156849994921684,0.08118295458386696,0.8298513621400588,0.6529783174875207,0.0,0.0
9460,9,133,4,M,0,0.17019595484532346,0.10791885611499633,0.1,0.10791885611499633,0.0002634139370682742,0.08118295458386696,0.17019595484532346,0.10791885611499631,0.0,0.0
9461,9,133,4,M,1,0.8294717710240875,0.8920200127850477,0.9,0.8920200127850477,0.00026073173137933225,0.08118295458386696,0.8294717710240875,0.8920200127850477,0.0,0.0
9462,9,133,4,M,2,0.17356182852389826,0.34683692184648945,0.1,0.34683692184648945,0.00031510081957022984,0.08118295458386696,0.1735618285238983,0.3468369218464895,0.0,0.0
9463,9,133,4,M,3,0.8298513621400588,0.6529783174875207,0.64,0.6529783174875207,0.00028156849994921684,0.08118295458386696,0.8298513621400588,0.6529783174875207,0.0,0.0
9464,9,134,4,M,0,0.17019595484532346,0.10791885611499631,0.1,0.10791885611499631,0.0002634139370682742,0.08118295458386696,0.17019595484532343,0.10791885611499631,0.0,0.0
9465,9,134,4,M,1,0.8294717710240875,0.8920200127850477,0.9,0.8920200127850477,0.00026073173137933225,0.08118295458386696,0.8294717710240875,0.8920200127850476,0.0,0.0
9466,9,134,4,M,2,0.1735618285238983,0.3468369218464895,0.1,0.3468369218464895,0.00031510081957022984,0.08118295458386696,0.17356182852389826,0.34683692184648945,0.0,0.0
9467,9,134,4,M,3,0.8298513621400588,0.6529783174875207,0.64,0.6529783174875207,0.00028156849994921684,0.08118295458386696,0.8298513621400587,0.6529783174875207,0.0,0.0
9468,9,135,4,M,0,0.17019595484532343,0.10791885611499631,0.1,0.10791885611499631,0.0002634139370682742,0.08118295458386696,0.17019595484532346,0.10791885611499633,0.0,0.0
9469,9,135,4,M,1,0.8294717710240875,0.8920200127850476,0.9,0.8920200127850476,0.00026073173137933225,0.08118295458386696,0.8294717710240875,0.8920200127850477,0.0,0.0
9470,9,135,4,M,2,0.17356182852389826,0.34683692184648945,0.1,0.34683692184648945,0.00031510081957022984,0.08118295458386696,0.17356182852389826,0.34683692184648945,0.0,0.0
9471,9,135,4,M,3,0.8298513621400587,0.6529783174875207,0.64,0.6529783174875207,0.00028156849994921684,0.08118295458386696,0.8298513621400588,0.6529783174875207,0.0,0.0
9472,9,136,4,M,0,0.17019595484532346,0.10791885611499633,0.1,0.10791885611499633,0.0002634139370682742,0.08118295458386696,0.17019595484532346,0.10791885611499631,0.0,0.0
9473,9,136,4,M,1,0.8294717710240875,0.8920200127850477,0.9,0.8920200127850477,0.00026073173137933225,0.08118295458386696,0.8294717710240875,0.8920200127850477,0.0,0.0
9474,9,136,4,M,2,0.17356182852389826,0.34683692184648945,0.1,0.34683692184648945,0.00031510081957022984,0.08118295458386696,0.1735618285238983,0.3468369218464895,0.0,0.0
9475,9,136,4,M,3,0.8298513621400588,0.6529783174875207,0.64,0.6529783174875207,0.00028156849994921684,0.08118295458386696,0.8298513621400588,0.6529783174875207,0.0,0.0
9476,9,137,4,M,0,0.17019595484532346,0.10791885611499631,0.1,0.10791885611499631,0.0002634139370682742,0.08118295458386696,0.17019595484532343,0.10791885611499631,0.0,0.0
9477,9,137,4,M,1,0.8294717710240875,0.8920200127850477,0.9,0.8920200127850477,0.00026073173137933225,0.08118295458386696,0.8294717710240875,0.8920200127850476,0.0,0.0
9478,9,137,4,M,2,0.1735618285238983,0.3468369218464895,0.1,0.3468369218464895,0.00031510081957022984,0.08118295458386696,0.17356182852389826,0.34683692184648945,0.0,0.0
9479,9,137,4,M,3,0.8298513621400588,0.6529783174875207,0.64,0.6529783174875207,0.00028156849994921684,0.08118295458386696,0.8298513621400587,0.6529783174875207,0.0,0.0
9480,9,138,4,M,0,0.17019595484532343,0.10791885611499631,0.1,0.10791885611499631,0.0002634139370682742,0.08118295458386696,0.17019595484532346,0.10791885611499633,0.0,0.0
9481,9,138,4,M,1,0.8294717710240875,0.8920200127850476,0.9,0.8920200127850476,0.00026073173137933225,0.08118295458386696,0.8294717710240875,0.8920200127850477,0.0,0.0
9482,9,138,4,M,2,0.17356182852389826,0.34683692184648945,0.1,0.34683692184648945,0.00031510081957022984,0.08118295458386696,0.17356182852389826,0.34683692184648945,0.0,0.0
9483,9,138,4,M,3,0.8298513621400587,0.6529783174875207,0.64,0.6529783174875207,0.00028156849994921684,0.08118295458386696,0.8298513621400588,0.6529783174875207,0.0,0.0
9484,9,139,4,M,0,0.17019595484532346,0.10791885611499633,0.1,0.10791885611499633,0.0002634139370682742,0.08118295458386696,0.17019595484532346,0.10791885611499631,0.0,0.0
9485,9,139,4,M,1,0.8294717710240875,0.8920200127850477,0.9,0.8920200127850477,0.00026073173137933225,0.08118295458386696,0.8294717710240875,0.8920200127850477,0.0,0.0
9486,9,139,4,M,2,0.17356182852389826,0.34683692184648945,0.1,0.34683692184648945,0.00031510081957022984,0.08118295458386696,0.1735618285238983,0.3468369218464895,0.0,0.0
9487,9,139,4,M,3,0.8298513621400588,0.6529783174875207,0.64,0.6529783174875207,0.00028156849994921684,0.08118295458386696,0.8298513621400588,0.6529783174875207,0.0,0.0
9488,9,140,4,M,0,0.17019595484532346,0.10791885611499631,0.1,0.10791885611499631,0.0002634139370682742,0.08118295458386696,0.17019595484532343,0.10791885611499631,0.0,0.0
9489,9,140,4,M,1,0.8294717710240875,0.8920200127850477,0.9,0.8920200127850477,0.00026073173137933225,0.08118295458386696,0.8294717710240875,0.8920200127850476,0.0,0.0
9490,9,140,4,M,2,0.1735618285238983,0.3468369218464895,0.1,0.3468369218464895,0.00031510081957022984,0.08118295458386696,0.17356182852389826,0.34683692184648945,0.0,0.0
9491,9,140,4,M,3,0.8298513621400588,0.6529783174875207,0.64,0.6529783174875207,0.00028156849994921684,0.08118295458386696,0.8298513621400587,0.6529783174875207,0.0,0.0
9492,9,141,4,M,0,0.17019595484532343,0.10791885611499631,0.1,0.10791885611499631,0.0002634139370682742,0.08118295458386696,0.17019595484532346,0.10791885611499633,0.0,0.0
9493,9,141,4,M,1,0.8294717710240875,0.8920200127850476,0.9,0.8920200127850476,0.00026073173137933225,0.08118295458386696,0.8294717710240875,0.8920200127850477,0.0,0.0
9494,9,141,4,M,2,0.17356182852389826,0.34683692184648945,0.1,0.34683692184648945,0.00031510081957022984,0.08118295458386696,0.17356182852389826,0.34683692184648945,0.0,0.0
9495,9,141,4,M,3,0.8298513621400587,0.6529783174875207,0.64,0.6529783174875207,0.00028156849994921684,0.08118295458386696,0.8298513621400588,0.6529783174875207,0.0,0.0
9496,9,142,4,M,0,0.17019595484532346,0.10791885611499633,0.1,0.10791885611499633,0.0002634139370682742,0.08118295458386696,0.17019595484532346,0.10791885611499631,0.0,0.0
9497,9,142,4,M,1,0.8294717710240875,0.8920200127850477,0.9,0.8920200127850477,0.00026073173137933225,0.08118295458386696,0.8294717710240875,0.8920200127850477,0.0,0.0
9498,9,142,4,M,2,0.17356182852389826,0.34683692184648945,0.1,0.34683692184648945,0.00031510081957022984,0.08118295458386696,0.1735618285238983,0.3468369218464895,0.0,0.0
9499,9,142,4,M,3,0.8298513621400588,0.6529783174875207,0.64,0.6529783174875207,0.00028156849994921684,0.08118295458386696,0.8298513621400588,0.6529783174875207,0.0,0.0
9500,9,143,4,M,0,0.17019595484532346,0.10791885611499631,0.1,0.10791885611499631,0.0002634139370682742,0.08118295458386696,0.17019595484532343,0.10791885611499631,0.0,0.0
9501,9,143,4,M,1,0.8294717710240875,0.8920200127850477,0.9,0.8920200127850477,0.00026073173137933225,0.08118295458386696,0.8294717710240875,0.8920200127850476,0.0,0.0
9502,9,143,4,M,2,0.1735618285238983,0.3468369218464895,0.1,0.3468369218464895,0.00031510081957022984,0.08118295458386696,0.17356182852389826,0.34683692184648945,0.0,0.0
9503,9,143,4,M,3,0.8298513621400588,0.6529783174875207,0.64,0.6529783174875207,0.00028156849994921684,0.08118295458386696,0.8298513621400587,0.6529783174875207,0.0,0.0
9504,9,144,4,M,0,0.17019595484532343,0.10791885611499631,0.1,0.10791885611499631,0.0002634139370682742,0.08118295458386696,0.17019595484532346,0.10791885611499633,0.0,0.0
9505,9,144,4,M,1,0.8294717710240875,0.8920200127850476,0.9,0.8920200127850476,0.00026073173137933225,0.08118295458386696,0.8294717710240875,0.8920200127850477,0.0,0.0
9506,9,144,4,M,2,0.17356182852389826,0.34683692184648945,0.1,0.34683692184648945,0.00031510081957022984,0.08118295458386696,0.17356182852389826,0.34683692184648945,0.0,0.0
9507,9,144,4,M,3,0.8298513621400587,0.6529783174875207,0.64,0.6529783174875207,0.00028156849994921684,0.08118295458386696,0.8298513621400588,0.6529783174875207,0.0,0.0
9508,9,145,4,M,0,0.17019595484532346,0.10791885611499633,0.1,0.10791885611499633,0.0002634139370682742,0.08118295458386696,0.17019595484532346,0.10791885611499631,0.0,0.0
9509,9,145,4,M,1,0.8294717710240875,0.8920200127850477,0.9,0.8920200127850477,0.00026073173137933225,0.08118295458386696,0.8294717710240875,0.8920200127850477,0.0,0.0
9510,9,145,4,M,2,0.17356182852389826,0.34683692184648945,0.1,0.34683692184648945,0.00031510081957022984,0.08118295458386696,0.1735618285238983,0.3468369218464895,0.0,0.0
9511,9,145,4,M,3,0.8298513621400588,0.6529783174875207,0.64,0.6529783174875207,0.00028156849994921684,0.08118295458386696,0.8298513621400588,0.6529783174875207,0.0,0.0
9512,9,146,4,M,0,0.17019595484532346,0.10791885611499631,0.1,0.10791885611499631,0.0002634139370682742,0.08118295458386696,0.17019595484532343,0.10791885611499631,0.0,0.0
9513,9,146,4,M,1,0.8294717710240875,0.8920200127850477,0.9,0.8920200127850477,0.00026073173137933225,0.08118295458386696,0.8294717710240875,0.8920200127850476,0.0,0.0
9514,9,146,4,M,2,0.1735618285238983,0.3468369218464895,0.1,0.3468369218464895,0.00031510081957022984,0.08118295458386696,0.17356182852389826,0.34683692184648945,0.0,0.0
9515,9,146,4,M,3,0.8298513621400588,0.6529783174875207,0.64,0.6529783174875207,0.00028156849994921684,0.08118295458386696,0.8298513621400587,0.6529783174875207,0.0,0.0
9516,9,147,4,M,0,0.17019595484532343,0.10791885611499631,0.1,0.10791885611499631,0.0002634139370682742,0.08118295458386696,0.17019595484532346,0.10791885611499633,0.0,0.0
9517,9,147,4,M,1,0.8294717710240875,0.8920200127850476,0.9,0.8920200127850476,0.00026073173137933225,0.08118295458386696,0.8294717710240875,0.8920200127850477,0.0,0.0
9518,9,147,4,M,2,0.17356182852389826,0.34683692184648945,0.1,0.34683692184648945,0.00031510081957022984,0.08118295458386696,0.17356182852389826,0.34683692184648945,0.0,0.0
9519,9,147,4,M,3,0.8298513621400587,0.6529783174875207,0.64,0.6529783174875207,0.00028156849994921684,0.08118295458386696,0.8298513621400588,0.6529783174875207,0.0,0.0
9520,9,148,4,M,0,0.17019595484532346,0.10791885611499633,0.1,0.10791885611499633,0.0002634139370682742,0.08118295458386696,0.17019595484532346,0.10791885611499631,0.0,0.0
9521,9,148,4,M,1,0.8294717710240875,0.8920200127850477,0.9,0.8920200127850477,0.00026073173137933225,0.08118295458386696,0.8294717710240875,0.8920200127850477,0.0,0.0
9522,9,148,4,M,2,0.17356182852389826,0.34683692184648945,0.1,0.34683692184648945,0.00031510081957022984,0.08118295458386696,0.1735618285238983,0.3468369218464895,0.0,0.0
9523,9,148,4,M,3,0.8298513621400588,0.6529783174875207,0.64,0.6529783174875207,0.00028156849994921684,0.08118295458386696,0.8298513621400588,0.6529783174875207,0.0,0.0
9524,9,149,4,M,0,0.17019595484532346,0.10791885611499631,0.1,0.10791885611499631,0.0002634139370682742,0.08118295458386696,0.17019595484532343,0.10791885611499631,0.0,0.0
9525,9,149,4,M,1,0.8294717710240875,0.8920200127850477,0.9,0.8920200127850477,0.00026073173137933225,0.08118295458386696,0.8294717710240875,0.8920200127850476,0.0,0.0
9526,9,149,4,M,2,0.1735618285238983,0.3468369218464895,0.1,0.3468369218464895,0.00031510081957022984,0.08118295458386696,0.17356182852389826,0.34683692184648945,0.0,0.0
9527,9,149,4,M,3,0.8298513621400588,0.6529783174875207,0.64,0.6529783174875207,0.00028156849994921684,0.08118295458386696,0.8298513621400587,0.6529783174875207,0.0,0.0
9528,9,150,4,M,0,0.17019595484532343,0.10791885611499631,0.1,0.10791885611499631,0.0002634139370682742,0.08118295458386696,0.17019595484532346,0.10791885611499633,0.0,0.0
9529,9,150,4,M,1,0.8294717710240875,0.8920200127850476,0.9,0.8920200127850476,0.00026073173137933225,0.08118295458386696,0.8294717710240875,0.8920200127850477,0.0,0.0
9530,9,150,4,M,2,0.17356182852389826,0.34683692184648945,0.1,0.34683692184648945,0.00031510081957022984,0.08118295458386696,0.17356182852389826,0.34683692184648945,0.0,0.0
9531,9,150,4,M,3,0.8298513621400587,0.6529783174875207,0.64,0.6529783174875207,0.00028156849994921684,0.08118295458386696,0.8298513621400588,0.6529783174875207,0.0,0.0
9532,9,151,4,M,0,0.17019595484532346,0.10791885611499633,0.1,0.10791885611499633,0.0002634139370682742,0.08118295458386696,0.17019595484532346,0.10791885611499631,0.0,0.0
9533,9,151,4,M,1,0.8294717710240875,0.8920200127850477,0.9,0.8920200127850477,0.00026073173137933225,0.08118295458386696,0.8294717710240875,0.8920200127850477,0.0,0.0
9534,9,151,4,M,2,0.17356182852389826,0.34683692184648945,0.1,0.34683692184648945,0.00031510081957022984,0.08118295458386696,0.1735618285238983,0.3468369218464895,0.0,0.0
9535,9,151,4,M,3,0.8298513621400588,0.6529783174875207,0.64,0.6529783174875207,0.00028156849994921684,0.08118295458386696,0.8298513621400588,0.6529783174875207,0.0,0.0
9536,9,152,4,M,0,0.17019595484532346,0.10791885611499631,0.1,0.10791885611499631,0.0002634139370682742,0.08118295458386696,0.17019595484532343,0.10791885611499631,0.0,0.0
9537,9,152,4,M,1,0.8294717710240875,0.8920200127850477,0.9,0.8920200127850477,0.00026073173137933225,0.08118295458386696,0.8294717710240875,0.8920200127850476,0.0,0.0
9538,9,152,4,M,2,0.1735618285238983,0.3468369218464895,0.1,0.3468369218464895,0.00031510081957022984,0.08118295458386696,0.17356182852389826,0.34683692184648945,0.0,0.0
9539,9,152,4,M,3,0.8298513621400588,0.6529783174875207,0.64,0.6529783174875207,0.00028156849994921684,0.08118295458386696,0.8298513621400587,0.6529783174875207,0.0,0.0
9540,9,153,4,M,0,0.17019595484532343,0.10791885611499631,0.1,0.10791885611499631,0.0002634139370682742,0.08118295458386696,0.17019595484532346,0.10791885611499633,0.0,0.0
9541,9,153,4,M,1,0.8294717710240875,0.8920200127850476,0.9,0.8920200127850476,0.00026073173137933225,0.08118295458386696,0.8294717710240875,0.8920200127850477,0.0,0.0
9542,9,153,4,M,2,0.17356182852389826,0.34683692184648945,0.1,0.34683692184648945,0.00031510081957022984,0.08118295458386696,0.17356182852389826,0.34683692184648945,0.0,0.0
9543,9,153,4,M,3,0.8298513621400587,0.6529783174875207,0.64,0.6529783174875207,0.00028156849994921684,0.08118295458386696,0.8298513621400588,0.6529783174875207,0.0,0.0
9544,9,154,4,M,0,0.17019595484532346,0.10791885611499633,0.1,0.10791885611499633,0.0002634139370682742,0.08118295458386696,0.17019595484532346,0.10791885611499631,0.0,0.0
9545,9,154,4,M,1,0.8294717710240875,0.8920200127850477,0.9,0.8920200127850477,0.00026073173137933225,0.08118295458386696,0.8294717710240875,0.8920200127850477,0.0,0.0
9546,9,154,4,M,2,0.17356182852389826,0.34683692184648945,0.1,0.34683692184648945,0.00031510081957022984,0.08118295458386696,0.1735618285238983,0.3468369218464895,0.0,0.0
9547,9,154,4,M,3,0.8298513621400588,0.6529783174875207,0.64,0.6529783174875207,0.00028156849994921684,0.08118295458386696,0.8298513621400588,0.6529783174875207,0.0,0.0
9548,9,155,4,M,0,0.17019595484532346,0.10791885611499631,0.1,0.10791885611499631,0.0002634139370682742,0.08118295458386696,0.17019595484532343,0.10791885611499631,0.0,0.0
9549,9,155,4,M,1,0.8294717710240875,0.8920200127850477,0.9,0.8920200127850477,0.00026073173137933225,0.08118295458386696,0.8294717710240875,0.8920200127850476,0.0,0.0
9550,9,155,4,M,2,0.1735618285238983,0.3468369218464895,0.1,0.3468369218464895,0.00031510081957022984,0.08118295458386696,0.17356182852389826,0.34683692184648945,0.0,0.0
9551,9,155,4,M,3,0.8298513621400588,0.6529783174875207,0.64,0.6529783174875207,0.00028156849994921684,0.08118295458386696,0.8298513621400587,0.6529783174875207,0.0,0.0
9552,9,156,4,M,0,0.17019595484532343,0.10791885611499631,0.1,0.10791885611499631,0.0002634139370682742,0.08118295458386696,0.17019595484532346,0.10791885611499633,0.0,0.0
9553,9,156,4,M,1,0.8294717710240875,0.8920200127850476,0.9,0.8920200127850476,0.00026073173137933225,0.08118295458386696,0.8294717710240875,0.8920200127850477,0.0,0.0
9554,9,156,4,M,2,0.17356182852389826,0.34683692184648945,0.1,0.34683692184648945,0.00031510081957022984,0.08118295458386696,0.17356182852389826,0.34683692184648945,0.0,0.0
9555,9,156,4,M,3,0.8298513621400587,0.6529783174875207,0.64,0.6529783174875207,0.00028156849994921684,0.08118295458386696,0.8298513621400588,0.6529783174875207,0.0,0.0
9556,9,157,4,M,0,0.17019595484532346,0.10791885611499633,0.1,0.10791885611499633,0.0002634139370682742,0.08118295458386696,0.17019595484532346,0.10791885611499631,0.0,0.0
9557,9,157,4,M,1,0.8294717710240875,0.8920200127850477,0.9,0.8920200127850477,0.00026073173137933225,0.08118295458386696,0.8294717710240875,0.8920200127850477,0.0,0.0
9558,9,157,4,M,2,0.17356182852389826,0.34683692184648945,0.1,0.34683692184648945,0.00031510081957022984,0.08118295458386696,0.1735618285238983,0.3468369218464895,0.0,0.0
9559,9,157,4,M,3,0.8298513621400588,0.6529783174875207,0.64,0.6529783174875207,0.00028156849994921684,0.08118295458386696,0.8298513621400588,0.6529783174875207,0.0,0.0
9560,9,158,4,M,0,0.17019595484532346,0.10791885611499631,0.1,0.10791885611499631,0.0002634139370682742,0.08118295458386696,0.17019595484532343,0.10791885611499631,0.0,0.0
9561,9,158,4,M,1,0.8294717710240875,0.8920200127850477,0.9,0.8920200127850477,0.00026073173137933225,0.08118295458386696,0.8294717710240875,0.8920200127850476,0.0,0.0
9562,9,158,4,M,2,0.1735618285238983,0.3468369218464895,0.1,0.3468369218464895,0.00031510081957022984,0.08118295458386696,0.17356182852389826,0.34683692184648945,0.0,0.0
9563,9,158,4,M,3,0.8298513621400588,0.6529783174875207,0.64,0.6529783174875207,0.00028156849994921684,0.08118295458386696,0.8298513621400587,0.6529783174875207,0.0,0.0
9564,9,159,4,M,0,0.17019595484532343,0.10791885611499631,0.1,0.10791885611499631,0.0002634139370682742,0.08118295458386696,0.17019595484532346,0.10791885611499633,0.0,0.0
9565,9,159,4,M,1,0.8294717710240875,0.8920200127850476,0.9,0.8920200127850476,0.00026073173137933225,0.08118295458386696,0.8294717710240875,0.8920200127850477,0.0,0.0
9566,9,159,4,M,2,0.17356182852389826,0.34683692184648945,0.1,0.34683692184648945,0.00031510081957022984,0.08118295458386696,0.17356182852389826,0.34683692184648945,0.0,0.0
9567,9,159,4,M,3,0.8298513621400587,0.6529783174875207,0.64,0.6529783174875207,0.00028156849994921684,0.08118295458386696,0.8298513621400588,0.6529783174875207,0.0,0.0
9568,9,160,4,M,0,0.17019595484532346,0.10791885611499633,0.1,0.10791885611499633,0.0002634139370682742,0.08118295458386696,0.17019595484532346,0.10791885611499631,0.0,0.0
9569,9,160,4,M,1,0.8294717710240875,0.8920200127850477,0.9,0.8920200127850477,0.00026073173137933225,0.08118295458386696,0.8294717710240875,0.8920200127850477,0.0,0.0
9570,9,160,4,M,2,0.17356182852389826,0.34683692184648945,0.1,0.34683692184648945,0.00031510081957022984,0.08118295458386696,0.1735618285238983,0.3468369218464895,0.0,0.0
9571,9,160,4,M,3,0.8298513621400588,0.6529783174875207,0.64,0.6529783174875207,0.00028156849994921684,0.08118295458386696,0.8298513621400588,0.6529783174875207,0.0,0.0
9572,9,161,4,M,0,0.17019595484532346,0.10791885611499631,0.1,0.10791885611499631,0.0002634139370682742,0.08118295458386696,0.17019595484532343,0.10791885611499631,0.0,0.0
9573,9,161,4,M,1,0.8294717710240875,0.8920200127850477,0.9,0.8920200127850477,0.00026073173137933225,0.08118295458386696,0.8294717710240875,0.8920200127850476,0.0,0.0
9574,9,161,4,M,2,0.1735618285238983,0.3468369218464895,0.1,0.3468369218464895,0.00031510081957022984,0.08118295458386696,0.17356182852389826,0.34683692184648945,0.0,0.0
9575,9,161,4,M,3,0.8298513621400588,0.6529783174875207,0.64,0.6529783174875207,0.00028156849994921684,0.08118295458386696,0.8298513621400587,0.6529783174875207,0.0,0.0
9576,9,162,4,M,0,0.17019595484532343,0.10791885611499631,0.1,0.10791885611499631,0.0002634139370682742,0.08118295458386696,0.17019595484532346,0.10791885611499633,0.0,0.0
9577,9,162,4,M,1,0.8294717710240875,0.8920200127850476,0.9,0.8920200127850476,0.00026073173137933225,0.08118295458386696,0.8294717710240875,0.8920200127850477,0.0,0.0
9578,9,162,4,M,2,0.17356182852389826,0.34683692184648945,0.1,0.34683692184648945,0.00031510081957022984,0.08118295458386696,0.17356182852389826,0.34683692184648945,0.0,0.0
9579,9,162,4,M,3,0.8298513621400587,0.6529783174875207,0.64,0.6529783174875207,0.00028156849994921684,0.08118295458386696,0.8298513621400588,0.6529783174875207,0.0,0.0
9580,9,163,4,M,0,0.17019595484532346,0.10791885611499633,0.1,0.10791885611499633,0.0002634139370682742,0.08118295458386696,0.17019595484532346,0.10791885611499631,0.0,0.0
9581,9,163,4,M,1,0.8294717710240875,0.8920200127850477,0.9,0.8920200127850477,0.00026073173137933225,0.08118295458386696,0.8294717710240875,0.8920200127850477,0.0,0.0
9582,9,163,4,M,2,0.17356182852389826,0.34683692184648945,0.1,0.34683692184648945,0.00031510081957022984,0.08118295458386696,0.1735618285238983,0.3468369218464895,0.0,0.0
9583,9,163,4,M,3,0.8298513621400588,0.6529783174875207,0.64,0.6529783174875207,0.00028156849994921684,0.08118295458386696,0.8298513621400588,0.6529783174875207,0.0,0.0
9584,9,164,4,M,0,0.17019595484532346,0.10791885611499631,0.1,0.10791885611499631,0.0002634139370682742,0.08118295458386696,0.17019595484532343,0.10791885611499631,0.0,0.0
9585,9,164,4,M,1,0.8294717710240875,0.8920200127850477,0.9,0.8920200127850477,0.00026073173137933225,0.08118295458386696,0.8294717710240875,0.8920200127850476,0.0,0.0
9586,9,164,4,M,2,0.1735618285238983,0.3468369218464895,0.1,0.3468369218464895,0.00031510081957022984,0.08118295458386696,0.17356182852389826,0.34683692184648945,0.0,0.0
9587,9,164,4,M,3,0.8298513621400588,0.6529783174875207,0.64,0.6529783174875207,0.00028156849994921684,0.08118295458386696,0.8298513621400587,0.6529783174875207,0.0,0.0
9588,9,165,4,M,0,0.17019595484532343,0.10791885611499631,0.1,0.10791885611499631,0.0002634139370682742,0.08118295458386696,0.17019595484532346,0.10791885611499633,0.0,0.0
9589,9,165,4,M,1,0.8294717710240875,0.8920200127850476,0.9,0.8920200127850476,0.00026073173137933225,0.08118295458386696,0.8294717710240875,0.8920200127850477,0.0,0.0
9590,9,165,4,M,2,0.17356182852389826,0.34683692184648945,0.1,0.34683692184648945,0.00031510081957022984,0.08118295458386696,0.17356182852389826,0.34683692184648945,0.0,0.0
9591,9,165,4,M,3,0.8298513621400587,0.6529783174875207,0.64,0.6529783174875207,0.00028156849994921684,0.08118295458386696,0.8298513621400588,0.6529783174875207,0.0,0.0
9592,9,166,4,M,0,0.17019595484532346,0.10791885611499633,0.1,0.10791885611499633,0.0002634139370682742,0.08118295458386696,0.17019595484532346,0.10791885611499631,0.0,0.0
9593,9,166,4,M,1,0.8294717710240875,0.8920200127850477,0.9,0.8920200127850477,0.00026073173137933225,0.08118295458386696,0.8294717710240875,0.8920200127850477,0.0,0.0
9594,9,166,4,M,2,0.17356182852389826,0.34683692184648945,0.1,0.34683692184648945,0.00031510081957022984,0.08118295458386696,0.1735618285238983,0.3468369218464895,0.0,0.0
9595,9,166,4,M,3,0.8298513621400588,0.6529783174875207,0.64,0.6529783174875207,0.00028156849994921684,0.08118295458386696,0.8298513621400588,0.6529783174875207,0.0,0.0
9596,9,167,4,M,0,0.17019595484532346,0.10791885611499631,0.1,0.10791885611499631,0.0002634139370682742,0.08118295458386696,0.17019595484532343,0.10791885611499631,0.0,0.0
9597,9,167,4,M,1,0.8294717710240875,0.8920200127850477,0.9,0.8920200127850477,0.00026073173137933225,0.08118295458386696,0.8294717710240875,0.8920200127850476,0.0,0.0
9598,9,167,4,M,2,0.1735618285238983,0.3468369218464895,0.1,0.3468369218464895,0.00031510081957022984,0.08118295458386696,0.17356182852389826,0.34683692184648945,0.0,0.0
9599,9,167,4,M,3,0.8298513621400588,0.6529783174875207,0.64,0.6529783174875207,0.00028156849994921684,0.08118295458386696,0.8298513621400587,0.6529783174875207,0.0,0.0
9600,9,168,4,M,0,0.17019595484532343,0.10791885611499631,0.1,0.10791885611499631,0.0002634139370682742,0.08118295458386696,0.17019595484532346,0.10791885611499633,0.0,0.0
9601,9,168,4,M,1,0.8294717710240875,0.8920200127850476,0.9,0.8920200127850476,0.00026073173137933225,0.08118295458386696,0.8294717710240875,0.8920200127850477,0.0,0.0
9602,9,168,4,M,2,0.17356182852389826,0.34683692184648945,0.1,0.34683692184648945,0.00031510081957022984,0.08118295458386696,0.17356182852389826,0.34683692184648945,0.0,0.0
9603,9,168,4,M,3,0.8298513621400587,0.6529783174875207,0.64,0.6529783174875207,0.00028156849994921684,0.08118295458386696,0.8298513621400588,0.6529783174875207,0.0,0.0
9604,9,169,4,M,0,0.17019595484532346,0.10791885611499633,0.1,0.10791885611499633,0.0002634139370682742,0.08118295458386696,0.17019595484532346,0.10791885611499631,0.0,0.0
9605,9,169,4,M,1,0.8294717710240875,0.8920200127850477,0.9,0.8920200127850477,0.00026073173137933225,0.08118295458386696,0.8294717710240875,0.8920200127850477,0.0,0.0
9606,9,169,4,M,2,0.17356182852389826,0.34683692184648945,0.1,0.34683692184648945,0.00031510081957022984,0.08118295458386696,0.1735618285238983,0.3468369218464895,0.0,0.0
9607,9,169,4,M,3,0.8298513621400588,0.6529783174875207,0.64,0.6529783174875207,0.00028156849994921684,0.08118295458386696,0.8298513621400588,0.6529783174875207,0.0,0.0
9608,9,170,4,M,0,0.17019595484532346,0.10791885611499631,0.1,0.10791885611499631,0.0002634139370682742,0.08118295458386696,0.17019595484532343,0.10791885611499631,0.0,0.0
9609,9,170,4,M,1,0.8294717710240875,0.8920200127850477,0.9,0.8920200127850477,0.00026073173137933225,0.08118295458386696,0.8294717710240875,0.8920200127850476,0.0,0.0
9610,9,170,4,M,2,0.1735618285238983,0.3468369218464895,0.1,0.3468369218464895,0.00031510081957022984,0.08118295458386696,0.17356182852389826,0.34683692184648945,0.0,0.0
9611,9,170,4,M,3,0.8298513621400588,0.6529783174875207,0.64,0.6529783174875207,0.00028156849994921684,0.08118295458386696,0.8298513621400587,0.6529783174875207,0.0,0.0
9612,9,171,4,M,0,0.17019595484532343,0.10791885611499631,0.1,0.10791885611499631,0.0002634139370682742,0.08118295458386696,0.17019595484532346,0.10791885611499633,0.0,0.0
9613,9,171,4,M,1,0.8294717710240875,0.8920200127850476,0.9,0.8920200127850476,0.00026073173137933225,0.08118295458386696,0.8294717710240875,0.8920200127850477,0.0,0.0
9614,9,171,4,M,2,0.17356182852389826,0.34683692184648945,0.1,0.34683692184648945,0.00031510081957022984,0.08118295458386696,0.17356182852389826,0.34683692184648945,0.0,0.0
9615,9,171,4,M,3,0.8298513621400587,0.6529783174875207,0.64,0.6529783174875207,0.00028156849994921684,0.08118295458386696,0.8298513621400588,0.6529783174875207,0.0,0.0
9616,9,172,4,M,0,0.17019595484532346,0.10791885611499633,0.1,0.10791885611499633,0.0002634139370682742,0.08118295458386696,0.17019595484532346,0.10791885611499631,0.0,0.0
9617,9,172,4,M,1,0.8294717710240875,0.8920200127850477,0.9,0.8920200127850477,0.00026073173137933225,0.08118295458386696,0.8294717710240875,0.8920200127850477,0.0,0.0
9618,9,172,4,M,2,0.17356182852389826,0.34683692184648945,0.1,0.34683692184648945,0.00031510081957022984,0.08118295458386696,0.1735618285238983,0.3468369218464895,0.0,0.0
9619,9,172,4,M,3,0.8298513621400588,0.6529783174875207,0.64,0.6529783174875207,0.00028156849994921684,0.08118295458386696,0.8298513621400588,0.6529783174875207,0.0,0.0
9620,9,173,4,M,0,0.17019595484532346,0.10791885611499631,0.1,0.10791885611499631,0.0002634139370682742,0.08118295458386696,0.17019595484532343,0.10791885611499631,0.0,0.0
9621,9,173,4,M,1,0.8294717710240875,0.8920200127850477,0.9,0.8920200127850477,0.00026073173137933225,0.08118295458386696,0.8294717710240875,0.8920200127850476,0.0,0.0
9622,9,173,4,M,2,0.1735618285238983,0.3468369218464895,0.1,0.3468369218464895,0.00031510081957022984,0.08118295458386696,0.17356182852389826,0.34683692184648945,0.0,0.0
9623,9,173,4,M,3,0.8298513621400588,0.6529783174875207,0.64,0.6529783174875207,0.00028156849994921684,0.08118295458386696,0.8298513621400587,0.6529783174875207,0.0,0.0
9624,9,174,4,M,0,0.17019595484532343,0.10791885611499631,0.1,0.10791885611499631,0.0002634139370682742,0.08118295458386696,0.17019595484532346,0.10791885611499633,0.0,0.0
9625,9,174,4,M,1,0.8294717710240875,0.8920200127850476,0.9,0.8920200127850476,0.00026073173137933225,0.08118295458386696,0.8294717710240875,0.8920200127850477,0.0,0.0
9626,9,174,4,M,2,0.17356182852389826,0.34683692184648945,0.1,0.34683692184648945,0.00031510081957022984,0.08118295458386696,0.17356182852389826,0.34683692184648945,0.0,0.0
9627,9,174,4,M,3,0.8298513621400587,0.6529783174875207,0.64,0.6529783174875207,0.00028156849994921684,0.08118295458386696,0.8298513621400588,0.6529783174875207,0.0,0.0
9628,9,175,4,M,0,0.17019595484532346,0.10791885611499633,0.1,0.10791885611499633,0.0002634139370682742,0.08118295458386696,0.17019595484532346,0.10791885611499631,0.0,0.0
9629,9,175,4,M,1,0.8294717710240875,0.8920200127850477,0.9,0.8920200127850477,0.00026073173137933225,0.08118295458386696,0.8294717710240875,0.8920200127850477,0.0,0.0
9630,9,175,4,M,2,0.17356182852389826,0.34683692184648945,0.1,0.34683692184648945,0.00031510081957022984,0.08118295458386696,0.1735618285238983,0.3468369218464895,0.0,0.0
9631,9,175,4,M,3,0.8298513621400588,0.6529783174875207,0.64,0.6529783174875207,0.00028156849994921684,0.08118295458386696,0.8298513621400588,0.6529783174875207,0.0,0.0
9632,9,176,4,M,0,0.17019595484532346,0.10791885611499631,0.1,0.10791885611499631,0.0002634139370682742,0.08118295458386696,0.17019595484532343,0.10791885611499631,0.0,0.0
9633,9,176,4,M,1,0.8294717710240875,0.8920200127850477,0.9,0.8920200127850477,0.00026073173137933225,0.08118295458386696,0.8294717710240875,0.8920200127850476,0.0,0.0
9634,9,176,4,M,2,0.1735618285238983,0.3468369218464895,0.1,0.3468369218464895,0.00031510081957022984,0.08118295458386696,0.17356182852389826,0.34683692184648945,0.0,0.0
9635,9,176,4,M,3,0.8298513621400588,0.6529783174875207,0.64,0.6529783174875207,0.00028156849994921684,0.08118295458386696,0.8298513621400587,0.6529783174875207,0.0,0.0
9636,9,177,4,M,0,0.17019595484532343,0.10791885611499631,0.1,0.10791885611499631,0.0002634139370682742,0.08118295458386696,0.17019595484532346,0.10791885611499633,0.0,0.0
9637,9,177,4,M,1,0.8294717710240875,0.8920200127850476,0.9,0.8920200127850476,0.00026073173137933225,0.08118295458386696,0.8294717710240875,0.8920200127850477,0.0,0.0
9638,9,177,4,M,2,0.17356182852389826,0.34683692184648945,0.1,0.34683692184648945,0.00031510081957022984,0.08118295458386696,0.17356182852389826,0.34683692184648945,0.0,0.0
9639,9,177,4,M,3,0.8298513621400587,0.6529783174875207,0.64,0.6529783174875207,0.00028156849994921684,0.08118295458386696,0.8298513621400588,0.6529783174875207,0.0,0.0
9640,9,178,4,M,0,0.17019595484532346,0.10791885611499633,0.1,0.10791885611499633,0.0002634139370682742,0.08118295458386696,0.17019595484532346,0.10791885611499631,0.0,0.0
9641,9,178,4,M,1,0.8294717710240875,0.8920200127850477,0.9,0.8920200127850477,0.00026073173137933225,0.08118295458386696,0.8294717710240875,0.8920200127850477,0.0,0.0
9642,9,178,4,M,2,0.17356182852389826,0.34683692184648945,0.1,0.34683692184648945,0.00031510081957022984,0.08118295458386696,0.1735618285238983,0.3468369218464895,0.0,0.0
9643,9,178,4,M,3,0.8298513621400588,0.6529783174875207,0.64,0.6529783174875207,0.00028156849994921684,0.08118295458386696,0.8298513621400588,0.6529783174875207,0.0,0.0
9644,9,179,4,M,0,0.17019595484532346,0.10791885611499631,0.1,0.10791885611499631,0.0002634139370682742,0.08118295458386696,0.17019595484532343,0.10791885611499631,0.0,0.0
9645,9,179,4,M,1,0.8294717710240875,0.8920200127850477,0.9,0.8920200127850477,0.00026073173137933225,0.08118295458386696,0.8294717710240875,0.8920200127850476,0.0,0.0
9646,9,179,4,M,2,0.1735618285238983,0.3468369218464895,0.1,0.3468369218464895,0.00031510081957022984,0.08118295458386696,0.17356182852389826,0.34683692184648945,0.0,0.0
9647,9,179,4,M,3,0.8298513621400588,0.6529783174875207,0.64,0.6529783174875207,0.00028156849994921684,0.08118295458386696,0.8298513621400587,0.6529783174875207,0.0,0.0
9648,9,180,4,M,0,0.17019595484532343,0.10791885611499631,0.1,0.10791885611499631,0.0002634139370682742,0.08118295458386696,0.17019595484532346,0.10791885611499633,0.0,0.0
9649,9,180,4,M,1,0.8294717710240875,0.8920200127850476,0.9,0.8920200127850476,0.00026073173137933225,0.08118295458386696,0.8294717710240875,0.8920200127850477,0.0,0.0
9650,9,180,4,M,2,0.17356182852389826,0.34683692184648945,0.1,0.34683692184648945,0.00031510081957022984,0.08118295458386696,0.17356182852389826,0.34683692184648945,0.0,0.0
9651,9,180,4,M,3,0.8298513621400587,0.6529783174875207,0.64,0.6529783174875207,0.00028156849994921684,0.08118295458386696,0.8298513621400588,0.6529783174875207,0.0,0.0
9652,9,181,4,M,0,0.17019595484532346,0.10791885611499633,0.1,0.10791885611499633,0.0002634139370682742,0.08118295458386696,0.17019595484532346,0.10791885611499631,0.0,0.0
9653,9,181,4,M,1,0.8294717710240875,0.8920200127850477,0.9,0.8920200127850477,0.00026073173137933225,0.08118295458386696,0.8294717710240875,0.8920200127850477,0.0,0.0
9654,9,181,4,M,2,0.17356182852389826,0.34683692184648945,0.1,0.34683692184648945,0.00031510081957022984,0.08118295458386696,0.1735618285238983,0.3468369218464895,0.0,0.0
9655,9,181,4,M,3,0.8298513621400588,0.6529783174875207,0.64,0.6529783174875207,0.00028156849994921684,0.08118295458386696,0.8298513621400588,0.6529783174875207,0.0,0.0
9656,9,182,4,M,0,0.17019595484532346,0.10791885611499631,0.1,0.10791885611499631,0.0002634139370682742,0.08118295458386696,0.17019595484532343,0.10791885611499631,0.0,0.0
9657,9,182,4,M,1,0.8294717710240875,0.8920200127850477,0.9,0.8920200127850477,0.00026073173137933225,0.08118295458386696,0.8294717710240875,0.8920200127850476,0.0,0.0
9658,9,182,4,M,2,0.1735618285238983,0.3468369218464895,0.1,0.3468369218464895,0.00031510081957022984,0.08118295458386696,0.17356182852389826,0.34683692184648945,0.0,0.0
9659,9,182,4,M,3,0.8298513621400588,0.6529783174875207,0.64,0.6529783174875207,0.00028156849994921684,0.08118295458386696,0.8298513621400587,0.6529783174875207,0.0,0.0
9660,9,183,4,M,0,0.17019595484532343,0.10791885611499631,0.1,0.10791885611499631,0.0002634139370682742,0.08118295458386696,0.17019595484532346,0.10791885611499633,0.0,0.0
9661,9,183,4,M,1,0.8294717710240875,0.8920200127850476,0.9,0.8920200127850476,0.00026073173137933225,0.08118295458386696,0.8294717710240875,0.8920200127850477,0.0,0.0
9662,9,183,4,M,2,0.17356182852389826,0.34683692184648945,0.1,0.34683692184648945,0.00031510081957022984,0.08118295458386696,0.17356182852389826,0.34683692184648945,0.0,0.0
9663,9,183,4,M,3,0.8298513621400587,0.6529783174875207,0.64,0.6529783174875207,0.00028156849994921684,0.08118295458386696,0.8298513621400588,0.6529783174875207,0.0,0.0
9664,9,184,4,M,0,0.17019595484532346,0.10791885611499633,0.1,0.10791885611499633,0.0002634139370682742,0.08118295458386696,0.17019595484532346,0.10791885611499631,0.0,0.0
9665,9,184,4,M,1,0.8294717710240875,0.8920200127850477,0.9,0.8920200127850477,0.00026073173137933225,0.08118295458386696,0.8294717710240875,0.8920200127850477,0.0,0.0
9666,9,184,4,M,2,0.17356182852389826,0.34683692184648945,0.1,0.34683692184648945,0.00031510081957022984,0.08118295458386696,0.1735618285238983,0.3468369218464895,0.0,0.0
9667,9,184,4,M,3,0.8298513621400588,0.6529783174875207,0.64,0.6529783174875207,0.00028156849994921684,0.08118295458386696,0.8298513621400588,0.6529783174875207,0.0,0.0
9668,9,185,4,M,0,0.17019595484532346,0.10791885611499631,0.1,0.10791885611499631,0.0002634139370682742,0.08118295458386696,0.17019595484532343,0.10791885611499631,0.0,0.0
9669,9,185,4,M,1,0.8294717710240875,0.8920200127850477,0.9,0.8920200127850477,0.00026073173137933225,0.08118295458386696,0.8294717710240875,0.8920200127850476,0.0,0.0
9670,9,185,4,M,2,0.1735618285238983,0.3468369218464895,0.1,0.3468369218464895,0.00031510081957022984,0.08118295458386696,0.17356182852389826,0.34683692184648945,0.0,0.0
9671,9,185,4,M,3,0.8298513621400588,0.6529783174875207,0.64,0.6529783174875207,0.00028156849994921684,0.08118295458386696,0.8298513621400587,0.6529783174875207,0.0,0.0
9672,9,186,4,M,0,0.17019595484532343,0.10791885611499631,0.1,0.10791885611499631,0.0002634139370682742,0.08118295458386696,0.17019595484532346,0.10791885611499633,0.0,0.0
9673,9,186,4,M,1,0.8294717710240875,0.8920200127850476,0.9,0.8920200127850476,0.00026073173137933225,0.08118295458386696,0.8294717710240875,0.8920200127850477,0.0,0.0
9674,9,186,4,M,2,0.17356182852389826,0.34683692184648945,0.1,0.34683692184648945,0.00031510081957022984,0.08118295458386696,0.17356182852389826,0.34683692184648945,0.0,0.0
9675,9,186,4,M,3,0.8298513621400587,0.6529783174875207,0.64,0.6529783174875207,0.00028156849994921684,0.08118295458386696,0.8298513621400588,0.6529783174875207,0.0,0.0
9676,9,187,4,M,0,0.17019595484532346,0.10791885611499633,0.1,0.10791885611499633,0.0002634139370682742,0.08118295458386696,0.17019595484532346,0.10791885611499631,0.0,0.0
9677,9,187,4,M,1,0.8294717710240875,0.8920200127850477,0.9,0.8920200127850477,0.00026073173137933225,0.08118295458386696,0.8294717710240875,0.8920200127850477,0.0,0.0
9678,9,187,4,M,2,0.17356182852389826,0.34683692184648945,0.1,0.34683692184648945,0.00031510081957022984,0.08118295458386696,0.1735618285238983,0.3468369218464895,0.0,0.0
9679,9,187,4,M,3,0.8298513621400588,0.6529783174875207,0.64,0.6529783174875207,0.00028156849994921684,0.08118295458386696,0.8298513621400588,0.6529783174875207,0.0,0.0
9680,9,188,4,M,0,0.17019595484532346,0.10791885611499631,0.1,0.10791885611499631,0.0002634139370682742,0.08118295458386696,0.17019595484532343,0.10791885611499631,0.0,0.0
9681,9,188,4,M,1,0.8294717710240875,0.8920200127850477,0.9,0.8920200127850477,0.00026073173137933225,0.08118295458386696,0.8294717710240875,0.8920200127850476,0.0,0.0
9682,9,188,4,M,2,0.1735618285238983,0.3468369218464895,0.1,0.3468369218464895,0.00031510081957022984,0.08118295458386696,0.17356182852389826,0.34683692184648945,0.0,0.0
9683,9,188,4,M,3,0.8298513621400588,0.6529783174875207,0.64,0.6529783174875207,0.00028156849994921684,0.08118295458386696,0.8298513621400587,0.6529783174875207,0.0,0.0
9684,9,189,4,M,0,0.17019595484532343,0.10791885611499631,0.1,0.10791885611499631,0.0002634139370682742,0.08118295458386696,0.17019595484532346,0.10791885611499633,0.0,0.0
9685,9,189,4,M,1,0.8294717710240875,0.8920200127850476,0.9,0.8920200127850476,0.00026073173137933225,0.08118295458386696,0.8294717710240875,0.8920200127850477,0.0,0.0
9686,9,189,4,M,2,0.17356182852389826,0.34683692184648945,0.1,0.34683692184648945,0.00031510081957022984,0.08118295458386696,0.17356182852389826,0.34683692184648945,0.0,0.0
9687,9,189,4,M,3,0.8298513621400587,0.6529783174875207,0.64,0.6529783174875207,0.00028156849994921684,0.08118295458386696,0.8298513621400588,0.6529783174875207,0.0,0.0
9688,9,190,4,M,0,0.17019595484532346,0.10791885611499633,0.1,0.10791885611499633,0.0002634139370682742,0.08118295458386696,0.17019595484532346,0.10791885611499631,0.0,0.0
9689,9,190,4,M,1,0.8294717710240875,0.8920200127850477,0.9,0.8920200127850477,0.00026073173137933225,0.08118295458386696,0.8294717710240875,0.8920200127850477,0.0,0.0
9690,9,190,4,M,2,0.17356182852389826,0.34683692184648945,0.1,0.34683692184648945,0.00031510081957022984,0.08118295458386696,0.1735618285238983,0.3468369218464895,0.0,0.0
9691,9,190,4,M,3,0.8298513621400588,0.6529783174875207,0.64,0.6529783174875207,0.00028156849994921684,0.08118295458386696,0.8298513621400588,0.6529783174875207,0.0,0.0
9692,9,191,4,M,0,0.17019595484532346,0.10791885611499631,0.1,0.10791885611499631,0.0002634139370682742,0.08118295458386696,0.17019595484532343,0.10791885611499631,0.0,0.0
9693,9,191,4,M,1,0.8294717710240875,0.8920200127850477,0.9,0.8920200127850477,0.00026073173137933225,0.08118295458386696,0.8294717710240875,0.8920200127850476,0.0,0.0
9694,9,191,4,M,2,0.1735618285238983,0.3468369218464895,0.1,0.3468369218464895,0.00031510081957022984,0.08118295458386696,0.17356182852389826,0.34683692184648945,0.0,0.0
9695,9,191,4,M,3,0.8298513621400588,0.6529783174875207,0.64,0.6529783174875207,0.00028156849994921684,0.08118295458386696,0.8298513621400587,0.6529783174875207,0.0,0.0
9696,9,192,4,M,0,0.17019595484532343,0.10791885611499631,0.1,0.10791885611499631,0.0002634139370682742,0.08118295458386696,0.17019595484532346,0.10791885611499633,0.0,0.0
9697,9,192,4,M,1,0.8294717710240875,0.8920200127850476,0.9,0.8920200127850476,0.00026073173137933225,0.08118295458386696,0.8294717710240875,0.8920200127850477,0.0,0.0
9698,9,192,4,M,2,0.17356182852389826,0.34683692184648945,0.1,0.34683692184648945,0.00031510081957022984,0.08118295458386696,0.17356182852389826,0.34683692184648945,0.0,0.0
9699,9,192,4,M,3,0.8298513621400587,0.6529783174875207,0.64,0.6529783174875207,0.00028156849994921684,0.08118295458386696,0.8298513621400588,0.6529783174875207,0.0,0.0
9700,9,193,4,M,0,0.17019595484532346,0.10791885611499633,0.1,0.10791885611499633,0.0002634139370682742,0.08118295458386696,0.17019595484532346,0.10791885611499631,0.0,0.0
9701,9,193,4,M,1,0.8294717710240875,0.8920200127850477,0.9,0.8920200127850477,0.00026073173137933225,0.08118295458386696,0.8294717710240875,0.8920200127850477,0.0,0.0
9702,9,193,4,M,2,0.17356182852389826,0.34683692184648945,0.1,0.34683692184648945,0.00031510081957022984,0.08118295458386696,0.1735618285238983,0.3468369218464895,0.0,0.0
9703,9,193,4,M,3,0.8298513621400588,0.6529783174875207,0.64,0.6529783174875207,0.00028156849994921684,0.08118295458386696,0.8298513621400588,0.6529783174875207,0.0,0.0
9704,9,194,4,M,0,0.17019595484532346,0.10791885611499631,0.1,0.10791885611499631,0.0002634139370682742,0.08118295458386696,0.17019595484532343,0.10791885611499631,0.0,0.0
9705,9,194,4,M,1,0.8294717710240875,0.8920200127850477,0.9,0.8920200127850477,0.00026073173137933225,0.08118295458386696,0.8294717710240875,0.8920200127850476,0.0,0.0
9706,9,194,4,M,2,0.1735618285238983,0.3468369218464895,0.1,0.3468369218464895,0.00031510081957022984,0.08118295458386696,0.17356182852389826,0.34683692184648945,0.0,0.0
9707,9,194,4,M,3,0.8298513621400588,0.6529783174875207,0.64,0.6529783174875207,0.00028156849994921684,0.08118295458386696,0.8298513621400587,0.6529783174875207,0.0,0.0
9708,9,195,4,M,0,0.17019595484532343,0.10791885611499631,0.1,0.10791885611499631,0.0002634139370682742,0.08118295458386696,0.17019595484532346,0.10791885611499633,0.0,0.0
9709,9,195,4,M,1,0.8294717710240875,0.8920200127850476,0.9,0.8920200127850476,0.00026073173137933225,0.08118295458386696,0.8294717710240875,0.8920200127850477,0.0,0.0
9710,9,195,4,M,2,0.17356182852389826,0.34683692184648945,0.1,0.34683692184648945,0.00031510081957022984,0.08118295458386696,0.17356182852389826,0.34683692184648945,0.0,0.0
9711,9,195,4,M,3,0.8298513621400587,0.6529783174875207,0.64,0.6529783174875207,0.00028156849994921684,0.08118295458386696,0.8298513621400588,0.6529783174875207,0.0,0.0
9712,9,196,4,M,0,0.17019595484532346,0.10791885611499633,0.1,0.10791885611499633,0.0002634139370682742,0.08118295458386696,0.17019595484532346,0.10791885611499631,0.0,0.0
9713,9,196,4,M,1,0.8294717710240875,0.8920200127850477,0.9,0.8920200127850477,0.00026073173137933225,0.08118295458386696,0.8294717710240875,0.8920200127850477,0.0,0.0
9714,9,196,4,M,2,0.17356182852389826,0.34683692184648945,0.1,0.34683692184648945,0.00031510081957022984,0.08118295458386696,0.1735618285238983,0.3468369218464895,0.0,0.0
9715,9,196,4,M,3,0.8298513621400588,0.6529783174875207,0.64,0.6529783174875207,0.00028156849994921684,0.08118295458386696,0.8298513621400588,0.6529783174875207,0.0,0.0
9716,9,197,4,M,0,0.17019595484532346,0.10791885611499631,0.1,0.10791885611499631,0.0002634139370682742,0.08118295458386696,0.17019595484532343,0.10791885611499631,0.0,0.0
9717,9,197,4,M,1,0.8294717710240875,0.8920200127850477,0.9,0.8920200127850477,0.00026073173137933225,0.08118295458386696,0.8294717710240875,0.8920200127850476,0.0,0.0
9718,9,197,4,M,2,0.1735618285238983,0.3468369218464895,0.1,0.3468369218464895,0.00031510081957022984,0.08118295458386696,0.17356182852389826,0.34683692184648945,0.0,0.0
9719,9,197,4,M,3,0.8298513621400588,0.6529783174875207,0.64,0.6529783174875207,0.00028156849994921684,0.08118295458386696,0.8298513621400587,0.6529783174875207,0.0,0.0
9720,9,198,4,M,0,0.17019595484532343,0.10791885611499631,0.1,0.10791885611499631,0.0002634139370682742,0.08118295458386696,0.17019595484532346,0.10791885611499633,0.0,0.0
9721,9,198,4,M,1,0.8294717710240875,0.8920200127850476,0.9,0.8920200127850476,0.00026073173137933225,0.08118295458386696,0.8294717710240875,0.8920200127850477,0.0,0.0
9722,9,198,4,M,2,0.17356182852389826,0.34683692184648945,0.1,0.34683692184648945,0.00031510081957022984,0.08118295458386696,0.17356182852389826,0.34683692184648945,0.0,0.0
9723,9,198,4,M,3,0.8298513621400587,0.6529783174875207,0.64,0.6529783174875207,0.00028156849994921684,0.08118295458386696,0.8298513621400588,0.6529783174875207,0.0,0.0
9724,9,199,4,M,0,0.17019595484532346,0.10791885611499633,0.1,0.10791885611499633,0.0002634139370682742,0.08118295458386696,0.17019595484532346,0.10791885611499631,0.0,0.0
9725,9,199,4,M,1,0.8294717710240875,0.8920200127850477,0.9,0.8920200127850477,0.00026073173137933225,0.08118295458386696,0.8294717710240875,0.8920200127850477,0.0,0.0
9726,9,199,4,M,2,0.17356182852389826,0.34683692184648945,0.1,0.34683692184648945,0.00031510081957022984,0.08118295458386696,0.1735618285238983,0.3468369218464895,0.0,0.0
9727,9,199,4,M,3,0.8298513621400588,0.6529783174875207,0.64,0.6529783174875207,0.00028156849994921684,0.08118295458386696,0.8298513621400588,0.6529783174875207,0.0,0.0
9728,9,200,4,M,0,0.17019595484532346,0.10791885611499631,0.1,0.10791885611499631,0.0002634139370682742,0.08118295458386696,0.17019595484532343,0.10791885611499631,0.0,0.0
9729,9,200,4,M,1,0.8294717710240875,0.8920200127850477,0.9,0.8920200127850477,0.00026073173137933225,0.08118295458386696,0.8294717710240875,0.8920200127850476,0.0,0.0
9730,9,200,4,M,2,0.1735618285238983,0.3468369218464895,0.1,0.3468369218464895,0.00031510081957022984,0.08118295458386696,0.17356182852389826,0.34683692184648945,0.0,0.0
9731,9,200,4,M,3,0.8298513621400588,0.6529783174875207,0.64,0.6529783174875207,0.00028156849994921684,0.08118295458386696,0.8298513621400587,0.6529783174875207,0.0,0.0
9732,9,201,4,M,0,0.17019595484532343,0.10791885611499631,0.1,0.10791885611499631,0.0002634139370682742,0.08118295458386696,0.17019595484532346,0.10791885611499633,0.0,0.0
9733,9,201,4,M,1,0.8294717710240875,0.8920200127850476,0.9,0.8920200127850476,0.00026073173137933225,0.08118295458386696,0.8294717710240875,0.8920200127850477,0.0,0.0
9734,9,201,4,M,2,0.17356182852389826,0.34683692184648945,0.1,0.34683692184648945,0.00031510081957022984,0.08118295458386696,0.17356182852389826,0.34683692184648945,0.0,0.0
9735,9,201,4,M,3,0.8298513621400587,0.6529783174875207,0.64,0.6529783174875207,0.00028156849994921684,0.08118295458386696,0.8298513621400588,0.6529783174875207,0.0,0.0
9736,9,202,4,M,0,0.17019595484532346,0.10791885611499633,0.1,0.10791885611499633,0.0002634139370682742,0.08118295458386696,0.17019595484532346,0.10791885611499631,0.0,0.0
9737,9,202,4,M,1,0.8294717710240875,0.8920200127850477,0.9,0.8920200127850477,0.00026073173137933225,0.08118295458386696,0.8294717710240875,0.8920200127850477,0.0,0.0
9738,9,202,4,M,2,0.17356182852389826,0.34683692184648945,0.1,0.34683692184648945,0.00031510081957022984,0.08118295458386696,0.1735618285238983,0.3468369218464895,0.0,0.0
9739,9,202,4,M,3,0.8298513621400588,0.6529783174875207,0.64,0.6529783174875207,0.00028156849994921684,0.08118295458386696,0.8298513621400588,0.6529783174875207,0.0,0.0
9740,9,203,4,M,0,0.17019595484532346,0.10791885611499631,0.1,0.10791885611499631,0.0002634139370682742,0.08118295458386696,0.17019595484532343,0.10791885611499631,0.0,0.0
9741,9,203,4,M,1,0.8294717710240875,0.8920200127850477,0.9,0.8920200127850477,0.00026073173137933225,0.08118295458386696,0.8294717710240875,0.8920200127850476,0.0,0.0
9742,9,203,4,M,2,0.1735618285238983,0.3468369218464895,0.1,0.3468369218464895,0.00031510081957022984,0.08118295458386696,0.17356182852389826,0.34683692184648945,0.0,0.0
9743,9,203,4,M,3,0.8298513621400588,0.6529783174875207,0.64,0.6529783174875207,0.00028156849994921684,0.08118295458386696,0.8298513621400587,0.6529783174875207,0.0,0.0
9744,9,204,4,M,0,0.17019595484532343,0.10791885611499631,0.1,0.10791885611499631,0.0002634139370682742,0.08118295458386696,0.17019595484532346,0.10791885611499633,0.0,0.0
9745,9,204,4,M,1,0.8294717710240875,0.8920200127850476,0.9,0.8920200127850476,0.00026073173137933225,0.08118295458386696,0.8294717710240875,0.8920200127850477,0.0,0.0
9746,9,204,4,M,2,0.17356182852389826,0.34683692184648945,0.1,0.34683692184648945,0.00031510081957022984,0.08118295458386696,0.17356182852389826,0.34683692184648945,0.0,0.0
9747,9,204,4,M,3,0.8298513621400587,0.6529783174875207,0.64,0.6529783174875207,0.00028156849994921684,0.08118295458386696,0.8298513621400588,0.6529783174875207,0.0,0.0
9748,9,205,4,M,0,0.17019595484532346,0.10791885611499633,0.1,0.10791885611499633,0.0002634139370682742,0.08118295458386696,0.17019595484532346,0.10791885611499631,0.0,0.0
9749,9,205,4,M,1,0.8294717710240875,0.8920200127850477,0.9,0.8920200127850477,0.00026073173137933225,0.08118295458386696,0.8294717710240875,0.8920200127850477,0.0,0.0
9750,9,205,4,M,2,0.17356182852389826,0.34683692184648945,0.1,0.34683692184648945,0.00031510081957022984,0.08118295458386696,0.1735618285238983,0.3468369218464895,0.0,0.0
9751,9,205,4,M,3,0.8298513621400588,0.6529783174875207,0.64,0.6529783174875207,0.00028156849994921684,0.08118295458386696,0.8298513621400588,0.6529783174875207,0.0,0.0
9752,9,206,4,M,0,0.17019595484532346,0.10791885611499631,0.1,0.10791885611499631,0.0002634139370682742,0.08118295458386696,0.17019595484532343,0.10791885611499631,0.0,0.0
9753,9,206,4,M,1,0.8294717710240875,0.8920200127850477,0.9,0.8920200127850477,0.00026073173137933225,0.08118295458386696,0.8294717710240875,0.8920200127850476,0.0,0.0
9754,9,206,4,M,2,0.1735618285238983,0.3468369218464895,0.1,0.3468369218464895,0.00031510081957022984,0.08118295458386696,0.17356182852389826,0.34683692184648945,0.0,0.0
9755,9,206,4,M,3,0.8298513621400588,0.6529783174875207,0.64,0.6529783174875207,0.00028156849994921684,0.08118295458386696,0.8298513621400587,0.6529783174875207,0.0,0.0
9756,9,207,4,M,0,0.17019595484532343,0.10791885611499631,0.1,0.10791885611499631,0.0002634139370682742,0.08118295458386696,0.17019595484532346,0.10791885611499633,0.0,0.0
9757,9,207,4,M,1,0.8294717710240875,0.8920200127850476,0.9,0.8920200127850476,0.00026073173137933225,0.08118295458386696,0.8294717710240875,0.8920200127850477,0.0,0.0
9758,9,207,4,M,2,0.17356182852389826,0.34683692184648945,0.1,0.34683692184648945,0.00031510081957022984,0.08118295458386696,0.17356182852389826,0.34683692184648945,0.0,0.0
9759,9,207,4,M,3,0.8298513621400587,0.6529783174875207,0.64,0.6529783174875207,0.00028156849994921684,0.08118295458386696,0.8298513621400588,0.6529783174875207,0.0,0.0
9760,9,208,4,M,0,0.17019595484532346,0.10791885611499633,0.1,0.10791885611499633,0.0002634139370682742,0.08118295458386696,0.17019595484532346,0.10791885611499631,0.0,0.0
9761,9,208,4,M,1,0.8294717710240875,0.8920200127850477,0.9,0.8920200127850477,0.00026073173137933225,0.08118295458386696,0.8294717710240875,0.8920200127850477,0.0,0.0
9762,9,208,4,M,2,0.17356182852389826,0.34683692184648945,0.1,0.34683692184648945,0.00031510081957022984,0.08118295458386696,0.1735618285238983,0.3468369218464895,0.0,0.0
9763,9,208,4,M,3,0.8298513621400588,0.6529783174875207,0.64,0.6529783174875207,0.00028156849994921684,0.08118295458386696,0.8298513621400588,0.6529783174875207,0.0,0.0
9764,9,209,4,M,0,0.17019595484532346,0.10791885611499631,0.1,0.10791885611499631,0.0002634139370682742,0.08118295458386696,0.17019595484532343,0.10791885611499631,0.0,0.0
9765,9,209,4,M,1,0.8294717710240875,0.8920200127850477,0.9,0.8920200127850477,0.00026073173137933225,0.08118295458386696,0.8294717710240875,0.8920200127850476,0.0,0.0
9766,9,209,4,M,2,0.1735618285238983,0.3468369218464895,0.1,0.3468369218464895,0.00031510081957022984,0.08118295458386696,0.17356182852389826,0.34683692184648945,0.0,0.0
9767,9,209,4,M,3,0.8298513621400588,0.6529783174875207,0.64,0.6529783174875207,0.00028156849994921684,0.08118295458386696,0.8298513621400587,0.6529783174875207,0.0,0.0
9768,9,210,4,M,0,0.17019595484532343,0.10791885611499631,0.1,0.10791885611499631,0.0002634139370682742,0.08118295458386696,0.17019595484532346,0.10791885611499633,0.0,0.0
9769,9,210,4,M,1,0.8294717710240875,0.8920200127850476,0.9,0.8920200127850476,0.00026073173137933225,0.08118295458386696,0.8294717710240875,0.8920200127850477,0.0,0.0
9770,9,210,4,M,2,0.17356182852389826,0.34683692184648945,0.1,0.34683692184648945,0.00031510081957022984,0.08118295458386696,0.17356182852389826,0.34683692184648945,0.0,0.0
9771,9,210,4,M,3,0.8298513621400587,0.6529783174875207,0.64,0.6529783174875207,0.00028156849994921684,0.08118295458386696,0.8298513621400588,0.6529783174875207,0.0,0.0
9772,9,211,4,M,0,0.17019595484532346,0.10791885611499633,0.1,0.10791885611499633,0.0002634139370682742,0.08118295458386696,0.17019595484532346,0.10791885611499631,0.0,0.0
9773,9,211,4,M,1,0.8294717710240875,0.8920200127850477,0.9,0.8920200127850477,0.00026073173137933225,0.08118295458386696,0.8294717710240875,0.8920200127850477,0.0,0.0
9774,9,211,4,M,2,0.17356182852389826,0.34683692184648945,0.1,0.34683692184648945,0.00031510081957022984,0.08118295458386696,0.1735618285238983,0.3468369218464895,0.0,0.0
9775,9,211,4,M,3,0.8298513621400588,0.6529783174875207,0.64,0.6529783174875207,0.00028156849994921684,0.08118295458386696,0.8298513621400588,0.6529783174875207,0.0,0.0
9776,9,212,4,M,0,0.17019595484532346,0.10791885611499631,0.1,0.10791885611499631,0.0002634139370682742,0.08118295458386696,0.17019595484532343,0.10791885611499631,0.0,0.0
9777,9,212,4,M,1,0.8294717710240875,0.8920200127850477,0.9,0.8920200127850477,0.00026073173137933225,0.08118295458386696,0.8294717710240875,0.8920200127850476,0.0,0.0
9778,9,212,4,M,2,0.1735618285238983,0.3468369218464895,0.1,0.3468369218464895,0.00031510081957022984,0.08118295458386696,0.17356182852389826,0.34683692184648945,0.0,0.0
9779,9,212,4,M,3,0.8298513621400588,0.6529783174875207,0.64,0.6529783174875207,0.00028156849994921684,0.08118295458386696,0.8298513621400587,0.6529783174875207,0.0,0.0
9780,9,213,4,M,0,0.17019595484532343,0.10791885611499631,0.1,0.10791885611499631,0.0002634139370682742,0.08118295458386696,0.17019595484532346,0.10791885611499633,0.0,0.0
9781,9,213,4,M,1,0.8294717710240875,0.8920200127850476,0.9,0.8920200127850476,0.00026073173137933225,0.08118295458386696,0.8294717710240875,0.8920200127850477,0.0,0.0
9782,9,213,4,M,2,0.17356182852389826,0.34683692184648945,0.1,0.34683692184648945,0.00031510081957022984,0.08118295458386696,0.17356182852389826,0.34683692184648945,0.0,0.0
9783,9,213,4,M,3,0.8298513621400587,0.6529783174875207,0.64,0.6529783174875207,0.00028156849994921684,0.08118295458386696,0.8298513621400588,0.6529783174875207,0.0,0.0
9784,9,214,4,M,0,0.17019595484532346,0.10791885611499633,0.1,0.10791885611499633,0.0002634139370682742,0.08118295458386696,0.17019595484532346,0.10791885611499631,0.0,0.0
9785,9,214,4,M,1,0.8294717710240875,0.8920200127850477,0.9,0.8920200127850477,0.00026073173137933225,0.08118295458386696,0.8294717710240875,0.8920200127850477,0.0,0.0
9786,9,214,4,M,2,0.17356182852389826,0.34683692184648945,0.1,0.34683692184648945,0.00031510081957022984,0.08118295458386696,0.1735618285238983,0.3468369218464895,0.0,0.0
9787,9,214,4,M,3,0.8298513621400588,0.6529783174875207,0.64,0.6529783174875207,0.00028156849994921684,0.08118295458386696,0.8298513621400588,0.6529783174875207,0.0,0.0
9788,9,215,4,M,0,0.17019595484532346,0.10791885611499631,0.1,0.10791885611499631,0.0002634139370682742,0.08118295458386696,0.17019595484532343,0.10791885611499631,0.0,0.0
9789,9,215,4,M,1,0.8294717710240875,0.8920200127850477,0.9,0.8920200127850477,0.00026073173137933225,0.08118295458386696,0.8294717710240875,0.8920200127850476,0.0,0.0
9790,9,215,4,M,2,0.1735618285238983,0.3468369218464895,0.1,0.3468369218464895,0.00031510081957022984,0.08118295458386696,0.17356182852389826,0.34683692184648945,0.0,0.0
9791,9,215,4,M,3,0.8298513621400588,0.6529783174875207,0.64,0.6529783174875207,0.00028156849994921684,0.08118295458386696,0.8298513621400587,0.6529783174875207,0.0,0.0
9792,9,216,4,M,0,0.17019595484532343,0.10791885611499631,0.1,0.10791885611499631,0.0002634139370682742,0.08118295458386696,0.17019595484532346,0.10791885611499633,0.0,0.0
9793,9,216,4,M,1,0.8294717710240875,0.8920200127850476,0.9,0.8920200127850476,0.00026073173137933225,0.08118295458386696,0.8294717710240875,0.8920200127850477,0.0,0.0
9794,9,216,4,M,2,0.17356182852389826,0.34683692184648945,0.1,0.34683692184648945,0.00031510081957022984,0.08118295458386696,0.17356182852389826,0.34683692184648945,0.0,0.0
9795,9,216,4,M,3,0.8298513621400587,0.6529783174875207,0.64,0.6529783174875207,0.00028156849994921684,0.08118295458386696,0.8298513621400588,0.6529783174875207,0.0,0.0
9796,9,217,4,M,0,0.17019595484532346,0.10791885611499633,0.1,0.10791885611499633,0.0002634139370682742,0.08118295458386696,0.17019595484532346,0.10791885611499631,0.0,0.0
9797,9,217,4,M,1,0.8294717710240875,0.8920200127850477,0.9,0.8920200127850477,0.00026073173137933225,0.08118295458386696,0.8294717710240875,0.8920200127850477,0.0,0.0
9798,9,217,4,M,2,0.17356182852389826,0.34683692184648945,0.1,0.34683692184648945,0.00031510081957022984,0.08118295458386696,0.1735618285238983,0.3468369218464895,0.0,0.0
9799,9,217,4,M,3,0.8298513621400588,0.6529783174875207,0.64,0.6529783174875207,0.00028156849994921684,0.08118295458386696,0.8298513621400588,0.6529783174875207,0.0,0.0
9800,9,218,4,M,0,0.17019595484532346,0.10791885611499631,0.1,0.10791885611499631,0.0002634139370682742,0.08118295458386696,0.17019595484532343,0.10791885611499631,0.0,0.0
9801,9,218,4,M,1,0.8294717710240875,0.8920200127850477,0.9,0.8920200127850477,0.00026073173137933225,0.08118295458386696,0.8294717710240875,0.8920200127850476,0.0,0.0
9802,9,218,4,M,2,0.1735618285238983,0.3468369218464895,0.1,0.3468369218464895,0.00031510081957022984,0.08118295458386696,0.17356182852389826,0.34683692184648945,0.0,0.0
9803,9,218,4,M,3,0.8298513621400588,0.6529783174875207,0.64,0.6529783174875207,0.00028156849994921684,0.08118295458386696,0.8298513621400587,0.6529783174875207,0.0,0.0
9804,9,219,4,M,0,0.17019595484532343,0.10791885611499631,0.1,0.10791885611499631,0.0002634139370682742,0.08118295458386696,0.17019595484532346,0.10791885611499633,0.0,0.0
9805,9,219,4,M,1,0.8294717710240875,0.8920200127850476,0.9,0.8920200127850476,0.00026073173137933225,0.08118295458386696,0.8294717710240875,0.8920200127850477,0.0,0.0
9806,9,219,4,M,2,0.17356182852389826,0.34683692184648945,0.1,0.34683692184648945,0.00031510081957022984,0.08118295458386696,0.17356182852389826,0.34683692184648945,0.0,0.0
9807,9,219,4,M,3,0.8298513621400587,0.6529783174875207,0.64,0.6529783174875207,0.00028156849994921684,0.08118295458386696,0.8298513621400588,0.6529783174875207,0.0,0.0
9808,9,220,4,M,0,0.17019595484532346,0.10791885611499633,0.1,0.10791885611499633,0.0002634139370682742,0.08118295458386696,0.17019595484532346,0.10791885611499631,0.0,0.0
9809,9,220,4,M,1,0.8294717710240875,0.8920200127850477,0.9,0.8920200127850477,0.00026073173137933225,0.08118295458386696,0.8294717710240875,0.8920200127850477,0.0,0.0
9810,9,220,4,M,2,0.17356182852389826,0.34683692184648945,0.1,0.34683692184648945,0.00031510081957022984,0.08118295458386696,0.1735618285238983,0.3468369218464895,0.0,0.0
9811,9,220,4,M,3,0.8298513621400588,0.6529783174875207,0.64,0.6529783174875207,0.00028156849994921684,0.08118295458386696,0.8298513621400588,0.6529783174875207,0.0,0.0
9812,9,221,4,M,0,0.17019595484532346,0.10791885611499631,0.1,0.10791885611499631,0.0002634139370682742,0.08118295458386696,0.17019595484532343,0.10791885611499631,0.0,0.0
9813,9,221,4,M,1,0.8294717710240875,0.8920200127850477,0.9,0.8920200127850477,0.00026073173137933225,0.08118295458386696,0.8294717710240875,0.8920200127850476,0.0,0.0
9814,9,221,4,M,2,0.1735618285238983,0.3468369218464895,0.1,0.3468369218464895,0.00031510081957022984,0.08118295458386696,0.17356182852389826,0.34683692184648945,0.0,0.0
9815,9,221,4,M,3,0.8298513621400588,0.6529783174875207,0.64,0.6529783174875207,0.00028156849994921684,0.08118295458386696,0.8298513621400587,0.6529783174875207,0.0,0.0
9816,9,222,4,M,0,0.17019595484532343,0.10791885611499631,0.1,0.10791885611499631,0.0002634139370682742,0.08118295458386696,0.17019595484532346,0.10791885611499633,0.0,0.0
9817,9,222,4,M,1,0.8294717710240875,0.8920200127850476,0.9,0.8920200127850476,0.00026073173137933225,0.08118295458386696,0.8294717710240875,0.8920200127850477,0.0,0.0
9818,9,222,4,M,2,0.17356182852389826,0.34683692184648945,0.1,0.34683692184648945,0.00031510081957022984,0.08118295458386696,0.17356182852389826,0.34683692184648945,0.0,0.0
9819,9,222,4,M,3,0.8298513621400587,0.6529783174875207,0.64,0.6529783174875207,0.00028156849994921684,0.08118295458386696,0.8298513621400588,0.6529783174875207,0.0,0.0
9820,9,223,4,M,0,0.17019595484532346,0.10791885611499633,0.1,0.10791885611499633,0.0002634139370682742,0.08118295458386696,0.17019595484532346,0.10791885611499631,0.0,0.0
9821,9,223,4,M,1,0.8294717710240875,0.8920200127850477,0.9,0.8920200127850477,0.00026073173137933225,0.08118295458386696,0.8294717710240875,0.8920200127850477,0.0,0.0
9822,9,223,4,M,2,0.17356182852389826,0.34683692184648945,0.1,0.34683692184648945,0.00031510081957022984,0.08118295458386696,0.1735618285238983,0.3468369218464895,0.0,0.0
9823,9,223,4,M,3,0.8298513621400588,0.6529783174875207,0.64,0.6529783174875207,0.00028156849994921684,0.08118295458386696,0.8298513621400588,0.6529783174875207,0.0,0.0
9824,9,224,4,M,0,0.17019595484532346,0.10791885611499631,0.1,0.10791885611499631,0.0002634139370682742,0.08118295458386696,0.17019595484532343,0.10791885611499631,0.0,0.0
9825,9,224,4,M,1,0.8294717710240875,0.8920200127850477,0.9,0.8920200127850477,0.00026073173137933225,0.08118295458386696,0.8294717710240875,0.8920200127850476,0.0,0.0
9826,9,224,4,M,2,0.1735618285238983,0.3468369218464895,0.1,0.3468369218464895,0.00031510081957022984,0.08118295458386696,0.17356182852389826,0.34683692184648945,0.0,0.0
9827,9,224,4,M,3,0.8298513621400588,0.6529783174875207,0.64,0.6529783174875207,0.00028156849994921684,0.08118295458386696,0.8298513621400587,0.6529783174875207,0.0,0.0
9828,9,225,4,M,0,0.17019595484532343,0.10791885611499631,0.1,0.10791885611499631,0.0002634139370682742,0.08118295458386696,0.17019595484532346,0.10791885611499633,0.0,0.0
9829,9,225,4,M,1,0.8294717710240875,0.8920200127850476,0.9,0.8920200127850476,0.00026073173137933225,0.08118295458386696,0.8294717710240875,0.8920200127850477,0.0,0.0
9830,9,225,4,M,2,0.17356182852389826,0.34683692184648945,0.1,0.34683692184648945,0.00031510081957022984,0.08118295458386696,0.17356182852389826,0.34683692184648945,0.0,0.0
9831,9,225,4,M,3,0.8298513621400587,0.6529783174875207,0.64,0.6529783174875207,0.00028156849994921684,0.08118295458386696,0.8298513621400588,0.6529783174875207,0.0,0.0
9832,9,226,4,M,0,0.17019595484532346,0.10791885611499633,0.1,0.10791885611499633,0.0002634139370682742,0.08118295458386696,0.17019595484532346,0.10791885611499631,0.0,0.0
9833,9,226,4,M,1,0.8294717710240875,0.8920200127850477,0.9,0.8920200127850477,0.00026073173137933225,0.08118295458386696,0.8294717710240875,0.8920200127850477,0.0,0.0
9834,9,226,4,M,2,0.17356182852389826,0.34683692184648945,0.1,0.34683692184648945,0.00031510081957022984,0.08118295458386696,0.1735618285238983,0.3468369218464895,0.0,0.0
9835,9,226,4,M,3,0.8298513621400588,0.6529783174875207,0.64,0.6529783174875207,0.00028156849994921684,0.08118295458386696,0.8298513621400588,0.6529783174875207,0.0,0.0
9836,9,227,4,M,0,0.17019595484532346,0.10791885611499631,0.1,0.10791885611499631,0.0002634139370682742,0.08118295458386696,0.17019595484532343,0.10791885611499631,0.0,0.0
9837,9,227,4,M,1,0.8294717710240875,0.8920200127850477,0.9,0.8920200127850477,0.00026073173137933225,0.08118295458386696,0.8294717710240875,0.8920200127850476,0.0,0.0
9838,9,227,4,M,2,0.1735618285238983,0.3468369218464895,0.1,0.3468369218464895,0.00031510081957022984,0.08118295458386696,0.17356182852389826,0.34683692184648945,0.0,0.0
9839,9,227,4,M,3,0.8298513621400588,0.6529783174875207,0.64,0.6529783174875207,0.00028156849994921684,0.08118295458386696,0.8298513621400587,0.6529783174875207,0.0,0.0
9840,9,228,4,M,0,0.17019595484532343,0.10791885611499631,0.1,0.10791885611499631,0.0002634139370682742,0.08118295458386696,0.17019595484532346,0.10791885611499633,0.0,0.0
9841,9,228,4,M,1,0.8294717710240875,0.8920200127850476,0.9,0.8920200127850476,0.00026073173137933225,0.08118295458386696,0.8294717710240875,0.8920200127850477,0.0,0.0
9842,9,228,4,M,2,0.17356182852389826,0.34683692184648945,0.1,0.34683692184648945,0.00031510081957022984,0.08118295458386696,0.17356182852389826,0.34683692184648945,0.0,0.0
9843,9,228,4,M,3,0.8298513621400587,0.6529783174875207,0.64,0.6529783174875207,0.00028156849994921684,0.08118295458386696,0.8298513621400588,0.6529783174875207,0.0,0.0
9844,9,229,4,M,0,0.17019595484532346,0.10791885611499633,0.1,0.10791885611499633,0.0002634139370682742,0.08118295458386696,0.17019595484532346,0.10791885611499631,0.0,0.0
9845,9,229,4,M,1,0.8294717710240875,0.8920200127850477,0.9,0.8920200127850477,0.00026073173137933225,0.08118295458386696,0.8294717710240875,0.8920200127850477,0.0,0.0
9846,9,229,4,M,2,0.17356182852389826,0.34683692184648945,0.1,0.34683692184648945,0.00031510081957022984,0.08118295458386696,0.1735618285238983,0.3468369218464895,0.0,0.0
9847,9,229,4,M,3,0.8298513621400588,0.6529783174875207,0.64,0.6529783174875207,0.00028156849994921684,0.08118295458386696,0.8298513621400588,0.6529783174875207,0.0,0.0
9848,9,230,4,M,0,0.17019595484532346,0.10791885611499631,0.1,0.10791885611499631,0.0002634139370682742,0.08118295458386696,0.17019595484532343,0.10791885611499631,0.0,0.0
9849,9,230,4,M,1,0.8294717710240875,0.8920200127850477,0.9,0.8920200127850477,0.00026073173137933225,0.08118295458386696,0.8294717710240875,0.8920200127850476,0.0,0.0
9850,9,230,4,M,2,0.1735618285238983,0.3468369218464895,0.1,0.3468369218464895,0.00031510081957022984,0.08118295458386696,0.17356182852389826,0.34683692184648945,0.0,0.0
9851,9,230,4,M,3,0.8298513621400588,0.6529783174875207,0.64,0.6529783174875207,0.00028156849994921684,0.08118295458386696,0.8298513621400587,0.6529783174875207,0.0,0.0
9852,9,231,4,M,0,0.17019595484532343,0.10791885611499631,0.1,0.10791885611499631,0.0002634139370682742,0.08118295458386696,0.17019595484532346,0.10791885611499633,0.0,0.0
9853,9,231,4,M,1,0.8294717710240875,0.8920200127850476,0.9,0.8920200127850476,0.00026073173137933225,0.08118295458386696,0.8294717710240875,0.8920200127850477,0.0,0.0
9854,9,231,4,M,2,0.17356182852389826,0.34683692184648945,0.1,0.34683692184648945,0.00031510081957022984,0.08118295458386696,0.17356182852389826,0.34683692184648945,0.0,0.0
9855,9,231,4,M,3,0.8298513621400587,0.6529783174875207,0.64,0.6529783174875207,0.00028156849994921684,0.08118295458386696,0.8298513621400588,0.6529783174875207,0.0,0.0
9856,9,232,4,M,0,0.17019595484532346,0.10791885611499633,0.1,0.10791885611499633,0.0002634139370682742,0.08118295458386696,0.17019595484532346,0.10791885611499631,0.0,0.0
9857,9,232,4,M,1,0.8294717710240875,0.8920200127850477,0.9,0.8920200127850477,0.00026073173137933225,0.08118295458386696,0.8294717710240875,0.8920200127850477,0.0,0.0
9858,9,232,4,M,2,0.17356182852389826,0.34683692184648945,0.1,0.34683692184648945,0.00031510081957022984,0.08118295458386696,0.1735618285238983,0.3468369218464895,0.0,0.0
9859,9,232,4,M,3,0.8298513621400588,0.6529783174875207,0.64,0.6529783174875207,0.00028156849994921684,0.08118295458386696,0.8298513621400588,0.6529783174875207,0.0,0.0
9860,9,233,4,M,0,0.17019595484532346,0.10791885611499631,0.1,0.10791885611499631,0.0002634139370682742,0.08118295458386696,0.17019595484532343,0.10791885611499631,0.0,0.0
9861,9,233,4,M,1,0.8294717710240875,0.8920200127850477,0.9,0.8920200127850477,0.00026073173137933225,0.08118295458386696,0.8294717710240875,0.8920200127850476,0.0,0.0
9862,9,233,4,M,2,0.1735618285238983,0.3468369218464895,0.1,0.3468369218464895,0.00031510081957022984,0.08118295458386696,0.17356182852389826,0.34683692184648945,0.0,0.0
9863,9,233,4,M,3,0.8298513621400588,0.6529783174875207,0.64,0.6529783174875207,0.00028156849994921684,0.08118295458386696,0.8298513621400587,0.6529783174875207,0.0,0.0
9864,9,234,4,M,0,0.17019595484532343,0.10791885611499631,0.1,0.10791885611499631,0.0002634139370682742,0.08118295458386696,0.17019595484532346,0.10791885611499633,0.0,0.0
9865,9,234,4,M,1,0.8294717710240875,0.8920200127850476,0.9,0.8920200127850476,0.00026073173137933225,0.08118295458386696,0.8294717710240875,0.8920200127850477,0.0,0.0
9866,9,234,4,M,2,0.17356182852389826,0.34683692184648945,0.1,0.34683692184648945,0.00031510081957022984,0.08118295458386696,0.17356182852389826,0.34683692184648945,0.0,0.0
9867,9,234,4,M,3,0.8298513621400587,0.6529783174875207,0.64,0.6529783174875207,0.00028156849994921684,0.08118295458386696,0.8298513621400588,0.6529783174875207,0.0,0.0
9868,9,235,4,M,0,0.17019595484532346,0.10791885611499633,0.1,0.10791885611499633,0.0002634139370682742,0.08118295458386696,0.17019595484532346,0.10791885611499631,0.0,0.0
9869,9,235,4,M,1,0.8294717710240875,0.8920200127850477,0.9,0.8920200127850477,0.00026073173137933225,0.08118295458386696,0.8294717710240875,0.8920200127850477,0.0,0.0
9870,9,235,4,M,2,0.17356182852389826,0.34683692184648945,0.1,0.34683692184648945,0.00031510081957022984,0.08118295458386696,0.1735618285238983,0.3468369218464895,0.0,0.0
9871,9,235,4,M,3,0.8298513621400588,0.6529783174875207,0.64,0.6529783174875207,0.00028156849994921684,0.08118295458386696,0.8298513621400588,0.6529783174875207,0.0,0.0
9872,9,236,4,M,0,0.17019595484532346,0.10791885611499631,0.1,0.10791885611499631,0.0002634139370682742,0.08118295458386696,0.17019595484532343,0.10791885611499631,0.0,0.0
9873,9,236,4,M,1,0.8294717710240875,0.8920200127850477,0.9,0.8920200127850477,0.00026073173137933225,0.08118295458386696,0.8294717710240875,0.8920200127850476,0.0,0.0
9874,9,236,4,M,2,0.1735618285238983,0.3468369218464895,0.1,0.3468369218464895,0.00031510081957022984,0.08118295458386696,0.17356182852389826,0.34683692184648945,0.0,0.0
9875,9,236,4,M,3,0.8298513621400588,0.6529783174875207,0.64,0.6529783174875207,0.00028156849994921684,0.08118295458386696,0.8298513621400587,0.6529783174875207,0.0,0.0
9876,9,237,4,M,0,0.17019595484532343,0.10791885611499631,0.1,0.10791885611499631,0.0002634139370682742,0.08118295458386696,0.17019595484532346,0.10791885611499633,0.0,0.0
9877,9,237,4,M,1,0.8294717710240875,0.8920200127850476,0.9,0.8920200127850476,0.00026073173137933225,0.08118295458386696,0.8294717710240875,0.8920200127850477,0.0,0.0
9878,9,237,4,M,2,0.17356182852389826,0.34683692184648945,0.1,0.34683692184648945,0.00031510081957022984,0.08118295458386696,0.17356182852389826,0.34683692184648945,0.0,0.0
9879,9,237,4,M,3,0.8298513621400587,0.6529783174875207,0.64,0.6529783174875207,0.00028156849994921684,0.08118295458386696,0.8298513621400588,0.6529783174875207,0.0,0.0
9880,9,238,4,M,0,0.17019595484532346,0.10791885611499633,0.1,0.10791885611499633,0.0002634139370682742,0.08118295458386696,0.17019595484532346,0.10791885611499631,0.0,0.0
9881,9,238,4,M,1,0.8294717710240875,0.8920200127850477,0.9,0.8920200127850477,0.00026073173137933225,0.08118295458386696,0.8294717710240875,0.8920200127850477,0.0,0.0
9882,9,238,4,M,2,0.17356182852389826,0.34683692184648945,0.1,0.34683692184648945,0.00031510081957022984,0.08118295458386696,0.1735618285238983,0.3468369218464895,0.0,0.0
9883,9,238,4,M,3,0.8298513621400588,0.6529783174875207,0.64,0.6529783174875207,0.00028156849994921684,0.08118295458386696,0.8298513621400588,0.6529783174875207,0.0,0.0
9884,9,239,4,M,0,0.17019595484532346,0.10791885611499631,0.1,0.10791885611499631,0.0002634139370682742,0.08118295458386696,0.17019595484532343,0.10791885611499631,0.0,0.0
9885,9,239,4,M,1,0.8294717710240875,0.8920200127850477,0.9,0.8920200127850477,0.00026073173137933225,0.08118295458386696,0.8294717710240875,0.8920200127850476,0.0,0.0
9886,9,239,4,M,2,0.1735618285238983,0.3468369218464895,0.1,0.3468369218464895,0.00031510081957022984,0.08118295458386696,0.17356182852389826,0.34683692184648945,0.0,0.0
9887,9,239,4,M,3,0.8298513621400588,0.6529783174875207,0.64,0.6529783174875207,0.00028156849994921684,0.08118295458386696,0.8298513621400587,0.6529783174875207,0.0,0.0
9888,9,240,4,M,0,0.17019595484532343,0.10791885611499631,0.1,0.10791885611499631,0.0002634139370682742,0.08118295458386696,0.17019595484532346,0.10791885611499633,0.0,0.0
9889,9,240,4,M,1,0.8294717710240875,0.8920200127850476,0.9,0.8920200127850476,0.00026073173137933225,0.08118295458386696,0.8294717710240875,0.8920200127850477,0.0,0.0
9890,9,240,4,M,2,0.17356182852389826,0.34683692184648945,0.1,0.34683692184648945,0.00031510081957022984,0.08118295458386696,0.17356182852389826,0.34683692184648945,0.0,0.0
9891,9,240,4,M,3,0.8298513621400587,0.6529783174875207,0.64,0.6529783174875207,0.00028156849994921684,0.08118295458386696,0.8298513621400588,0.6529783174875207,0.0,0.0
9892,9,241,4,M,0,0.17019595484532346,0.10791885611499633,0.1,0.10791885611499633,0.0002634139370682742,0.08118295458386696,0.17019595484532346,0.10791885611499631,0.0,0.0
9893,9,241,4,M,1,0.8294717710240875,0.8920200127850477,0.9,0.8920200127850477,0.00026073173137933225,0.08118295458386696,0.8294717710240875,0.8920200127850477,0.0,0.0
9894,9,241,4,M,2,0.17356182852389826,0.34683692184648945,0.1,0.34683692184648945,0.00031510081957022984,0.08118295458386696,0.1735618285238983,0.3468369218464895,0.0,0.0
9895,9,241,4,M,3,0.8298513621400588,0.6529783174875207,0.64,0.6529783174875207,0.00028156849994921684,0.08118295458386696,0.8298513621400588,0.6529783174875207,0.0,0.0
9896,9,242,4,M,0,0.17019595484532346,0.10791885611499631,0.1,0.10791885611499631,0.0002634139370682742,0.08118295458386696,0.17019595484532343,0.10791885611499631,0.0,0.0
9897,9,242,4,M,1,0.8294717710240875,0.8920200127850477,0.9,0.8920200127850477,0.00026073173137933225,0.08118295458386696,0.8294717710240875,0.8920200127850476,0.0,0.0
9898,9,242,4,M,2,0.1735618285238983,0.3468369218464895,0.1,0.3468369218464895,0.00031510081957022984,0.08118295458386696,0.17356182852389826,0.34683692184648945,0.0,0.0
9899,9,242,4,M,3,0.8298513621400588,0.6529783174875207,0.64,0.6529783174875207,0.00028156849994921684,0.08118295458386696,0.8298513621400587,0.6529783174875207,0.0,0.0
9900,9,243,4,M,0,0.17019595484532343,0.10791885611499631,0.1,0.10791885611499631,0.0002634139370682742,0.08118295458386696,0.17019595484532346,0.10791885611499633,0.0,0.0
9901,9,243,4,M,1,0.8294717710240875,0.8920200127850476,0.9,0.8920200127850476,0.00026073173137933225,0.08118295458386696,0.8294717710240875,0.8920200127850477,0.0,0.0
9902,9,243,4,M,2,0.17356182852389826,0.34683692184648945,0.1,0.34683692184648945,0.00031510081957022984,0.08118295458386696,0.17356182852389826,0.34683692184648945,0.0,0.0
9903,9,243,4,M,3,0.8298513621400587,0.6529783174875207,0.64,0.6529783174875207,0.00028156849994921684,0.08118295458386696,0.8298513621400588,0.6529783174875207,0.0,0.0
9904,9,244,4,M,0,0.17019595484532346,0.10791885611499633,0.1,0.10791885611499633,0.0002634139370682742,0.08118295458386696,0.17019595484532346,0.10791885611499631,0.0,0.0
9905,9,244,4,M,1,0.8294717710240875,0.8920200127850477,0.9,0.8920200127850477,0.00026073173137933225,0.08118295458386696,0.8294717710240875,0.8920200127850477,0.0,0.0
9906,9,244,4,M,2,0.17356182852389826,0.34683692184648945,0.1,0.34683692184648945,0.00031510081957022984,0.08118295458386696,0.1735618285238983,0.3468369218464895,0.0,0.0
9907,9,244,4,M,3,0.8298513621400588,0.6529783174875207,0.64,0.6529783174875207,0.00028156849994921684,0.08118295458386696,0.8298513621400588,0.6529783174875207,0.0,0.0
9908,9,245,4,M,0,0.17019595484532346,0.10791885611499631,0.1,0.10791885611499631,0.0002634139370682742,0.08118295458386696,0.17019595484532343,0.10791885611499631,0.0,0.0
9909,9,245,4,M,1,0.8294717710240875,0.8920200127850477,0.9,0.8920200127850477,0.00026073173137933225,0.08118295458386696,0.8294717710240875,0.8920200127850476,0.0,0.0
9910,9,245,4,M,2,0.1735618285238983,0.3468369218464895,0.1,0.3468369218464895,0.00031510081957022984,0.08118295458386696,0.17356182852389826,0.34683692184648945,0.0,0.0
9911,9,245,4,M,3,0.8298513621400588,0.6529783174875207,0.64,0.6529783174875207,0.00028156849994921684,0.08118295458386696,0.8298513621400587,0.6529783174875207,0.0,0.0
9912,9,246,4,M,0,0.17019595484532343,0.10791885611499631,0.1,0.10791885611499631,0.0002634139370682742,0.08118295458386696,0.17019595484532346,0.10791885611499633,0.0,0.0
9913,9,246,4,M,1,0.8294717710240875,0.8920200127850476,0.9,0.8920200127850476,0.00026073173137933225,0.08118295458386696,0.8294717710240875,0.8920200127850477,0.0,0.0
9914,9,246,4,M,2,0.17356182852389826,0.34683692184648945,0.1,0.34683692184648945,0.00031510081957022984,0.08118295458386696,0.17356182852389826,0.34683692184648945,0.0,0.0
9915,9,246,4,M,3,0.8298513621400587,0.6529783174875207,0.64,0.6529783174875207,0.00028156849994921684,0.08118295458386696,0.8298513621400588,0.6529783174875207,0.0,0.0
9916,9,247,4,M,0,0.17019595484532346,0.10791885611499633,0.1,0.10791885611499633,0.0002634139370682742,0.08118295458386696,0.17019595484532346,0.10791885611499631,0.0,0.0
9917,9,247,4,M,1,0.8294717710240875,0.8920200127850477,0.9,0.8920200127850477,0.00026073173137933225,0.08118295458386696,0.8294717710240875,0.8920200127850477,0.0,0.0
9918,9,247,4,M,2,0.17356182852389826,0.34683692184648945,0.1,0.34683692184648945,0.00031510081957022984,0.08118295458386696,0.1735618285238983,0.3468369218464895,0.0,0.0
9919,9,247,4,M,3,0.8298513621400588,0.6529783174875207,0.64,0.6529783174875207,0.00028156849994921684,0.08118295458386696,0.8298513621400588,0.6529783174875207,0.0,0.0
